% Model:              Untitled.mph
% Version:            COMSOL 5.6.0.280
% Date:               Oct 6 2021, 16:48
% Dimension:          1
% Nodes:              1015
% Expressions:        1
% Description:        线图
% cln1x                   Height
49.2                      0.33788904206858655
49.21999999999992         0.33638841677911585
49.23999999999991         0.34023657651659356
49.259999999999906        0.34979288725922253
49.2799999999999          0.36575024053765637
49.2999999999999          0.38916247417191263
49.319999999999894        0.4214063662642886
49.339999999999876        0.4638364661287866
49.35999999999987         0.5164029222826857
49.37999999999987         0.5742791116006086
49.399999999999864        0.6264711398618209
49.41999999999985         0.664403303076499
49.43999999999984         0.6846972484012184
49.45999999999984         0.6905011636916447
49.47999999999982         0.6841779333129793
49.499999999999815        0.6631774401822851
49.519999999999825        0.6241990444463529
49.53999999999983         0.5705032152354684
49.55999999999981         0.510616420376738
49.57999999999979         0.45559615568007417
49.59999999999979         0.4103578545676055
49.61999999999979         0.3750088273306451
49.63999999999978         0.3482140796834823
49.65999999999977         0.32858493584622983
49.67999999999976         0.3150301489449963
49.699999999999775        0.3067969268626606
49.71999999999975         0.30344370757155537
49.739999999999746        0.30481312410613287
49.759999999999735        0.3110187022018855
49.77999999999973         0.32245552472932765
49.79999999999973         0.33982571947324314
49.81999999999972         0.36416452858399995
49.839999999999705        0.3968022250340057
49.85999999999971         0.4390283206842012
49.87999999999969         0.49075346697036715
49.89999999999969         0.54725708619497
49.91999999999969         0.5979162304457315
49.939999999999685        0.6346041328703044
49.959999999999695        0.6541943642873665
49.97999999999967         0.6598548292116787
49.99999999999967         0.6539435938644813
50.01999999999966         0.6340427711357727
50.03999999999966         0.5969315681401949
50.05999999999963         0.5457019536783972
50.07999999999962         0.48846503032474875
50.09999999999962         0.4358643919156627
50.11999999999961         0.39265130763053185
50.1399999999996          0.35893705562814376
50.1599999999996          0.33344223482467716
50.17999999999959         0.3148364341394061
50.19999999999959         0.30207584638490004
50.219999999999565        0.2944423611096434
50.23999999999957         0.2915173089238017
50.25999999999958         0.2931548547315001
50.27999999999956         0.299473372197272
50.299999999999564        0.31085802647336536
50.319999999999546        0.32799370282075285
50.339999999999534        0.35188613524048856
50.35999999999952         0.38382529286576594
50.37999999999953         0.4250579920795631
50.39999999999952         0.4754844018357178
50.41999999999951         0.5304919725801711
50.43999999999951         0.5797392752188645
50.4599999999995          0.6153663382298891
50.479999999999485        0.6343677731062262
50.499999999999496        0.6398634770054912
50.519999999999506        0.634165787206826
50.53999999999948         0.6148585094431427
50.559999999999484        0.5789897651211116
50.579999999999465        0.5293430570977855
50.59999999999946         0.47383428871635913
50.61999999999943         0.42281635551579827
50.639999999999425        0.3809199208109641
50.65999999999942         0.34825766113983136
50.67999999999942         0.3235884267395269
50.69999999999941         0.30562153502265527
50.71999999999941         0.2933450708067919
50.7399999999994          0.2860638225920635
50.759999999999394        0.2833737945022393
50.77999999999938         0.2851364554665091
50.79999999999938         0.2914688012135927
50.819999999999375        0.3027523294035501
50.839999999999364        0.31965952107037354
50.85999999999936         0.3431686995887664
50.87999999999935         0.37454233483735405
50.89999999999935         0.4149963552474453
50.91999999999935         0.4644254196482626
50.939999999999344        0.5183023844345975
50.95999999999935         0.5664989864172598
50.97999999999934         0.6013452455937461
50.99999999999934         0.6199185280122967
51.01999999999934         0.6252937558879149
51.039999999999324        0.6197447219541661
51.05999999999931         0.6009082454471405
51.07999999999932         0.5657454814442086
51.09999999999929         0.5173837142948773
51.11999999999929         0.4631356216461101
51.13999999999926         0.41327359750135645
51.159999999999265        0.3723357631281273
51.17999999999925         0.34043510808450284
51.19999999999925         0.31635873184473773
51.21999999999923         0.2988452590902085
51.23999999999922         0.28690617364004517
51.259999999999216        0.27986292127395895
51.27999999999921         0.27732200156559644
51.299999999999216        0.27914984541894766
51.31999999999921         0.285463192976437
51.339999999999186        0.29663799525093837
51.35999999999919         0.3133342133117753
51.37999999999918         0.3365165015358497
51.39999999999917         0.3674204735173017
51.41999999999917         0.407239696640569
51.43999999999916         0.45586586541951296
51.45999999999917         0.5088415093264422
51.47999999999916         0.5562078188141331
51.49999999999915         0.5904408077238248
51.51999999999914         0.6086796925593513
51.53999999999913         0.6139599253576966
51.55999999999914         0.6085225890840011
51.57999999999914         0.5900459297447759
51.59999999999913         0.5555361656791828
51.619999999999116        0.5080561819258004
51.6399999999991          0.45488283627993237
51.65999999999908         0.4058331748769671
51.679999999999076        0.3656409344153563
51.699999999999065        0.3343304178607946
51.719999999999075        0.3107108626733023
51.73999999999905         0.29354385409176453
51.75999999999907         0.2818591403083412
51.779999999999035        0.27499109088866736
51.799999999999045        0.2725542502740476
51.81999999999903         0.27441870718069794
51.83999999999902         0.28070071402141356
51.85999999999902         0.29177151935934936
51.879999999999           0.3082818122121801
51.899999999999004        0.3311869811539489
51.919999999999           0.36168914790619683
51.93999999999898         0.40097780124846194
51.959999999998985        0.4489379853027094
51.97999999999898         0.501170293954139
51.999999999998984        0.5478551125344461
52.019999999998994        0.5815863284524163
52.039999999998976        0.5995522454379426
52.05999999999897         0.6047543064263811
52.07999999999897         0.599405678656919
52.099999999998964        0.5812182057963003
52.119999999998946        0.5472362990468213
52.139999999998935        0.5004747169393301
52.159999999998924        0.448098073314928
52.179999999998905        0.399844939842425
52.19999999999889         0.3601962324355037
52.21999999999889         0.3293641135323727
52.23999999999886         0.3061135305616175
52.25999999999887         0.28922477498277105
52.27999999999887         0.27774244096254824
52.299999999998846        0.2710113608574506
52.31999999999886         0.2686525373072075
52.33999999999883         0.27053891176029193
52.35999999999885         0.27678617600218774
52.37999999999882         0.2877615438312712
52.39999999999882         0.3041079015177602
52.41999999999882         0.3267687157694385
52.43999999999881         0.3569542236977433
52.45999999999879         0.3958289054817829
52.4799999999988          0.44316333273113584
52.4999999999988          0.4947682194515295
52.51999999999882         0.5408799517111622
52.53999999999882         0.5741904281289788
52.55999999999881         0.5919283209251881
52.57999999999881         0.5970655963970846
52.59999999999879         0.5917916997982096
52.6199999999988          0.5738465808654553
52.63999999999878         0.5403064607016429
52.65999999999877         0.4941458840295494
52.67999999999875         0.4424352863777415
52.69999999999873         0.3947949734943637
52.71999999999872         0.3556769769724546
52.739999999998695        0.32522084498090237
52.75999999999871         0.3022782853302934
52.779999999998694        0.285621484371812
52.79999999999869         0.2743073892836489
52.819999999998686        0.267689532743987
52.83999999999866         0.26539427531960985
52.859999999998664        0.2672969021671274
52.879999999998674        0.27351259034717157
52.899999999998656        0.28440512753123515
52.91999999999866         0.3006108232316991
52.93999999999864         0.3230631263970206
52.95999999999864         0.3529591097424035
52.97999999999863         0.3914501074427835
52.999999999998614        0.4383922880476237
53.019999999998625        0.4893816649247248
53.03999999999863         0.5350098939065646
53.059999999998624        0.5679660180449867
53.079999999998634        0.5855124121512049
53.099999999998644        0.5905957690708867
53.119999999998626        0.5853854673442443
53.139999999998636        0.5676451146618693
53.159999999998604        0.5344773941456635
53.1799999999986          0.48882288881542035
53.19999999999856         0.43767230552123715
53.219999999998564        0.3905467332450441
53.23999999999853         0.35185401792064813
53.25999999999853         0.32173802519859146
53.27999999999852         0.2990470214965782
53.29999999999851         0.282584683074662
53.3199999999985          0.271409868834077
53.339999999998504        0.26488453973361903
53.359999999998486        0.26263949711580575
53.37999999999847         0.2645519212317591
53.399999999998485        0.2707364636897574
53.41999999999847         0.28155391446910877
53.43999999999846         0.29763490831456985
53.45999999999846         0.31990430881799653
53.47999999999847         0.3495479436033728
53.499999999998444        0.38770595661152135
53.51999999999846         0.43423439364884264
53.53999999999845         0.4847616556023627
53.55999999999847         0.5299784443998932
53.57999999999848         0.562629728093613
53.599999999998474        0.580011455840626
53.6199999999985          0.5850479748476871
53.639999999998466        0.5798908676050527
53.65999999999847         0.5623240651237628
53.679999999998444        0.5294740442324827
53.69999999999843         0.4842525926665888
53.71999999999839         0.43358301144793315
53.73999999999838         0.3869001752314058
53.759999999998364        0.34857307506404106
53.779999999998374        0.31874484955744425
53.79999999999834         0.2962746393067695
53.81999999999834         0.27997519215541483
53.83999999999833         0.2689209272075241
53.859999999998315        0.26247342131449647
53.87999999999832         0.26026947139072054
53.8999999999983          0.26218785377866477
53.919999999998296        0.2683427235737184
53.939999999998285        0.27909223468419686
53.95999999999828         0.2950620664805991
53.97999999999828         0.31716961225436785
53.99999999999827         0.3465909531048089
54.01999999999826         0.38445656662652083
54.03999999999828         0.4306225501037621
54.05999999999826         0.4807501873531138
54.079999999998286        0.5254741343792428
54.099999999998296        0.5579280770626066
54.1199999999983          0.5752280229372275
54.139999999998295        0.5802238244017998
54.15999999999829         0.5751126910712479
54.17999999999828         0.5576962660366704
54.19999999999826         0.5251220656203214
54.21999999999824         0.4802769366419569
54.23999999999821         0.4300258132408395
54.2599999999982          0.38372824163558544
54.279999999998175        0.3457191320443717
54.299999999998164        0.3161409449411508
54.31999999999816         0.29386229242571377
54.339999999998156        0.277705756733161
54.359999999998145        0.2667518076452053
54.379999999998134        0.2603724888121781
54.39999999999813         0.25820281272767576
54.41999999999813         0.26012459166946317
54.439999999998115        0.26625150699570493
54.459999999998104        0.27693936128958124
54.4799999999981          0.29280944329178277
54.49999999999809         0.31477254042627945
54.5199999999981          0.3439961332224312
54.53999999999809         0.3816022155386591
54.55999999999809         0.4274471088155041
54.57999999999811         0.4772216750524761
54.59999999999813         0.5216267368635484
54.61999999999812         0.5538474666955955
54.63999999999813         0.5710214902854397
54.65999999999812         0.5759835970716586
54.67999999999812         0.5709141954535086
54.699999999998106        0.5536314665823587
54.71999999999809         0.5213007457594729
54.73999999999806         0.4767867337681066
54.75999999999803         0.42690223898141577
54.77999999999802         0.38094136129132466
54.799999999998           0.34320977350435117
54.81999999999799         0.3138494678445363
54.83999999999798         0.29173730840715983
54.859999999997974        0.27570443828752583
54.87999999999796         0.2648380790296292
54.89999999999796         0.25851411472795566
54.91999999999795         0.25637289931807994
54.93999999999793         0.2582948259626031
54.95999999999793         0.264393937951606
54.979999999997936        0.27502389562372176
54.99999999999791         0.2908020395958231
55.01999999999792         0.3126332469701625
55.03999999999791         0.3416773302420113
55.059999999997906        0.37904875707225116
55.079999999997916        0.42460408348210504
55.09999999999791         0.4740604324382616
55.11999999999793         0.5181776285007652
55.13999999999795         0.5501874700941491
55.15999999999795         0.5672477745577608
55.17999999999794         0.5721776995739428
55.199999999997935        0.5671444699467335
55.21999999999793         0.5499802371390042
55.23999999999791         0.5178666996447105
55.25999999999789         0.4736487626330857
55.279999999997855        0.4240929892943014
55.29999999999784         0.3784341333275972
55.31999999999782         0.3409511250775332
55.33999999999781         0.3117854539432063
55.3599999999978          0.2898214281000897
55.37999999999778         0.2738979061650103
55.39999999999778         0.2631081804740903
55.41999999999778         0.2568323506047596
55.439999999997774        0.2547132666546427
55.45999999999776         0.25663309820467334
55.479999999997766        0.2627028571116798
55.49999999999775         0.2732767107107202
55.51999999999775         0.2889675112498748
55.539999999997754        0.31067469884922544
55.559999999997736        0.33955105377335876
55.57999999999774         0.37670416988546573
55.599999999997735        0.42199088953036207
55.619999999997745        0.471152490086625
55.63999999999776         0.5150030351614688
55.659999999997765        0.5468174105061419
55.67999999999779         0.5637719584770284
55.69999999999778         0.5686713583011377
55.71999999999777         0.5636713911110599
55.739999999997764        0.5466142821235997
55.75999999999774         0.5146998338103369
55.77999999999771         0.4707539892070626
55.799999999997695        0.4215011764049118
55.81999999999766         0.376120937181972
55.83999999999766         0.3388671028748267
55.85999999999763         0.30988061684547646
55.87999999999763         0.28805267841931254
55.89999999999761         0.27222928744742936
55.9199999999976          0.2615093425312024
55.9399999999976          0.2552768283000289
55.9599999999976          0.2531769049495885
55.97999999999758         0.2550925975829873
55.999999999997584        0.2611360428450984
56.01999999999757         0.2716545416084821
56.039999999997555        0.28726246614534645
56.059999999997565        0.30885251917902945
56.079999999997554        0.337570903386873
56.099999999997564        0.3745187968192983
56.11999999999755         0.4195534020658714
56.13999999999756         0.46843890594151405
56.159999999997574        0.5120403854420156
56.17999999999759         0.5436726016603303
56.19999999999759         0.5605290469330362
56.21999999999759         0.5654005376135068
56.2399999999976          0.5604313861459406
56.25999999999758         0.5435351328947315
56.27999999999757         0.5118733522687123
56.299999999997524        0.4680549780668874
56.319999999997506        0.4190837971866252
56.339999999997474        0.3739620641292044
56.359999999997456        0.33692053850405423
56.379999999997445        0.30809971334184205
56.39999999999743         0.28639718370123785
56.41999999999743         0.27066556574772244
56.43999999999743         0.2600089423700637
56.459999999997414        0.25381487498790345
56.47999999999742         0.2517306347930813
56.4999999999974          0.25364001666678
56.5199999999974          0.25965460822210795
56.5399999999974          0.27012196715456377
56.55999999999739         0.28564788420530196
56.57999999999738         0.30712321195511
56.59999999999738         0.3356891397491585
56.61999999999737         0.37243963016422804
56.63999999999738         0.41723229156582564
56.65999999999741         0.46585327192708503
56.67999999999741         0.5092164104752998
56.69999999999742         0.5406744696632734
56.719999999997434        0.5574372849605146
56.73999999999743         0.5622824577751258
56.759999999997426        0.5573434777980465
56.779999999997415        0.540544722574164
56.79999999999739         0.5090609303770338
56.81999999999736         0.4654906301518901
56.839999999997325        0.4167820252252267
56.85999999999731         0.37190558895081277
56.87999999999729         0.33506540133880575
56.89999999999727         0.3064016104387935
56.91999999999726         0.2848178514641644
56.939999999997255        0.269172984479224
56.959999999997244        0.25857598505262747
56.97999999999724         0.2524177841324843
56.99999999999724         0.2503476293651459
57.01999999999722         0.2522500278993735
57.03999999999723         0.2582360443571492
57.0599999999972          0.2686514085382201
57.07999999999721         0.2840987082356393
57.09999999999719         0.3054594485110444
57.119999999997184        0.3338827464343222
57.13999999999719         0.37044277177994545
57.159999999997204        0.41500220150100436
57.17999999999721         0.4633683438610971
57.19999999999723         0.5065019496362082
57.21999999999725         0.5377922524596571
57.23999999999725         0.5544646825967748
57.259999999997255        0.5592838836892204
57.27999999999725         0.5543725955834631
57.29999999999723         0.5376656600436751
57.319999999997215        0.5063514263646555
57.339999999997175        0.4630138628990111
57.359999999997136        0.41448294231114796
57.37999999999713         0.3698666969001819
57.39999999999709         0.3332791234353173
57.41999999999708         0.30476721257233746
57.43999999999708         0.2832982507649232
57.459999999997066        0.2677371824450351
57.47999999999707         0.25719774334468243
57.49999999999705         0.2510741382814604
57.519999999997054        0.2490175327802965
57.53999999999705         0.25091312652367176
57.55999999999704         0.25687150067389425
57.579999999997035        0.2672366565898981
57.59999999999704         0.2826080883323591
57.61999999999703         0.30386278470929345
57.63999999999702         0.33212183659222205
57.659999999997005        0.36852031658289264
57.679999999997015        0.4128548562407359
57.69999999999703         0.4609753799227487
57.71999999999706         0.5038879144379909
57.73999999999709         0.5350167624056577
57.75999999999709         0.5516023406579278
57.779999999997095        0.5563967469662615
57.79999999999708         0.5515124070672456
57.81999999999707         0.5348942618682032
57.83999999999705         0.5037436207559906
57.85999999999702         0.4606303844056252
57.879999999996976        0.41234857692502935
57.89999999999696         0.3679606039501578
57.91999999999693         0.3315381726195376
57.93999999999692         0.3031945829971172
57.959999999996896        0.28183616396587097
57.97999999999689         0.26635579961437433
57.99999999999689         0.25587179401349663
58.01999999999689         0.24978149296161745
58.03999999999688         0.24773789791792947
58.05999999999687         0.24962686240943513
58.07999999999686         0.2555584925766066
58.099999999996854        0.26587513791136247
58.11999999999685         0.28117331647148675
58.13999999999683         0.30232563112534294
58.15999999999685         0.33044757823176585
58.17999999999683         0.36661120601878744
58.19999999999685         0.41070591050108857
58.21999999999684         0.45866961752649515
58.23999999999686         0.5013696388464516
58.259999999996886        0.5323437240743447
58.279999999996896        0.5488466031875288
58.29999999999691         0.5536179450370083
58.319999999996895        0.5487603313609929
58.339999999996884        0.5322285348142273
58.35999999999686         0.5012360252071468
58.37999999999684         0.4583390348226896
58.399999999996794        0.41029660175063626
58.41999999999678         0.36612765388241136
58.439999999996736        0.3298849292616059
58.45999999999675         0.30167686400976257
58.47999999999672         0.2804290243821112
58.49999999999673         0.2650259604068909
58.51999999999671         0.2545949456040249
58.53999999999671         0.24853632745558166
58.55999999999669         0.24650485775776837
58.57999999999669         0.24838700378280826
58.59999999999668         0.2542923988628584
58.61999999999667         0.26456180114556754
58.63999999999667         0.2797888901184811
58.659999999996664        0.30084205065445146
58.67999999999666         0.32883138910131965
58.69999999999665         0.36482375507513554
58.71999999999667         0.4087088314947149
58.73999999999667         0.4564484571388148
58.75999999999671         0.4989371540276369
58.77999999999671         0.529760799410299
58.799999999996736        0.546182687859459
58.81999999999675         0.5509306226906391
58.839999999996735        0.5460973545611804
58.85999999999673         0.5296470807481606
58.8799999999967          0.49880587844817664
58.89999999999667         0.45611714399811354
58.91999999999662         0.4083068827998697
58.9399999999966          0.3643509653948867
58.95999999999657         0.32828300090716983
58.97999999999655         0.3002110749255852
58.99999999999655         0.2790671093561882
59.019999999996536        0.2637398790439049
59.039999999996525        0.253357975560197
59.05999999999653         0.24732980265872764
59.07999999999651         0.24530974671299063
59.09999999999652         0.2471848700420509
59.119999999996494        0.2530643380039782
59.1399999999965          0.26328735109178764
59.15999999999648         0.2784448364917467
59.179999999996475        0.29940109136314375
59.19999999999647         0.32726095977813
59.21999999999647         0.3630862187455585
59.23999999999648         0.40676687458962346
59.2599999999965          0.4542831111648758
59.27999999999653         0.4966947324160914
59.29999999999655         0.5272492842719894
59.31999999999656         0.5435929691477647
59.33999999999658         0.5483187100987758
59.35999999999657         0.5435097957760596
59.37999999999657         0.5271396309334412
59.399999999996524        0.49644620186621324
59.419999999996485        0.45396028249309045
59.43999999999644         0.4063753924488628
59.45999999999641         0.3626259751279439
59.479999999996394        0.3267273879224703
59.49999999999637         0.2987874265694291
59.51999999999638         0.2777430875477691
59.53999999999637         0.26248839519450085
59.55999999999636         0.2521576476666635
59.579999999996346        0.24615729802946096
59.59999999999635         0.24414814491606898
59.61999999999635         0.24601622929587852
59.63999999999633         0.2518702457438783
59.65999999999634         0.2620478592372592
59.67999999999632         0.27713730441885503
59.699999999996315        0.2979989099944582
59.71999999999631         0.32573238779398345
59.73999999999631         0.3613945507380199
59.75999999999632         0.40487575546725696
59.77999999999634         0.4521742655744092
59.79999999999637         0.4943906307624838
59.8199999999964          0.5248619421894192
59.839999999996415        0.5410730977676975
59.859999999996425        0.5457770447341371
59.879999999996414        0.540992516593691
59.89999999999641         0.5247011450300706
59.91999999999637         0.4941522056793467
59.93999999999633         0.45186405996470824
59.95999999999629         0.404498286343217
59.97999999999626         0.3609494010209507
59.999999999996234        0.3252153042967101
60.019999999996216        0.297403552844409
60.0399999999962          0.2764560493566471
60.059999999996194        0.261271893951666
60.0799999999962          0.25098936540342204
60.09999999999619         0.2450184530531391
60.11999999999618         0.2430191507658236
60.13999999999617         0.2448804419990971
60.159999999996174        0.25070977026240127
60.17999999999617         0.2608433109224884
60.19999999999616         0.2758666882970798
60.21999999999616         0.2966364057123796
60.239999999996144        0.32424724566658086
60.25999999999614         0.3597512276907308
60.27999999999616         0.4030389907351357
60.299999999996174        0.45012602553068054
60.31999999999623         0.49215205095290254
60.33999999999624         0.5224851086922945
60.35999999999627         0.5386220329402673
60.37999999999627         0.5433044655966944
60.399999999996254        0.5385424234479024
60.419999999996264        0.5223261026466127
60.43999999999621         0.49191650178076796
60.45999999999617         0.44982020971863024
60.479999999996124        0.4026683752933728
60.4999999999961          0.3593158319593669
60.51999999999608         0.3237428453256267
60.53999999999606         0.2960566373970515
60.55999999999605         0.2752039423667668
60.57999999999605         0.2600888626823263
60.599999999996044        0.24985359577691457
60.61999999999601         0.24391082423457172
60.63999999999603         0.24192210630885103
60.65999999999602         0.24377618104750345
60.67999999999601         0.24958244730701526
60.69999999999602         0.25967323518852
60.719999999996           0.2746324208286212
60.73999999999601         0.2953127750165574
60.75999999999598         0.3228042929500617
60.77999999999599         0.3581543322776318
60.799999999996           0.4012538436654449
60.81999999999603         0.44813531522170913
60.839999999996074        0.4899768567136783
60.85999999999609         0.5201763100999898
60.87999999999611         0.536241996392806
60.89999999999611         0.5409044004376616
60.91999999999611         0.5361643143018712
60.93999999999609         0.5200227868928805
60.95999999999606         0.48974941617609985
60.97999999999602         0.44783994146148703
60.99999999999597         0.4008955034907455
61.019999999995946        0.35773296508955105
61.03999999999591         0.32231590725621834
61.05999999999589         0.29475129000930783
61.079999999995884        0.27399049366997835
61.09999999999587         0.25894243078822504
61.11999999999587         0.24875307118782
61.139999999995865        0.242837692719708
61.15999999999586         0.2408593661305324
61.17999999999585         0.2427073558099574
61.199999999995846        0.24848905740319613
61.21999999999584         0.25854012279215305
61.23999999999583         0.27343723565545547
61.259999999995834        0.29403111616548777
61.27999999999582         0.32140712629501406
61.29999999999583         0.3566081285750495
61.31999999999584         0.3995253797418217
61.33999999999586         0.4462078415871553
61.35999999999591         0.48787081979471386
61.379999999995924        0.5179409668281694
61.399999999995934        0.5339376588201311
61.419999999995945        0.5385804356195201
61.43999999999594         0.5338617408485095
61.45999999999592         0.5177341522648299
61.4799999999959          0.4875279831984892
61.49999999999586         0.44591977176235803
61.51999999999582         0.39917665309992806
61.539999999995786        0.35619890753287026
61.55999999999577         0.32093353762637616
61.57999999999574         0.29348718662029943
61.59999999999573         0.27281577421595865
61.61999999999572         0.2578329112201536
61.63999999999571         0.24768825018381216
61.65999999999571         0.24179960599178307
61.6799999999957          0.23983153038062685
61.69999999999568         0.24167380756055154
61.719999999995686        0.24743343138979487
61.739999999995675        0.2574426601338942
61.75999999999567         0.27228190180806433
61.77999999999567         0.2927922690182114
61.79999999999566         0.3200566749703943
61.819999999995666        0.35511365877757367
61.839999999995676        0.3978547903553873
61.85999999999571         0.4443449554718431
61.87999999999576         0.4858354134557858
61.89999999999578         0.5157806536948539
61.9199999999958          0.5317107313510174
61.93999999999579         0.5363346022384222
61.959999999995794        0.5316366474631276
61.979999999995776        0.5155777144256115
61.999999999995744        0.4854986224909463
62.019999999995704        0.44405922163506006
62.039999999995665        0.39751596834566133
62.05999999999562         0.3547168418965442
62.07999999999561         0.31959810257760785
62.099999999995575        0.2922660925981464
62.119999999995585        0.2716811132678046
62.13999999999556         0.25676130706623945
62.15999999999555         0.2466598808218101
62.17999999999553         0.24079710170393015
62.19999999999554         0.23883896020578776
62.21999999999554         0.24067574633755345
62.23999999999553         0.24641406476341432
62.25999999999553         0.25638486518104675
62.27999999999552         0.2711651693818036
62.299999999995514        0.2916003788627015
62.31999999999551         0.3187524909441872
62.33999999999553         0.35367030164962576
62.359999999995516        0.39624126144758764
62.37999999999554         0.44254570423712025
62.39999999999557         0.48386969076674835
62.4199999999956          0.5136945419499279
62.43999999999562         0.5295606332116647
62.459999999995624        0.5341667323025266
62.47999999999561         0.5294896021993801
62.49999999999561         0.5134980670524428
62.51999999999556         0.4835425642018422
62.539999999995544        0.4422717425050473
62.5599999999955          0.39599307315790777
62.57999999999546         0.3532886149006218
62.59999999999544         0.31831086460824415
62.619999999995414        0.2910888610009061
62.639999999995396        0.2705870850804421
62.65999999999537         0.25572801070063095
62.679999999995395        0.24566824521632344
62.699999999995384        0.23983039702005776
62.71999999999537         0.2378818308833968
62.7399999999954          0.2397133283141176
62.759999999995344        0.24543112074213322
62.77999999999537         0.25536489459116807
62.79999999999534         0.2700894425534981
62.81999999999535         0.2904468875385836
62.83999999999534         0.3175163194324376
62.85999999999535         0.3522788046097292
62.879999999995356        0.3946857886105097
62.899999999995366        0.4408112015319275
62.919999999995426        0.4819745309440933
62.93999999999546         0.5116830444524383
62.95999999999546         0.5274870551744032
62.9799999999955          0.5320754818550703
62.99999999999549         0.5274175361533223
63.01999999999547         0.5114897496372767
63.03999999999543         0.4816524713876302
63.059999999995384        0.44054374453748546
63.07999999999534         0.3944462141817262
63.09999999999528         0.35196377375896254
63.11999999999528         0.3170889869949921
63.139999999995254        0.2899525384554503
63.15999999999525         0.26953145749471746
63.17999999999524         0.2547312804894671
63.199999999995235        0.24471193734677796
63.219999999995224        0.23889832062682856
63.23999999999522         0.23695912980047612
63.25999999999521         0.23878562931741154
63.27999999999519         0.24448371000111474
63.299999999995194        0.2543818499701342
63.31999999999517         0.2690526940579337
63.33999999999519         0.2893352034278598
63.35999999999518         0.3163044095246567
63.37999999999518         0.35099264195646224
63.39999999999521         0.3931865554069224
63.41999999999522         0.4391394206436995
63.43999999999528         0.48014806850028663
63.45999999999531         0.5097447143220307
63.47999999999531         0.5254892293916641
63.499999999995325        0.5300610218458053
63.51999999999533         0.5254221331121125
63.53999999999531         0.5095565260808
63.559999999995284        0.47983376508424497
63.57999999999522         0.4388815700706546
63.59999999999519         0.3929583578700425
63.619999999995166        0.35063615708327495
63.63999999999512         0.3158930120938809
63.659999999995094        0.2888636740499281
63.67999999999509         0.2685158046907441
63.69999999999508         0.25377232079505074
63.719999999995075        0.24379191899107208
63.739999999995064        0.23800168051021992
63.759999999995046        0.23607158034518322
63.77999999999508         0.23789333423261833
63.79999999999503         0.24357250464297076
63.819999999995034        0.25343641826599045
63.83999999999504         0.26805565655293173
63.85999999999505         0.28826613764779
63.87999999999502         0.31513898659390577
63.89999999999502         0.34970276920797894
63.919999999995035        0.3918212017694768
63.939999999995074        0.4375265155183781
63.95999999999512         0.47839177724591003
63.97999999999514         0.5078809603467437
63.99999999999517         0.5235683660210454
64.01999999999515         0.5281241907595795
64.03999999999517         0.523503534497656
64.05999999999516         0.507697520779355
64.07999999999512         0.4780847205449612
64.09999999999508         0.4372829797240373
64.119999999995           0.3915275521761795
64.13999999999498         0.34935969150112206
64.15999999999497         0.3147433586112586
64.17999999999493         0.2878129328827534
64.19999999999492         0.267538816868205
64.21999999999493         0.2528510164084161
64.23999999999492         0.2429081657059822
64.2599999999949          0.23714050632723904
64.27999999999489         0.23521924414751327
64.29999999999492         0.23703652532524516
64.31999999999488         0.24269758563150395
64.33999999999489         0.25252865092451776
64.35999999999487         0.26709832640536424
64.37999999999488         0.28723959903112084
64.39999999999486         0.31401982520946026
64.41999999999486         0.3484639401885149
64.43999999999485         0.3904360895396312
64.45999999999489         0.43598231427022704
64.47999999999494         0.4765867059211212
64.49999999999497         0.5060917291016903
64.519999999995           0.5217249715122203
64.539999999995           0.5262660668153816
64.55999999999501         0.521663525298824
64.57999999999498         0.5059153887847374
64.59999999999496         0.47640863529860894
64.6199999999949          0.43575157221279703
64.63999999999486         0.3901569835799203
64.65999999999481         0.3481368862135246
64.67999999999479         0.3136419661857943
64.69999999999476         0.2868062874433378
64.71999999999476         0.2666038737339806
64.73999999999474         0.25196649748494926
64.75999999999473         0.24206017154024417
64.77999999999473         0.2363157793326007
64.79999999999472         0.23440311458830865
64.81999999999475         0.23621626369582122
64.83999999999472         0.24186014727452346
64.85999999999471         0.2516599389402826
64.87999999999471         0.26618238085738005
64.8999999999947          0.2862576876268424
64.91999999999469         0.31294964455139695
64.9399999999947          0.3472797447546791
64.95999999999471         0.3891124914360519
64.97999999999475         0.4345068013488753
64.99999999999478         0.4749749775791277
65.01999999999482         0.5043251977960986
65.03999999999485         0.5199605631589607
65.05999999999486         0.5244875234375148
65.07999999999485         0.5199014434297416
65.09999999999486         0.5042076426802333
65.1199999999948          0.4748016100499144
65.13999999999476         0.43428266304460217
65.15999999999471         0.3888425382332538
65.17999999999466         0.3469647230817692
65.19999999999463         0.31258674085777866
65.2199999999946          0.2858422863012044
65.23999999999461         0.2657088955201609
65.25999999999459         0.251121983334671
65.27999999999459         0.24125041030683714
65.29999999999458         0.23552624887357929
65.31999999999456         0.23362274430301652
65.33999999999456         0.2354320880941105
65.35999999999456         0.2410596687231055
65.37999999999455         0.25082964347259906
65.39999999999455         0.26530697151804616
65.41999999999456         0.28531922418413563
65.43999999999454         0.31192676688106874
65.45999999999454         0.34614779284250397
65.47999999999458         0.38784717830107884
65.49999999999459         0.43309631291736095
65.51999999999462         0.4734346520067122
65.53999999999466         0.5026907082087306
65.5599999999947          0.5182761456374767
65.57999999999471         0.5227894784482957
65.59999999999472         0.5182204326083815
65.61999999999469         0.5025784852568238
65.63999999999466         0.473269175569355
65.65999999999462         0.4328824233298596
65.67999999999455         0.3875896211401213
65.6999999999945          0.3458473087568025
65.71999999999447         0.31158068596586525
65.73999999999444         0.28492313888200577
65.75999999999443         0.26485553673018697
65.77999999999443         0.2503167474983722
65.79999999999443         0.2404783332240065
65.81999999999444         0.2347742243780514
65.83999999999442         0.23287875727100243
65.85999999999441         0.23468450171690003
65.8799999999944          0.2402965680079004
65.89999999999438         0.250038129787861
65.91999999999439         0.26447242647268504
65.93999999999441         0.2844245095737077
65.95999999999438         0.3109514825130534
65.97999999999438         0.34506838419012853
65.99999999999439         0.3866404744375747
66.01999999999443         0.43175118695992193
66.03999999999449         0.4719660389846489
66.05999999999453         0.5011327631444915
66.07999999999454         0.5166711304636934
66.09999999999455         0.5211719072175225
66.11999999999456         0.5166181441002572
66.13999999999453         0.5010275353308841
66.1599999999945          0.4718107601119187
66.17999999999442         0.4315501755582093
66.19999999999438         0.3863976414261944
66.21999999999433         0.34478421306999774
66.2399999999943          0.3106235111957384
66.25999999999428         0.28404865922315353
66.27999999999426         0.2640436896428017
66.29999999999427         0.24955074564114105
66.31999999999425         0.23974395345877336
66.33999999999425         0.2340590089698265
66.35999999999423         0.23217128364014467
66.37999999999424         0.2339744900598885
66.39999999999425         0.23957268244432484
66.41999999999423         0.2492858658642103
66.43999999999421         0.26367942590498117
66.45999999999425         0.283574514770284
66.4799999999942          0.31002517445129407
66.49999999999422         0.3440434789399081
66.51999999999423         0.38549502072116343
66.53999999999427         0.43047444491637843
66.5599999999943          0.4705717475704491
66.57999999999436         0.49965316482828875
66.59999999999438         0.5151462410662652
66.61999999999439         0.5196346232916516
66.63999999999439         0.5150963939134319
66.65999999999437         0.4996075404059687
66.67999999999432         0.47042356329505797
66.69999999999429         0.43028279589061547
66.71999999999423         0.3852638827661314
66.73999999999418         0.3437734046012435
66.75999999999416         0.30971377632533315
66.77999999999413         0.28321784372784303
66.79999999999413         0.26327266694852003
66.8199999999941          0.24882352414666092
66.83999999999409         0.2390469946818826
66.85999999999407         0.23338046367649581
66.87999999999408         0.23150029538883374
66.89999999999408         0.23330056408444227
66.91999999999406         0.23888508042631645
66.93999999999406         0.24857494893601
66.95999999999405         0.26292810603126116
66.97999999999405         0.28276932305781705
66.99999999999402         0.30914778218299377
67.01999999999406         0.3430727564591433
67.03999999999408         0.38441016592914545
67.05999999999412         0.42926532988034494
67.07999999999417         0.4692514952119473
67.09999999999421         0.49825235881908464
67.11999999999423         0.5137027949095109
67.13999999999425         0.518179631648355
67.15999999999424         0.5136555484767179
67.17999999999424         0.49821175582240573
67.19999999999419         0.4692274509398011
67.21999999999413         0.4290889761604696
67.23999999999407         0.38419140115744627
67.25999999999402         0.3428173965716138
67.279999999994           0.30885354561003286
67.29999999999397         0.28243243446061655
67.31999999999395         0.26254398836141163
67.33999999999395         0.24813645225324296
67.35999999999395         0.23838872786241955
67.37999999999393         0.2327398007242294
67.39999999999392         0.23086697718035876
67.41999999999392         0.23266467728409382
67.43999999999392         0.23823648627595279
67.45999999999391         0.2479026935025333
67.47999999999391         0.2622208117960192
67.4999999999939          0.28200603168561
67.51999999999389         0.30832083386001097
67.5399999999939          0.3421578777415736
67.55999999999392         0.3833877311608046
67.57999999999397         0.4281258834831822
67.59999999999401         0.46800761160607257
67.61999999999405         0.4969329224639982
67.63999999999407         0.5123435432155388
67.65999999999408         0.5168097405402892
67.6799999999941          0.5122990988803441
67.69999999999409         0.4968978020828139
67.71999999999404         0.46799162543756273
67.73999999999397         0.42796040318533085
67.75999999999391         0.38310751513475655
67.77999999999386         0.3419179471453601
67.79999999999384         0.30804444171309664
67.81999999999381         0.28169395770616845
67.8399999999938          0.26185911771915465
67.85999999999379         0.24749096126379008
67.8799999999938          0.2377705790213761
67.89999999999378         0.2321384669594844
67.91999999999376         0.2302728235389605
67.93999999999376         0.23206840143040977
67.95999999999376         0.23762858341084164
67.97999999999375         0.2472729051894381
67.99999999999373         0.2615575242574089
68.01999999999374         0.28129562692892807
68.03999999999374         0.3075265165237349
68.05999999999374         0.3413021339831962
68.07999999999376         0.38243162715089735
68.09999999999378         0.42706047868196245
68.11999999999385         0.46684447150219244
68.13999999999389         0.4956989620221593
68.15999999999391         0.5110721106536045
68.17999999999391         0.5155281168848332
68.19999999999393         0.5110297640039517
68.21999999999393         0.49566788212108126
68.23999999999387         0.46683455411838276
68.2599999999938          0.4269035972237651
68.27999999999375         0.38216274008039597
68.2999999999937          0.341022682011663
68.3199999999937          0.3072669079030862
68.33999999999364         0.2810033433939033
68.35999999999365         0.26121892276553693
68.37999999999363         0.24688785378912861
68.39999999999363         0.2371932849215894
68.4199999999936          0.23157713315451878
68.4399999999936          0.22971843819880544
68.4599999999936          0.23151227002415906
68.47999999999358         0.23706182852627564
68.49999999999358         0.24668595201177115
68.51999999999357         0.26093953941697645
68.53999999999357         0.28063391049183384
68.55999999999356         0.30680597454785047
68.57999999999355         0.3404518989066674
68.59999999999359         0.381541308555049
68.61999999999364         0.42606837295446226
68.6399999999937          0.4657613623675536
68.65999999999373         0.49454987927620536
68.67999999999378         0.5098880842625705
68.69999999999378         0.5143345103450206
68.71999999999377         0.509847516646489
68.73999999999377         0.49452230568089983
68.75999999999371         0.4657568111901285
68.77999999999366         0.42591925794331076
68.79999999999359         0.38128274828327563
68.81999999999354         0.3402387032696966
68.83999999999351         0.306561997244702
68.85999999999345         0.28035606261685875
68.87999999999347         0.26062306243711525
68.89999999999345         0.24632672266956854
68.91999999999348         0.23665639245408862
68.93999999999345         0.23105531021822712
68.95999999999344         0.229203299365499
68.97999999999344         0.23099572666242396
68.99999999999343         0.23653562323145308
69.01999999999344         0.24614117979586328
69.03999999999344         0.2603661259098143
69.05999999999342         0.28002004545839415
69.0799999999934          0.30613761080141927
69.09999999999341         0.3397128222468315
69.11999999999344         0.3806411050146457
69.13999999999348         0.4251529882703321
69.15999999999354         0.46475617200568725
69.1799999999936          0.49348335645028757
69.19999999999361         0.5087892583419019
69.21999999999362         0.5132274763431467
69.2399999999936          0.5087530634334384
69.2599999999936          0.4934666288802514
69.27999999999356         0.4647730125511117
69.2999999999935          0.4250365674548942
69.31999999999341         0.38051746318378465
69.3399999999934          0.33958851983446015
69.35999999999335         0.3060158005799505
69.37999999999333         0.2799022646890003
69.39999999999331         0.26025348812748716
69.41999999999331         0.2460330518338687
69.43999999999329         0.23643618984174275
69.4599999999933          0.23090783942494356
69.48                     0.22913054660548385
