% Model:              Untitled.mph
% Version:            COMSOL 5.6.0.280
% Date:               Oct 6 2021, 16:48
% Dimension:          1
% Nodes:              994
% Expressions:        1
% Description:        线图
% cln2x                   Height
21.91                     0.2198169608215095
21.920000000000027        0.22009166984143963
21.94000000000003         0.22243378020334587
21.96000000000003         0.22727513207357813
21.980000000000036        0.23485852423209946
22.00000000000004         0.24557312477170964
22.020000000000042        0.25998424792924696
22.040000000000045        0.27887146076807834
22.060000000000045        0.3032616242249306
22.080000000000048        0.33440091530552324
22.100000000000048        0.3734620563184936
22.12000000000006         0.4204554400058598
22.140000000000054        0.47094347306907114
22.16000000000005         0.515771859611461
22.180000000000042        0.5482447784130741
22.20000000000005         0.5655781280378713
22.22000000000005         0.5706399739151068
22.240000000000055        0.5656213187595076
22.260000000000062        0.5483893409768084
22.280000000000076        0.5160209210277549
22.300000000000065        0.4710919069396659
22.320000000000068        0.4205273047864808
22.340000000000067        0.3736298514566394
22.360000000000074        0.3345757396854614
22.38000000000007         0.3034424893738155
22.40000000000007         0.2790569691011516
22.420000000000076        0.26017292425899546
22.440000000000087        0.2457654321298494
22.46000000000009         0.2350529519423495
22.480000000000093        0.22746903919464795
22.500000000000092        0.2226236360161012
22.520000000000092        0.2202730279014052
22.54000000000009         0.22030036608030942
22.560000000000088        0.22270622794234607
22.58000000000009         0.22760864799749103
22.6000000000001          0.235252608640457
22.620000000000104        0.24602952230888714
22.640000000000107        0.26050714179015344
22.6600000000001          0.27946699777620876
22.680000000000106        0.30394752730088903
22.700000000000113        0.3352035086853206
22.720000000000105        0.3744167827861401
22.74000000000011         0.421477786170342
22.76000000000011         0.4721027033183203
22.78000000000011         0.517051236550402
22.800000000000107        0.549610978193775
22.820000000000107        0.5669912382700024
22.840000000000114        0.5720673385408792
22.860000000000113        0.5670362282940994
22.880000000000116        0.549760543414595
22.900000000000134        0.517311027991585
22.920000000000126        0.47227055040404947
22.940000000000126        0.42166870330865397
22.96000000000013         0.3746338989284204
22.98000000000013         0.3354472012101349
23.00000000000013         0.3042196144837678
23.020000000000127        0.2797698806780689
23.040000000000138        0.2608411724811361
23.060000000000144        0.24640003951572145
23.080000000000144        0.23566301267590697
23.100000000000147        0.22806225759481533
23.12000000000015         0.2232067706274135
23.14000000000015         0.22085226010069853
23.160000000000156        0.22088162034462747
23.180000000000152        0.22329546963586636
23.200000000000156        0.22821218307043484
23.220000000000166        0.23587590149883964
23.24000000000016         0.2466815082045122
23.26000000000016         0.2611977237298957
23.28000000000016         0.28021028723467484
23.30000000000017         0.30475552902526565
23.320000000000174        0.3360938421990249
23.340000000000163        0.3754102066428038
23.36000000000017         0.4225949840093854
23.380000000000173        0.4733538288337399
23.400000000000166        0.5184228818425184
23.42000000000017         0.5510711445776446
23.44000000000017         0.5685000175331574
23.460000000000164        0.5735912751950717
23.48000000000017         0.5685466190543393
23.500000000000178        0.5511633075143602
23.520000000000184        0.5185574700779664
23.54000000000019         0.47352531067031484
23.56000000000019         0.42279727017262636
23.58000000000019         0.3756406909406222
23.60000000000019         0.3363530572818798
23.6200000000002          0.3050454762632196
23.640000000000196        0.28053353944416615
23.6600000000002          0.26155711441693846
23.680000000000213        0.24708005223517307
23.70000000000021         0.23631682843695248
23.72000000000021         0.22869811791049136
23.74000000000021         0.22383190283408075
23.760000000000208        0.22147343904360167
23.780000000000207        0.22150469511229023
23.80000000000021         0.22392679215101538
23.820000000000213        0.22885841664222967
23.84000000000023         0.2365459095116274
23.860000000000216        0.24738293675215706
23.880000000000223        0.2619407951857768
23.900000000000222        0.28100745721997417
23.920000000000222        0.30562219680621505
23.940000000000232        0.3370489938362578
23.960000000000235        0.3764762386911643
23.98000000000023         0.4237941833967664
24.000000000000234        0.474696901016977
24.020000000000227        0.5198949317729711
24.040000000000223        0.5526999879396445
24.060000000000223        0.570118958450155
24.08000000000023         0.5752255833591607
24.100000000000225        0.5701672265991944
24.120000000000232        0.5527345912369485
24.14000000000024         0.5200365917733805
24.160000000000245        0.4748777499844533
24.180000000000245        0.42400824507606977
24.200000000000255        0.3767209898663727
24.22000000000026         0.3373250015272489
24.240000000000254        0.3059315168595409
24.26000000000026         0.28135274868102594
24.280000000000264        0.2623250112724193
24.300000000000278        0.24781137835756775
24.320000000000267        0.23701930758451573
24.340000000000266        0.22938061965603937
24.36000000000027         0.22450228117082432
24.380000000000273        0.222138686963151
24.400000000000272        0.22217210229702913
24.42000000000027         0.22460317294231558
24.440000000000264        0.2295509728099203
24.46000000000029         0.2372626049494283
24.48000000000028         0.24813293306659845
24.50000000000028         0.26273497998115686
24.520000000000284        0.2818590915761118
24.540000000000287        0.3065476695208576
24.56000000000029         0.3380685036247377
24.58000000000029         0.3775496646024784
24.60000000000029         0.42498581677949726
24.620000000000292        0.47613478789238456
24.640000000000292        0.5215979865479177
24.660000000000288        0.5543714462902648
24.680000000000287        0.5718458547475705
24.700000000000294        0.5769699060954045
24.720000000000294        0.571897003442082
24.74000000000029         0.5544116151901253
24.760000000000296        0.5216151305842026
24.780000000000307        0.4763209950132967
24.80000000000031         0.4253005395091736
24.82000000000031         0.3778738865346767
24.840000000000312        0.3383622942795487
24.860000000000316        0.3068710895501017
24.88000000000032         0.28222781773165595
24.90000000000032         0.26314677861418684
24.92000000000032         0.24858942510066723
24.94000000000033         0.23776707258713914
24.960000000000328        0.23010752133319765
24.98000000000033         0.22521656697260897
25.000000000000327        0.22284788557280485
25.020000000000344        0.22288341932060754
25.040000000000333        0.2253238566269053
25.060000000000336        0.23028868104267408
25.080000000000336        0.2380258042885159
25.100000000000342        0.24893136255041765
25.120000000000342        0.2635825469660919
25.14000000000034         0.2827660412379809
25.16000000000034         0.30752609794072966
25.18000000000035         0.3391271192444504
25.200000000000347        0.3787589464743006
25.220000000000343        0.42634545170435506
25.240000000000343        0.4776573934404283
25.260000000000346        0.5232671208576869
25.280000000000342        0.5561476447780492
25.300000000000338        0.5736806164682413
25.320000000000338        0.5788229427780405
25.340000000000334        0.5737344516523059
25.36000000000034         0.5561929524457753
25.380000000000347        0.5232918129261394
25.40000000000035         0.47785963328210157
25.420000000000368        0.4265853837419329
25.440000000000364        0.3790341536801833
25.46000000000037         0.33943825440025666
25.480000000000373        0.3078753485515239
25.500000000000377        0.2831562664763918
25.520000000000376        0.2640169501330938
25.54000000000038         0.2494155569716086
25.56000000000039         0.23856092727163072
25.580000000000382        0.23087908280603478
25.60000000000038         0.22597458231180584
25.62000000000039         0.22360033135690335
25.640000000000384        0.2236379206502165
25.660000000000387        0.2260880756194746
25.680000000000398        0.23107166736946677
25.700000000000394        0.23883609155521232
25.7200000000004          0.24977925390772285
25.740000000000396        0.2644775163365559
25.7600000000004          0.28372503703265056
25.780000000000403        0.3085674222098235
25.800000000000406        0.3402732873528141
25.82000000000041         0.380036483128766
25.840000000000412        0.4277809616929481
25.860000000000404        0.4792646284308841
25.880000000000397        0.5250297906275769
25.900000000000404        0.5580244910074103
25.920000000000393        0.5756205437932439
25.940000000000385        0.5807828647799959
25.9600000000004          0.5756788806742071
25.9800000000004          0.5581403185830305
26.00000000000041         0.5251994018854663
26.020000000000408        0.47948100174344627
26.040000000000422        0.42803693751606436
26.06000000000042         0.3803292711487016
26.08000000000043         0.34060368587732737
26.100000000000428        0.3089378877456873
26.120000000000427        0.28413868905619943
26.140000000000434        0.26493779170887316
26.160000000000434        0.25028986367249806
26.180000000000454        0.2394011105886759
26.200000000000443        0.2316956742921743
26.220000000000443        0.22677630394602108
26.240000000000443        0.2243965073797994
26.260000000000446        0.22443658764631938
26.280000000000445        0.22689737341267663
26.30000000000045         0.23189928499697182
26.320000000000448        0.23969201069742319
26.34000000000046         0.25067436243928876
26.360000000000458        0.265424754943611
26.380000000000457        0.28474017051105827
26.400000000000457        0.30966993544311167
26.420000000000456        0.3414871896438911
26.440000000000456        0.38139008429821886
26.460000000000463        0.42930253891923414
26.48000000000046         0.4809681346959702
26.50000000000046         0.5267623024003387
26.520000000000454        0.5599470161041474
26.540000000000457        0.5776698471820179
26.560000000000457        0.5828521183923694
26.580000000000457        0.5777289431601864
26.60000000000045         0.5601255422805146
26.62000000000046         0.5270660044033484
26.640000000000462        0.48118562797744857
26.660000000000476        0.4295631120030058
26.680000000000483        0.3816917918646966
26.70000000000048         0.3418305529153774
26.720000000000482        0.31005700619011817
26.740000000000485        0.2851738089116623
26.76000000000049         0.26590591840705396
26.78000000000049         0.2512093120273161
26.8000000000005          0.24028525599887865
26.8200000000005          0.2325554890155623
26.840000000000497        0.22762187062013647
26.860000000000497        0.22523570138830132
26.880000000000507        0.22527786812339584
26.900000000000503        0.22774923671101285
26.920000000000503        0.23277069848898707
26.940000000000506        0.24059288275547622
26.96000000000051         0.25161608633354066
26.980000000000512        0.2664208668951089
27.000000000000522        0.2858071539616802
27.02000000000051         0.3108281528074972
27.040000000000518        0.3427876476042024
27.060000000000517        0.3828752462718144
27.080000000000517        0.4309869142948293
27.100000000000517        0.4827488511218673
27.12000000000051         0.5287198718375973
27.140000000000505        0.5620304715971038
27.160000000000508        0.5798225674413364
27.180000000000504        0.5850268113813939
27.20000000000051         0.5798863246279411
27.220000000000514        0.5622188003394947
27.24000000000051         0.5290379488297046
27.260000000000524        0.48298924134722493
27.28000000000053         0.43117770174801445
27.30000000000054         0.38313165984984293
27.32000000000054         0.34315155440906764
27.340000000000543        0.31124327588640277
27.36000000000054         0.2862637520349083
27.380000000000543        0.26692798626121
27.40000000000055         0.2521794553043545
27.420000000000545        0.24121726714504316
27.44000000000055         0.23346101132605718
27.46000000000056         0.22851109056925312
27.480000000000555        0.22611792565160713
27.500000000000558        0.22616199140632556
27.520000000000557        0.22864417753742605
27.540000000000564        0.23368585312039725
27.560000000000556        0.24153861979878224
27.58000000000057         0.25260217119724904
27.600000000000577        0.26746336978228397
27.62000000000057         0.28692504576555805
27.64000000000057         0.31204808731008676
27.660000000000572        0.3441227936213904
27.680000000000568        0.38436258479536334
27.70000000000057         0.43265731778314603
27.72000000000057         0.4846178719165222
27.740000000000563        0.5307683084040137
27.76000000000056         0.5642110341214526
27.780000000000555        0.5820759647809504
27.80000000000057         0.5873029279097843
27.820000000000558        0.582143054171154
27.840000000000565        0.5644063257662884
27.86000000000057         0.5309612705149905
27.880000000000575        0.4848652425643824
27.90000000000058         0.4329513472683691
27.920000000000606        0.3847001210001492
27.940000000000598        0.34450472060983883
27.960000000000594        0.31247713604418514
27.980000000000597        0.28740470399275747
28.0000000000006          0.26799749660955996
28.020000000000607        0.2531949335622653
28.040000000000603        0.24219304811900697
28.060000000000606        0.23440920556779093
28.08000000000062         0.22944228623247484
28.10000000000061         0.2270417846459682
28.12000000000062         0.22708776572998282
28.14000000000062         0.22958063671907863
28.16000000000062         0.23464286070221377
28.180000000000618        0.2425268638521789
28.20000000000062         0.25363617777023234
28.22000000000062         0.26855634569597914
28.24000000000063         0.2880949476564913
28.260000000000627        0.3133171001719918
28.28000000000063         0.3455182440882927
28.30000000000063         0.3859166939196137
28.32000000000063         0.4344023215679975
28.340000000000625        0.4865700435133075
28.36000000000062         0.5329076674643769
28.380000000000614        0.5664882581689804
28.40000000000061         0.5844291821777584
28.42000000000062         0.5896798198379793
28.440000000000616        0.5844987258121228
28.46000000000063         0.5666262610900448
28.480000000000626        0.5331101779553434
28.500000000000632        0.4868296314653339
28.520000000000643        0.434710528040997
28.540000000000646        0.38627011901323394
28.56000000000066         0.3459179189090643
28.58000000000066         0.313765966493064
28.60000000000066         0.2885966783718145
28.62000000000066         0.26911498752640106
28.640000000000665        0.2542560902948091
28.660000000000668        0.24321281641652417
28.680000000000668        0.23540120146247087
28.700000000000678        0.23041611009894777
28.72000000000067         0.22800758833242235
28.74000000000067         0.228055204102386
28.760000000000673        0.2305598844217331
28.78000000000068         0.2356439779270399
28.80000000000068         0.24356113647323271
28.820000000000675        0.2547165815484896
28.84000000000068         0.269698305337511
28.860000000000685        0.28931726550217907
28.88000000000069         0.3146430360839797
28.900000000000684        0.3469764890784103
28.920000000000684        0.3875411144754784
28.940000000000683        0.4362266967186609
28.960000000000683        0.4886163088472568
28.980000000000675        0.5352786312484196
29.00000000000067         0.5689295250851402
29.02000000000066         0.5868847499643461
29.040000000000667        0.5921581047844677
29.060000000000674        0.5869551189061846
29.08000000000067         0.5690065388758564
29.100000000000676        0.5353497857494331
29.120000000000687        0.48887688688586267
29.140000000000693        0.4365439859503293
29.160000000000704        0.38790654438142547
29.180000000000714        0.3473910835502855
29.200000000000717        0.3151096765715482
29.220000000000713        0.28984041062151933
29.240000000000713        0.270282737082055
29.26000000000072         0.25536495706535617
29.28000000000072         0.244277955061998
29.30000000000072         0.23643479585613492
29.32000000000072         0.23143120017456548
29.340000000000735        0.22901463089197066
29.360000000000728        0.22906418151873756
29.380000000000724        0.23158082407840097
29.40000000000073         0.23668747130592807
29.42000000000074         0.2446388825203495
29.440000000000733        0.2558420225990287
29.46000000000074         0.2708874082729392
29.480000000000743        0.2905894769422181
29.50000000000075         0.3160161960050779
29.520000000000742        0.3484662708216149
29.54000000000074         0.38916315718859806
29.560000000000745        0.43803124485388545
29.580000000000744        0.49073507627675217
29.600000000000733        0.5376005707682319
29.620000000000726        0.5714004470576743
29.640000000000718        0.5894375803532631
29.660000000000725        0.5947363467881135
29.680000000000728        0.5895110164262851
29.700000000000728        0.5714833922030509
29.720000000000734        0.5376803303188719
29.740000000000745        0.49100733985962364
29.760000000000748        0.4384520629971522
29.78000000000076         0.38954379569669184
29.80000000000078         0.3488980827663116
29.82000000000077         0.31650225763364537
29.840000000000767        0.2911343997546857
29.86000000000077         0.271496094211502
29.880000000000777        0.25651727182741035
29.900000000000777        0.24538536763251023
29.92000000000078         0.23751094357195895
29.94000000000078         0.23248800252995386
29.960000000000793        0.23006294487286894
29.980000000000786        0.230114370484332
30.00000000000079         0.2326432866738721
30.02000000000078         0.2377731793245252
30.040000000000788        0.2457615301992086
30.06000000000079         0.2570146130731035
30.080000000000794        0.27212612618197735
30.100000000000797        0.29191272941154156
30.1200000000008          0.3174496471364117
30.140000000000796        0.3500414818070906
30.160000000000796        0.39091639544972334
30.180000000000792        0.4399989192646636
30.200000000000784        0.4929358393883585
30.220000000000784        0.5400117668852686
30.240000000000776        0.5739657270325315
30.260000000000776        0.5920873072034307
30.280000000000776        0.5974120469768632
30.300000000000782        0.5921632690190866
30.32000000000079         0.5741182963563236
30.340000000000792        0.5402359191714963
30.3600000000008          0.49322333917517847
30.38000000000081         0.44034146886439557
30.400000000000816        0.39131102248202176
30.42000000000082         0.35048950708197285
30.440000000000833        0.3179542768614396
30.46000000000082         0.2924778560963225
30.480000000000828        0.27275599881934626
30.500000000000835        0.2577138817087046
30.520000000000838        0.24653536622811953
30.540000000000838        0.23862842487465943
30.560000000000834        0.23358527871855472
30.58000000000085         0.23115122339964178
30.600000000000847        0.23120450721133193
30.620000000000836        0.2337462128528387
30.640000000000843        0.23890029652759467
30.660000000000842        0.24692388957937417
30.68000000000085         0.25822758013896074
30.700000000000845        0.2734068025749617
30.72000000000085         0.2932819622062697
30.740000000000858        0.31893322391398704
30.760000000000858        0.3516712162788815
30.780000000000854        0.39272986659311726
30.800000000000853        0.44203381688713894
30.82000000000085         0.4952112018892038
30.840000000000835        0.5425035830577019
30.860000000000838        0.5765507619865683
30.88000000000083         0.5948223551552745
30.90000000000083         0.6001734398610149
30.920000000000837        0.594899777680754
30.94000000000084         0.5767675030193337
30.960000000000846        0.5427271240335145
30.98000000000086         0.49549908137186727
31.000000000000867        0.44237999336569955
31.02000000000087         0.3931322675102368
31.040000000000877        0.3521309634539102
31.06000000000089         0.31945316802518786
31.080000000000894        0.2938657426970063
31.10000000000088         0.2740584972534086
31.12000000000089         0.2589517175213441
31.14000000000089         0.2477240143705989
31.160000000000895        0.23978447311129228
31.180000000000895        0.234721208906351
31.20000000000089         0.23227841588778633
31.2200000000009          0.232333711287151
31.240000000000904        0.23488823507211523
31.260000000000897        0.24006671581398994
31.280000000000904        0.24812749809489543
31.300000000000903        0.25948309470356884
31.320000000000917        0.2747317251116747
31.34000000000091         0.2946976296115301
31.360000000000923        0.32046602289184
31.38000000000091         0.3533536741012123
31.4000000000009          0.3946003930387709
31.420000000000897        0.44422224349553935
31.440000000000904        0.4975503699222673
31.46000000000089         0.5449345090858954
31.48000000000091         0.5792846422003601
31.500000000000902        0.5976479557097543
31.520000000000902        0.6030280103161031
31.5400000000009          0.5977306516917378
31.5600000000009          0.5795125883360404
31.580000000000894        0.5453118789623461
31.600000000000904        0.4978628874987052
31.620000000000925        0.44449745839942323
31.64000000000094         0.3950229037073403
31.660000000000938        0.35383389004415683
31.680000000000938        0.32101372695169333
31.700000000000944        0.2953035788325534
31.72000000000094         0.27540594421552284
31.74000000000094         0.26023219101298345
31.760000000000932        0.24895721120797942
31.780000000000953        0.24098313075158953
31.800000000000953        0.23589837402244912
31.820000000000952        0.23344595592887402
31.840000000000952        0.23350294073137254
31.86000000000096         0.23607049952759326
31.880000000000955        0.2412739794348017
31.900000000000954        0.2493729821487173
31.920000000000968        0.2607820188739931
31.940000000000968        0.27610220585312656
31.960000000000974        0.29616092920167436
31.98000000000098         0.3220575235475808
32.00000000000096         0.35512052471434347
32.02000000000096         0.39660222975910153
32.04000000000096         0.4463926351356471
32.060000000000954        0.4999757991642016
32.08000000000094         0.5475895001592594
32.10000000000094         0.5821081801334711
32.12000000000095         0.6005635565341386
32.14000000000093         0.6059713260561086
32.16000000000093         0.6006474300873308
32.18000000000094         0.582338547657216
32.20000000000094         0.5479707449658687
32.22000000000096         0.5002931141324668
32.24000000000096         0.44676663260553556
32.26000000000098         0.39703542758181193
32.28000000000097         0.35561437712167987
32.30000000000098         0.3226154502925534
32.32000000000098         0.29678707566993145
32.340000000000984        0.2767986188977115
32.36000000000099         0.26155617544510246
32.38000000000098         0.250230626935415
32.40000000000098         0.24222123683440633
32.42000000000099         0.23711450049700905
32.440000000000985        0.23465223826876075
32.460000000000996        0.23471095390493876
32.480000000000985        0.23729185225357494
32.500000000001           0.24251991082942084
32.52000000000099         0.25065743505993837
32.540000000001           0.2621205241130183
32.560000000001           0.2775136889556234
32.580000000001014        0.2976706581329359
32.600000000001           0.32369105694053946
32.620000000001           0.3569124219215856
32.640000000000995        0.3985933522306923
32.660000000001           0.44862407214296357
32.68000000000099         0.5024689173651258
32.700000000000976        0.5503201648553121
32.720000000000965        0.5850143869325823
32.740000000000975        0.6035669848637799
32.76000000000096         0.60900497908953
32.78000000000096         0.6036538912157543
32.80000000000098         0.5851869175294003
32.820000000000974        0.5505739007678954
32.84000000000098         0.5027955349811114
32.86000000000099         0.44901448093033647
32.880000000001           0.3990443060012969
32.900000000001           0.3574256554632608
32.920000000001004        0.32427038974089206
32.94000000000101         0.2983205732470722
32.96000000000101         0.2782389377656555
32.98000000000103         0.2629261462589436
33.00000000000101         0.25154895032788666
33.02000000000101         0.24350361790649086
33.04000000000102         0.23837463702089706
33.060000000001025        0.2359027862193632
33.080000000001036        0.23596331274425558
33.100000000001025        0.23855795325520746
33.12000000000102         0.24381329435990948
33.140000000001024        0.25199153593359214
33.16000000000103         0.2635114434575714
33.180000000001016        0.27898061142330655
33.200000000001026        0.2992370225936301
33.220000000001036        0.3253859221461354
33.240000000001025        0.3587717101938992
33.26000000000103         0.400659574535352
33.28000000000102         0.4509399057430407
33.30000000000102         0.5050561029528488
33.32000000000101         0.5531527385087034
33.340000000001005        0.588093823692422
33.360000000001           0.6066807111711956
33.380000000001           0.6121483735031332
33.40000000000099         0.6067693860675358
33.420000000001004        0.5882055692799892
33.44000000000102         0.5534144665778005
33.460000000001024        0.5053934798545073
33.48000000000103         0.45134394269792444
33.50000000000103         0.4011272116318614
33.52000000000103         0.35930488438990166
33.540000000001044        0.3259886348009157
33.56000000000105         0.29991391626314323
33.58000000000106         0.2797365875141848
33.600000000001046        0.2643539407100787
33.62000000000105         0.2529233624856813
33.64000000000105         0.2448409411495968
33.66000000000105         0.23968913232918712
33.680000000001066        0.2372072473472109
33.70000000000106         0.23727060720206206
33.72000000000107         0.23988046919622125
33.74000000000107         0.2451641312450053
33.76000000000106         0.25338520803243386
33.78000000000107         0.26496470086498614
33.800000000001056        0.28051343897739034
33.82000000000106         0.300873867444584
33.84000000000107         0.32715712838392513
33.86000000000107         0.3607148296835281
33.88000000000106         0.4027512551214933
33.90000000000107         0.4532675048045576
33.92000000000105         0.507765229376182
33.94000000000104         0.5562528655548752
33.960000000001024        0.5912420617607026
33.98000000000103         0.6099317551958916
34.00000000000102         0.6154306119709922
34.02000000000103         0.6100220689898744
34.04000000000104         0.5913567077841779
34.06000000000104         0.5563794943959739
34.080000000001064        0.5081053455918768
34.10000000000106         0.45377614463527466
34.12000000000108         0.4033028528112295
34.14000000000107         0.3612686969081378
34.160000000001084        0.32777870172109536
34.18000000000107         0.3015814649787409
34.20000000000108         0.281306368375315
34.2200000000011          0.26584641955300015
34.24000000000109         0.2543611457344506
34.260000000001085        0.24624097383945576
34.280000000001095        0.24106614625890796
34.300000000001084        0.23857461491342208
34.32000000000109         0.23864111363105842
34.340000000001105        0.24126698643665015
34.360000000001094        0.2465802802715153
34.38000000000109         0.25484608725705205
34.40000000000111         0.26648773906654055
34.4200000000011          0.2821219145184008
34.4400000000011          0.3025891280961178
34.4600000000011          0.32900507949390706
34.48000000000109         0.3627209442219249
34.50000000000111         0.4050095737855366
34.52000000000109         0.4557974920282067
34.54000000000109         0.5105915368257494
34.56000000000108         0.5593481583711192
34.580000000001085        0.5945351982068589
34.60000000000108         0.6133339632958058
34.62000000000107         0.6188663962745402
34.640000000001066        0.6134272271053668
34.66000000000108         0.5946555747489816
34.68000000000107         0.5594835833707326
34.70000000000108         0.5109497521247665
34.72000000000111         0.4562296002565644
34.740000000001096        0.40551371075829257
34.76000000000111         0.36329945762573684
34.78000000000112         0.3296621593457056
34.80000000000111         0.3033296077277633
34.82000000000111         0.282950925575152
34.840000000001126        0.2674130146246952
34.860000000001136        0.25587079536025237
34.88000000000112         0.24771137759767284
34.90000000000112         0.24251272518082828
34.920000000001124        0.24001135487147704
34.94000000000113         0.24008134604743409
34.96000000000113         0.2427241349113982
34.98000000000112         0.24806959043761773
35.00000000000112         0.2563829177562396
35.02000000000114         0.26809036019355825
35.04000000000114         0.28380920592828407
35.060000000001125        0.30438997244571664
35.080000000001135        0.33095252777072554
35.10000000000114         0.3648558712746666
35.120000000001134        0.4073803897223775
35.14000000000113         0.4584530955421513
35.16000000000111         0.5135578078835381
35.180000000001115        0.5625964273458001
35.2000000000011          0.597990902809532
35.22000000000109         0.6169040450666446
35.240000000001096        0.622471690337619
35.260000000001114        0.6170015063490794
35.280000000001095        0.5981852814128809
35.30000000000111         0.5628842355088491
35.320000000001116        0.5139312606289241
35.34000000000113         0.4589052413395889
35.360000000001136        0.40790981494659867
35.38000000000114         0.36546530646575204
35.40000000000115         0.3316464505806405
35.42000000000116         0.30517344144655095
35.44000000000115         0.2846875481004451
35.46000000000116         0.2690692520357602
35.48000000000116         0.2574686343447181
35.500000000001144        0.24926932945781624
35.52000000000117         0.24404638052523248
35.540000000001164        0.24153635171745513
35.56000000000116         0.2416116615703391
35.580000000001164        0.24427389025803256
35.60000000000116         0.2496528106842541
35.62000000000116         0.25801678557849783
35.640000000001166        0.2697941322316374
35.66000000000117         0.28560590922273194
35.68000000000118         0.3063078176810523
35.70000000000117         0.33302655494483346
35.72000000000117         0.3671294420636552
35.74000000000117         0.4099048875073991
35.76000000000116         0.4612804876497865
35.780000000001145        0.5167158042569631
35.80000000000115         0.5659126078518248
35.82000000000112         0.6016033072121972
35.840000000001126        0.6207053762794748
35.86000000000112         0.6263117551872898
35.88000000000113         0.6208075434273362
35.90000000000115         0.6018732732045241
35.92000000000114         0.5663560023777773
35.94000000000116         0.5171086218277434
35.960000000001166        0.46175921803165554
35.980000000001176        0.410469028945315
36.00000000000118         0.367782383615194
36.02000000000119         0.33377321634566853
36.040000000001186        0.30715355578365616
36.06000000000119         0.28655376805106486
36.08000000000119         0.2708527806080763
36.100000000001195        0.2591931843258054
36.120000000001184        0.2509544772325859
36.1400000000012          0.24570968757736142
36.1600000000012          0.24319241047135523
36.18000000000121         0.24327544939172552
36.2000000000012          0.24596050160354668
36.22000000000119         0.25137827505013477
36.240000000001196        0.25979898636366233
36.260000000001206        0.27165383875544924
36.28000000000121         0.2875680166594602
36.30000000000121         0.3084028715656425
36.3200000000012          0.3352925251095997
36.340000000001204        0.3696410311794548
36.36000000000121         0.41273168957443507
36.380000000001196        0.46446318155950156
36.40000000000119         0.5201596205285135
36.42000000000118         0.5696902740883468
36.44000000000117         0.6056251615124912
36.460000000001166        0.624863524832735
36.48000000000116         0.6305125458918757
36.500000000001165        0.6249713077646208
36.52000000000117         0.6059076603952258
36.54000000000119         0.5701541786764682
36.56000000000119         0.520586152222577
36.5800000000012          0.46488598459048847
36.60000000000121         0.4132771492320027
36.620000000001205        0.3703573256414812
36.64000000000122         0.3361226071754719
36.660000000001226        0.3093388520290817
36.68000000000123         0.2886216964571548
36.700000000001225        0.27283344073026744
36.72000000000123         0.26111195819695676
36.740000000001224        0.2528327417630625
36.76000000000123         0.24756613032581992
36.78000000000123         0.2450441247098164
36.800000000001226        0.24513888760653538
36.82000000000125         0.2478523552791244
36.84000000000124         0.25331634731497055
36.860000000001236        0.26180317740855424
36.88000000000124         0.27374503134609474
36.90000000000124         0.28977616776019205
36.92000000000124         0.3107641869135902
36.94000000000124         0.33785556093958635
36.960000000001244        0.3724450103344265
36.98000000000124         0.4158461913873426
37.00000000000125         0.4679519016518876
37.020000000001225        0.5240560269472204
37.04000000000122         0.5739574677325531
37.06000000000121         0.6101669986602927
37.0800000000012          0.6295579728926106
37.1000000000012          0.6352543491375132
37.12000000000119         0.6296711195276681
37.14000000000119         0.6104618541901617
37.160000000001205        0.5742986900423402
37.18000000000122         0.5245105458397525
37.200000000001225        0.4685181545409186
37.22000000000124         0.41652732053371416
37.240000000001245        0.37324729337384127
37.260000000001256        0.3387859405504069
37.28000000000125         0.3118293765286335
37.300000000001255        0.29098273850009876
37.32000000000127         0.275099849556911
37.34000000000126         0.2633122637567129
37.36000000000126         0.2549909773000801
37.38000000000127         0.2497033235580688
37.40000000000126         0.24717954078029064
37.42000000000126         0.24729111489144595
37.44000000000127         0.25003975833332615
37.460000000001266        0.2555593025493619
37.48000000000127         0.2641243410618286
37.50000000000127         0.27617325465418413
37.52000000000127         0.29234184174096156
37.54000000000127         0.3135068305618876
37.56000000000128         0.34082451044172446
37.58000000000126         0.37570155443662706
37.60000000000127         0.41946315112318994
37.62000000000126         0.4720029118857852
37.64000000000126         0.528580202947274
37.66000000000124         0.5789129976353725
37.68000000000125         0.61544275707973
37.70000000000124         0.635012407777985
37.720000000001235        0.6407644381573576
37.74000000000123         0.6351308794491202
37.760000000001234        0.6156831214799936
37.78000000000123         0.5792798960600968
37.800000000001255        0.5290762868489988
37.82000000000127         0.4726318001106954
37.840000000001275        0.4202319642187797
37.860000000001286        0.3766190083511067
37.880000000001296        0.34189903560473034
37.90000000000129         0.31474612761372117
37.920000000001295        0.29375323766082884
37.9400000000013          0.2777643419076247
37.96000000000131         0.2659036717359373
37.980000000001304        0.25753809910444203
38.0000000000013          0.252228913674829
38.02000000000131         0.24970598937512367
38.040000000001314        0.24984000774138831
38.06000000000132         0.25263362050017035
38.08000000000131         0.258221604156361
38.10000000000131         0.2668817071250121
38.12000000000131         0.27905684398647723
38.14000000000132         0.29538924085629487
38.16000000000131         0.31676440225985414
38.180000000001314        0.344350142175517
38.20000000000132         0.37956714703236616
38.22000000000131         0.4237541259644896
38.24000000000131         0.4768060142661651
38.260000000001305        0.5339475821108015
38.28000000000127         0.5849363915017571
38.300000000001276        0.621774272770186
38.32000000000126         0.6414923283088413
38.34000000000126         0.6473122176155447
38.360000000001264        0.6416205485364143
38.38000000000126         0.6219694430938162
38.40000000000127         0.585199708650828
38.42000000000128         0.5345046066155539
38.4400000000013          0.47752776791084034
38.46000000000131         0.42464817044495684
38.48000000000131         0.38064604994875617
38.50000000000133         0.3456250056919852
38.52000000000133         0.3182456584663858
38.54000000000132         0.29708629940511033
38.560000000001324        0.2809765855015288
38.580000000001334        0.2690335507908164
38.60000000000134         0.2606173556730185
38.620000000001326        0.25528794699165874
38.640000000001336        0.2527712206781001
38.66000000000133         0.25293705870043776
38.680000000001336        0.2557887344119291
38.70000000000134         0.26146309913908955
38.720000000001335        0.2702415839662002
38.740000000001345        0.28257268151301407
38.76000000000134         0.2991065194844628
38.78000000000136         0.3207393694973617
38.80000000000134         0.34864644738116796
38.82000000000134         0.38425712145423385
38.840000000001346        0.428920751273345
38.860000000001335        0.4825709767371727
38.88000000000134         0.5404935534256742
38.900000000001306        0.5921093147315537
38.92000000000131         0.6294130835613219
38.94000000000129         0.649392428657536
38.960000000001294        0.6552936567159812
38.9800000000013          0.6495278712683246
39.000000000001315        0.6296251890763427
39.02000000000131         0.5924070416201692
39.04000000000133         0.5411141900957948
39.06000000000134         0.48349428279224455
39.08000000000134         0.42996616265637316
39.10000000000136         0.3855402381654788
39.12000000000136         0.3501808815168437
39.14000000000136         0.3225371218128175
39.16000000000136         0.3011782135318921
39.18000000000137         0.2849263394712239
39.20000000000137         0.27288803569129294
39.22000000000136         0.26441605447427674
39.240000000001366        0.25906548387775596
39.26000000000138         0.25655946364850735
39.28000000000139         0.2567669484353839
39.30000000000138         0.25969200639642315
39.32000000000138         0.2654740452391083
39.340000000001375        0.27440072841151064
39.360000000001385        0.2869245706561062
39.38000000000138         0.30370592765830856
39.400000000001384        0.3256526011981255
39.42000000000139         0.3539595262586726
39.44000000000138         0.3900768232508577
39.460000000001386        0.43537284372358154
39.48000000000138         0.4897842851537081
39.500000000001364        0.5485439286789496
39.52000000000135         0.6009369881296036
39.54000000000134         0.6388245033377359
39.56000000000133         0.6591372057174328
39.580000000001334        0.6651448777561938
39.60000000000132         0.6592874706470567
39.620000000001326        0.6391423862712494
39.640000000001365        0.6014461626044381
39.660000000001354        0.5492736631334688
39.680000000001364        0.49076680725717137
39.70000000000137         0.4366382178263228
39.720000000001384        0.39164924153209557
39.74000000000139         0.35585720031531537
39.76000000000139         0.3278895206082943
39.7800000000014          0.30629399161060605
39.8000000000014          0.289875524059399
39.8200000000014          0.2777278226451995
39.840000000001396        0.26919460716223775
39.8600000000014          0.26382505944118084
39.8800000000014          0.2613390166756493
39.9000000000014          0.26160459780336454
39.92000000000143         0.26462696756393966
39.940000000001405        0.27054870584428065
39.96000000000141         0.27966146821500926
39.98000000000141         0.29242898622024566
40.00000000000141         0.3095225241413069
40.02000000000141         0.33186613779116103
40.04000000000141         0.3606759205199078
40.06000000000141         0.39742752668834413
40.08000000000141         0.4435140457236941
40.10000000000142         0.49887679117773914
40.1200000000014          0.5586864477185614
40.14000000000139         0.6120636782679016
40.160000000001375        0.6506240862814927
40.180000000001364        0.6714395357959803
40.20000000000137         0.677587399188105
40.22000000000136         0.671611788361301
40.240000000001366        0.6510623023493833
40.26000000000138         0.6126634284913831
40.280000000001394        0.5595690636780124
40.300000000001404        0.5000944865504752
40.320000000001414        0.4451130061795603
40.34000000000141         0.3994428667182646
40.36000000000142         0.36313251574380967
40.38000000000143         0.3347819106704776
40.40000000000143         0.31291188537951536
40.42000000000145         0.29630574536450854
40.44000000000144         0.28403950423059143
40.460000000001436        0.27544977124822917
40.48000000000144         0.27007600676699406
40.50000000000144         0.2676341347106321
40.520000000001446        0.26799108101205055
40.540000000001434        0.271153745641547
40.560000000001445        0.2772693360601802
40.58000000000144         0.2866370665773576
40.60000000000145         0.2997318772025818
40.62000000000144         0.31724069351807704
40.64000000000145         0.3401086662039659
40.660000000001446        0.3695792055045338
40.68000000000145         0.4071607706822718
40.70000000000145         0.454278307394947
40.72000000000144         0.5109849406102975
40.74000000000143         0.5720672906550167
40.76000000000142         0.6266062616410332
40.78000000000141         0.6663233889073845
40.8000000000014          0.6877363918885888
40.82000000000141         0.6940809982203467
40.840000000001396        0.6879428952639081
40.8600000000014          0.6668470209879974
40.88000000000141         0.6275174344039257
40.90000000000142         0.5732245950663301
40.92000000000144         0.5125228805166464
40.94000000000145         0.4564815548113285
40.96000000000146         0.4099807478966072
40.980000000001475        0.3730598506858481
41.000000000001464        0.3442597496077323
41.02000000000146         0.3220842231987512
41.04000000000147         0.3052835948569375
41.06000000000149         0.29291888651300546
41.08000000000147         0.28430971253883675
41.10000000000148         0.27898684173590527
41.120000000001475        0.27666011347619096
41.14000000000148         0.2771953582074314
41.160000000001475        0.28060254558902753
41.180000000001485        0.2870359533214877
41.20000000000148         0.29680625090787227
41.220000000001484        0.31040496613077645
41.2400000000015          0.32854185517064066
41.260000000001504        0.352191475250322
41.28000000000149         0.3826465064580583
41.30000000000148         0.4214679710505988
41.320000000001485        0.47013350787550656
41.34000000000148         0.5285681304589925
41.36000000000146         0.5916642598499603
41.38000000000145         0.6481518030822582
41.40000000000144         0.6893926288303627
41.42000000000143         0.7117380223710934
41.440000000001426        0.7184147119210589
41.46000000000145         0.7120738166715616
41.48000000000144         0.6902343518728015
41.50000000000144         0.6496647807105173
41.52000000000146         0.593836969790988
41.54000000000147         0.5317818955315186
41.5600000000015          0.47458784142419524
41.58000000000149         0.4273157905360136
41.6000000000015          0.38999934644587686
41.62000000000149         0.3611473435941134
41.6400000000015          0.3391959057162912
41.6600000000015          0.3228628054873816
41.680000000001506        0.3111848931454329
41.7000000000015          0.30347560443611704
41.720000000001505        0.2992753432273762
41.74000000000152         0.2983137757938673
41.75000000000001         0.2990086439128355
