% Model:              Untitled.mph
% Version:            COMSOL 5.6.0.280
% Date:               Sep 23 2021, 21:08
% Dimension:          1
% Nodes:              1015
% Expressions:        1
% Description:        线图
% cln2x                   Height
21.52                     0.23175717599374507
21.539999999999992        0.23355003082007875
21.55999999999999         0.23905560200363823
21.58                     0.24859384362819856
21.599999999999994        0.2627301128987551
21.61999999999999         0.28228603867102264
21.639999999999986        0.3083174554003821
21.65999999999999         0.3418430180959228
21.679999999999996        0.38275045130528684
21.700000000000003        0.42719350633491565
21.719999999999995        0.46685290168850624
21.739999999999995        0.4956439684599144
21.759999999999994        0.5110056730984277
21.779999999999998        0.5154879824192955
21.799999999999986        0.5110460969217107
21.819999999999983        0.49577593212780224
21.839999999999993        0.46696464820238287
21.859999999999996        0.42733274728532683
21.879999999999995        0.3829101410932866
21.89999999999999         0.3420194359188099
21.91999999999999         0.3085098777792669
21.939999999999998        0.28249506429770427
21.95999999999999         0.26295666615913954
21.97999999999999         0.24883877498490944
21.999999999999993        0.2393180687480794
22.02                     0.23383256793635443
22.039999999999992        0.23205969652183348
22.059999999999995        0.23389508646097532
22.07999999999999         0.23944473157887355
22.099999999999987        0.24903270108586353
22.119999999999994        0.2632208880649542
22.139999999999986        0.28283931673197604
22.15999999999999         0.30894474954272166
22.179999999999993        0.34255837416138557
22.199999999999992        0.38356768062826113
22.219999999999988        0.4281177162240833
22.239999999999984        0.4678707672011575
22.259999999999984        0.4967292331308975
22.279999999999983        0.5121269782981899
22.299999999999986        0.5166201716137685
22.31999999999999         0.5121688746276916
22.33999999999999         0.49686526559428096
22.359999999999992        0.4681064275933469
22.379999999999992        0.42827777001635714
22.399999999999988        0.3837538626115901
22.419999999999987        0.342774985660012
22.43999999999999         0.3091936048942159
22.459999999999983        0.28312349423777616
22.479999999999986        0.2635440786215608
22.499999999999986        0.2493971389968275
22.51999999999998         0.23985756481570744
22.539999999999992        0.23436217279840196
22.559999999999988        0.23258771930559433
22.579999999999984        0.2344296596079399
22.599999999999984        0.23999428699254813
22.619999999999987        0.24960646684089924
22.639999999999986        0.26383047775072066
22.65999999999998         0.28349516690253784
22.67999999999998         0.30966290798805146
22.699999999999985        0.34335623813530336
22.719999999999978        0.38446244120293377
22.739999999999988        0.4291177698943572
22.759999999999977        0.4689652499235834
22.779999999999976        0.49789276928641935
22.799999999999976        0.5133280402752064
22.819999999999975        0.5178329103335979
22.83999999999998         0.5133719790547704
22.859999999999978        0.4980331068800824
22.879999999999978        0.4692075722975801
22.899999999999984        0.42928651386266325
22.919999999999977        0.38458536905898644
22.93999999999997         0.3435863595977709
22.959999999999976        0.3099280125895637
22.979999999999976        0.283798607499096
22.99999999999998         0.2641751958788657
23.019999999999975        0.24999709142627513
23.039999999999974        0.24043726587754885
23.05999999999997         0.23493124553634928
23.079999999999977        0.2331550724230905
23.099999999999973        0.23500401439146207
23.119999999999976        0.24058468863499563
23.139999999999972        0.25022281858708834
23.15999999999997         0.26448413001055954
23.17999999999997         0.2841953502091555
23.19999999999997         0.31041382633115294
23.21999999999997         0.3442131349970612
23.239999999999977        0.3854234610117746
23.259999999999977        0.43019196389446673
23.27999999999997         0.47014094187275685
23.29999999999997         0.4991427335944406
23.319999999999965        0.5146184277653855
23.339999999999964        0.5191359997433121
23.35999999999997         0.5146648978614686
23.379999999999967        0.4992882973187696
23.399999999999967        0.4703912040040347
23.419999999999966        0.4303708862425258
23.439999999999973        0.3855588632639096
23.459999999999965        0.3444052463435565
23.479999999999972        0.310717298256455
23.499999999999964        0.2845240056925897
23.519999999999964        0.2648531300178293
23.53999999999996         0.2506413441295266
23.559999999999967        0.24105955679910182
23.579999999999966        0.23554190261227662
23.599999999999962        0.23376365159850238
23.619999999999965        0.23561986584726446
23.639999999999958        0.24121750595779665
23.659999999999965        0.250883212424545
23.679999999999968        0.26518426081864105
23.69999999999996         0.28494962075252656
23.719999999999956        0.3112394977883682
23.73999999999996         0.3450770614686815
23.75999999999996         0.3864520668319911
23.779999999999955        0.4313415774716035
23.799999999999965        0.4713989341688123
23.819999999999954        0.5004799262089689
23.839999999999957        0.515998556450447
23.85999999999996         0.5205293880181052
23.87999999999996         0.5160469533788337
23.899999999999952        0.5006293909280384
23.919999999999956        0.47165525876266706
23.939999999999962        0.4315284902592358
23.959999999999955        0.3865980395381742
23.979999999999958        0.34533617213867207
23.99999999999995         0.3115395046156365
24.01999999999995         0.2852941669312523
24.03999999999995         0.2655767175286795
24.05999999999995         0.2513287889642569
24.079999999999952        0.24172333794596682
24.099999999999948        0.23619301387540007
24.11999999999995         0.23441225885898795
24.139999999999954        0.23627590876027146
24.159999999999958        0.2418912804277723
24.179999999999954        0.25158597807862704
24.19999999999995         0.265928909911315
24.219999999999953        0.285751408183721
24.239999999999945        0.312116688823748
24.25999999999995         0.34605083962075656
24.279999999999944        0.3874689453823996
24.299999999999944        0.43256139964688267
24.31999999999994         0.47273409273098527
24.339999999999954        0.5018997242892997
24.359999999999946        0.5174647034789077
24.379999999999946        0.522010359337804
24.39999999999995         0.5175167642337276
24.419999999999945        0.5020567659732941
24.43999999999994         0.47300159323779795
24.459999999999944        0.4327620571045129
24.479999999999936        0.3877051911224168
24.499999999999943        0.3463273919192956
24.519999999999946        0.3124360883646931
24.53999999999994         0.2861176526629177
24.559999999999935        0.2663467995673073
24.579999999999934        0.2520590023171
24.599999999999937        0.24242806066263528
24.619999999999933        0.23688396308999413
24.639999999999933        0.23510025286260577
24.659999999999936        0.23697151206706382
24.679999999999932        0.2426054267435441
24.699999999999942        0.2523306184635616
24.71999999999994         0.26671772626747725
24.739999999999938        0.2866005929899691
24.759999999999934        0.3130456385058758
24.779999999999934        0.3470820566641182
24.799999999999933        0.3886247700316705
24.819999999999933        0.43385804778188714
24.839999999999936        0.47426392654452576
24.859999999999943        0.5034017858326518
24.879999999999942        0.5190150327741759
24.899999999999938        0.5235757054184532
24.91999999999993         0.5190696565782519
24.939999999999934        0.5035640713286889
24.95999999999993         0.47442266722711285
24.979999999999936        0.4340636279503103
24.99999999999993         0.3888733285206352
25.01999999999993         0.34737334814314985
25.03999999999993         0.3133822981771885
25.059999999999935        0.2869867665649297
25.079999999999927        0.2671584151486322
25.09999999999993         0.2528315413493259
25.11999999999993         0.24317161149939215
25.13999999999993         0.23761283979657377
25.15999999999993         0.23582585227382957
25.17999999999993         0.23770496062150454
25.19999999999993         0.24335823662025333
25.219999999999935        0.2531153698711507
25.23999999999993         0.26754881795073493
25.259999999999923        0.28749506186651846
25.27999999999993         0.3140238879694991
25.299999999999926        0.3481677523068952
25.31999999999993         0.3898414067140051
25.339999999999925        0.43521742954042175
25.35999999999992         0.4757514698683236
25.379999999999928        0.5050375129236515
25.39999999999993         0.5206464103898175
25.41999999999993         0.5252226762767921
25.439999999999923        0.5207031025042497
25.459999999999923        0.5051489531896544
25.479999999999915        0.4759163187344314
25.499999999999922        0.43543126468901455
25.51999999999993         0.3901007422562029
25.539999999999925        0.3484725426074409
25.55999999999992         0.31437682220668534
25.579999999999927        0.28790036033252986
25.599999999999923        0.2680116192920973
25.61999999999992         0.2536416017560756
25.639999999999922        0.2439547339717428
25.65999999999992         0.23837972197618812
25.679999999999918        0.2365884399235173
25.699999999999918        0.23847569792452866
25.719999999999914        0.24414920250837452
25.739999999999913        0.25393976063430934
25.75999999999992         0.2684217334824576
25.77999999999992         0.28843436327735
25.799999999999923        0.3150509583077775
25.819999999999915        0.3493073861462311
25.83999999999991         0.39111823106550203
25.859999999999914        0.4366439093713854
25.879999999999914        0.4773125247187915
25.899999999999913        0.506696677825177
25.91999999999991         0.5223596974469458
25.939999999999916        0.5269519857578934
25.959999999999916        0.5224188849858774
25.979999999999908        0.5068146983725116
25.999999999999908        0.47748704078808063
26.01999999999991         0.4368700535439719
26.0399999999999          0.39139186164058865
26.059999999999903        0.3496283074972055
26.079999999999906        0.3154220766570103
26.099999999999913        0.2888602051132627
26.119999999999916        0.2689077502484232
26.139999999999905        0.2544921999442012
26.15999999999991         0.2447752587803102
26.179999999999907        0.23918379652062216
26.19999999999991         0.23738864340111546
26.219999999999906        0.23928428804708818
26.23999999999991         0.2449788556709716
26.25999999999991         0.25480431231296047
26.279999999999905        0.2693370069092387
26.29999999999991         0.2894190677611752
26.319999999999904        0.3161274847400707
26.339999999999893        0.3505016894357608
26.359999999999907        0.39245609044822266
26.379999999999903        0.43813841139257337
26.399999999999906        0.4789479598737811
26.419999999999902        0.50843486688181
26.439999999999905        0.5241537367617775
26.4599999999999          0.5287634297875746
26.479999999999908        0.5242149024710777
26.4999999999999          0.5085584345177843
26.5199999999999          0.4791307213924031
26.5399999999999          0.4383752596611173
26.559999999999896        0.39274258902877435
26.579999999999895        0.350837630044607
26.599999999999895        0.31651595694195955
26.619999999999894        0.28986483876803126
26.639999999999894        0.2698457884375583
26.659999999999904        0.255382632158294
26.679999999999897        0.2456342274751699
26.69999999999989         0.24002552930409768
26.719999999999892        0.23822629232791323
26.739999999999895        0.24012992462759775
26.759999999999895        0.2458472782244769
26.779999999999898        0.2557092464042152
26.79999999999989         0.2702950340140267
26.81999999999989         0.2904498060590227
26.839999999999897        0.3172544280453919
26.859999999999893        0.35175207986378615
26.879999999999896        0.3938569428111004
26.89999999999989         0.4397032054234943
26.91999999999989         0.48065972274266194
26.93999999999989         0.5102534065219917
26.95999999999989         0.5260298532744028
26.97999999999989         0.5306569909468922
26.9999999999999          0.526092492967475
27.019999999999893        0.5103240048395847
27.03999999999989         0.48084700216982024
27.059999999999892        0.439946513354235
27.079999999999885        0.39415256019664424
27.099999999999884        0.35210014589136407
27.119999999999884        0.3176580861096982
27.13999999999989         0.29091385832495464
27.159999999999886        0.27082529160348734
27.179999999999886        0.2563124063426239
27.19999999999989         0.24653109094092981
27.219999999999878        0.24090429163877705
27.239999999999878        0.2391006460835626
27.259999999999877        0.2410132381270388
27.279999999999884        0.2467518456198529
27.299999999999887        0.25665120268689773
27.31999999999988         0.27129407503062
27.339999999999872        0.29152431999257383
27.35999999999989         0.3184287979791441
27.379999999999885        0.35305456030328414
27.399999999999878        0.39531560291700973
27.419999999999877        0.4413323539443295
27.439999999999884        0.48244236814613917
27.45999999999988         0.5121480130449684
27.47999999999988         0.5279853610335816
27.49999999999988         0.532631495010337
27.519999999999882        0.5280512459751333
27.53999999999989         0.5122250675174606
27.55999999999988         0.4825206154735499
27.579999999999874        0.4415882147397105
27.599999999999874        0.3956256317264873
27.619999999999877        0.35341867284674655
27.639999999999876        0.3188504059465154
27.659999999999876        0.2920085970487364
27.67999999999987         0.27184719140342734
27.699999999999875        0.2572821949906683
27.719999999999878        0.24746636665409943
27.739999999999874        0.24182052705384435
27.759999999999874        0.24001212370418687
27.779999999999873        0.24193390237157067
27.799999999999876        0.24769610688073035
27.819999999999872        0.2576347842628603
27.839999999999872        0.2723338815337693
27.85999999999987         0.2926437447664344
27.87999999999987         0.31965218517492144
27.89999999999987         0.3544113682357841
27.91999999999987         0.3968350803880507
27.939999999999873        0.4430293051494791
27.95999999999987         0.4842988529713104
27.97999999999987         0.5141206614475481
27.999999999999872        0.5300209235602866
28.019999999999868        0.5346863325665286
28.039999999999868        0.5300890727056483
28.059999999999867        0.5142020885849227
28.079999999999874        0.4843835984932832
28.099999999999866        0.4432893208756207
28.119999999999862        0.39723325130404585
28.139999999999862        0.3547892239918099
28.15999999999986         0.3200899779240233
28.179999999999865        0.2931468507568141
28.19999999999986         0.2729097775623023
28.219999999999864        0.2582906167273893
28.23999999999986         0.24843889076857315
28.259999999999863        0.24277321830085144
28.279999999999863        0.24095980416022142
28.299999999999855        0.24289103994700711
28.319999999999865        0.24867766584772846
28.33999999999986         0.2586570989940489
28.359999999999864        0.27341562949777176
28.379999999999864        0.29381135860858076
28.399999999999856        0.32092335302130665
28.419999999999856        0.3558210562619219
28.43999999999987         0.3984136793919666
28.459999999999866        0.4447921563450101
28.479999999999862        0.48622722629864235
28.499999999999858        0.5161694721050781
28.519999999999865        0.5321348567344304
28.539999999999864        0.5368201177452018
28.559999999999864        0.5322050685483333
28.579999999999856        0.5162548339264703
28.599999999999856        0.4863178420834243
28.619999999999862        0.4450606731070536
28.639999999999855        0.39882294550913727
28.65999999999985         0.35626713912309144
28.679999999999847        0.321376860842241
28.699999999999854        0.29432851233711993
28.71999999999985         0.2740128355904713
28.73999999999985         0.2593373854212099
28.75999999999985         0.24944832503759065
28.77999999999985         0.2437619874269575
28.799999999999855        0.24194328292636352
28.819999999999848        0.24388422186455713
28.839999999999847        0.2496960546201342
28.859999999999843        0.25971762535922815
28.87999999999985         0.2745376539036353
28.899999999999846        0.2950177757223329
28.91999999999985         0.3222626173313499
28.939999999999845        0.35733780763287876
28.959999999999845        0.4000502511648778
28.97999999999986         0.44661960975369175
28.99999999999985         0.4882261635204993
29.019999999999854        0.5182931690694684
29.039999999999853        0.5343259918941378
29.059999999999853        0.5390317829986643
29.07999999999985         0.5343982585915159
29.09999999999984         0.5183824375217667
29.11999999999985         0.4883225987983744
29.139999999999855        0.44689658452380643
29.159999999999854        0.4004705680327452
29.179999999999847        0.35774209568284315
29.19999999999984         0.32273181690496405
29.219999999999843        0.29555324213007467
29.23999999999984         0.2751560754096643
29.259999999999835        0.260422250362469
29.279999999999845        0.2504944484784309
29.29999999999984         0.24478663293140954
29.319999999999837        0.24296237164833043
29.339999999999844        0.24491327460468607
29.35999999999984         0.2507511074777959
29.379999999999836        0.26081618727890665
29.39999999999984         0.2756997520246742
29.419999999999835        0.29626709203509105
29.43999999999984         0.3236275076246796
29.45999999999983         0.35885116280383683
29.479999999999833        0.4018217828298456
29.49999999999985         0.44851109648481813
29.519999999999847        0.4902950903635266
29.53999999999984         0.5204912054057138
29.55999999999983         0.5365938083003621
29.57999999999984         0.5413207297703124
29.599999999999838        0.5366677796622977
29.619999999999834        0.5205836200058818
29.639999999999834        0.49039626960872723
29.659999999999833        0.44879531179225474
29.67999999999982         0.40217462044260976
29.699999999999832        0.3592678085774445
29.719999999999825        0.32411184570920387
29.739999999999828        0.29682494367126716
29.759999999999827        0.2763380931136998
29.77999999999983         0.2615450477620067
29.79999999999983         0.25157720322192156
29.81999999999983         0.24584717724157648
29.839999999999826        0.24401715242460667
29.859999999999832        0.24597832617508736
29.879999999999832        0.25184299425622303
29.899999999999817        0.26195298597691974
29.91999999999982         0.2769021325789726
29.93999999999982         0.2975594973206709
29.95999999999983         0.325039206433405
29.97999999999983         0.36041610077997294
29.999999999999822        0.40357359065254006
30.01999999999983         0.45046149898333804
30.03999999999984         0.49231338376028383
30.059999999999828        0.5227642305626676
30.079999999999828        0.538939521543879
30.099999999999824        0.5436888336142481
30.119999999999827        0.5390164679528635
30.139999999999826        0.5228624885755205
30.159999999999823        0.4925439131139924
30.17999999999981         0.4507623565435707
30.199999999999815        0.40393994525042753
30.21999999999982         0.36084804369311463
30.239999999999817        0.32554088313047624
30.259999999999813        0.29813705313057814
30.279999999999813        0.2775628554299105
30.299999999999812        0.26270519771812834
30.319999999999816        0.2526978442065293
30.339999999999815        0.24694474064050959
30.359999999999815        0.24510867120024762
30.379999999999814        0.2470804009758872
30.39999999999982         0.2529727727065793
30.419999999999817        0.2631291823116988
30.439999999999817        0.27814614982215535
30.45999999999982         0.29889665573739593
30.47999999999982         0.3264998410852153
30.499999999999815        0.36203540469429224
30.51999999999981         0.40538638717746256
30.53999999999981         0.4524849257139042
30.55999999999981         0.49452576939472076
30.579999999999814        0.5250576853265947
30.599999999999813        0.5413644411811014
30.61999999999981         0.5461360021305517
30.63999999999981         0.5414424155401671
30.659999999999815        0.5252148162128045
30.679999999999808        0.4947594946296332
30.699999999999804        0.4527907063804029
30.719999999999803        0.4057603765779554
30.739999999999807        0.36247818308976365
30.759999999999817        0.32701561386146805
30.77999999999981         0.2994915546522867
30.799999999999805        0.27882749056942624
30.819999999999812        0.2639054083623449
30.839999999999808        0.25385368094897687
30.8599999999998          0.24807836153859383
30.879999999999804        0.24623603879665118
30.899999999999803        0.24821861410774648
30.919999999999806        0.2541394954110707
30.939999999999813        0.26434369177527595
30.95999999999981         0.27943048995486447
30.979999999999805        0.3002768982331995
30.999999999999805        0.3280072100879305
31.019999999999804        0.3637061172675951
31.039999999999807        0.40725632284187474
31.059999999999803        0.4545719694532285
31.079999999999806        0.49680807175395414
31.099999999999813        0.5274829454297045
31.11999999999981         0.5438665930503923
31.139999999999798        0.5486627385157488
31.1599999999998          0.5439483001679472
31.1799999999998          0.5276460567690103
31.199999999999797        0.4970506164785539
31.2199999999998          0.45488909651618936
31.23999999999979         0.40764356818896647
31.25999999999981         0.36416393987772083
31.279999999999795        0.32854009509632426
31.29999999999981         0.3008913260896234
31.319999999999787        0.28013408064603623
31.33999999999979         0.2651451779051464
31.35999999999979         0.25504900448644624
31.379999999999797        0.24924810726500363
31.399999999999803        0.24739992340280564
31.419999999999796        0.24939350218999587
31.439999999999795        0.25534361321346244
31.459999999999795        0.26559692549130254
31.4799999999998          0.28075557261926026
31.499999999999787        0.3017007116547627
31.51999999999979         0.3295619460401663
31.53999999999979         0.3654291144575659
31.559999999999796        0.4091845730438262
31.579999999999796        0.4567239158899027
31.59999999999979         0.499161195854086
31.619999999999788        0.5299833287655313
31.639999999999787        0.546446899470708
31.659999999999794        0.5512671889004415
31.67999999999978         0.5465314751440755
31.699999999999783        0.530150526652295
31.719999999999782        0.4994098981135952
31.739999999999796        0.45704930158469453
31.75999999999978         0.4095823062926621
31.77999999999978         0.3658998213072472
31.79999999999978         0.3301102937656195
31.81999999999978         0.30233337568991253
31.83999999999978         0.28148036362268286
31.85999999999978         0.26642276429375256
31.879999999999768        0.2562808692236826
31.899999999999768        0.2504544577178362
31.919999999999774        0.2485993946045443
31.939999999999767        0.2506050477065781
31.959999999999773        0.2565843902150984
31.97999999999978         0.26688818804887676
31.99999999999978         0.28212070613872103
32.019999999999776        0.30316736817055406
32.039999999999786        0.3311632369931334
32.059999999999775        0.36720344366650814
32.07999999999978         0.41117000631617295
32.09999999999978         0.4589395271823878
32.11999999999978         0.5015840123109401
32.13999999999979         0.5325579431458015
32.15999999999978         0.5491040479990279
32.17999999999979         0.5539494413199747
32.199999999999775        0.5491911106929221
32.21999999999978         0.5327884532748892
32.23999999999978         0.5018401803550785
32.25999999999977         0.4592746735151878
32.279999999999774        0.41157954150316034
32.29999999999977         0.36768801655738237
32.31999999999977         0.3317277515415946
32.33999999999977         0.3038187855396136
32.35999999999977         0.2828671116485578
32.37999999999977         0.26773875037822337
32.399999999999764        0.257549737681308
32.41999999999976         0.25169699515184113
32.43999999999976         0.2498347723421529
32.459999999999766        0.25185194833256347
32.47999999999977         0.2578636879066158
32.499999999999766        0.26821982058785615
32.51999999999977         0.28352615925091157
32.539999999999765        0.3046771558651863
32.55999999999977         0.33281140660679753
32.57999999999978         0.3690294846942134
32.599999999999774        0.4132130732201435
32.619999999999784        0.46121929533263634
32.63999999999977         0.5040769732348591
32.659999999999776        0.5352071649623623
32.67999999999978         0.5518382846741583
32.699999999999775        0.5567095156892198
32.71999999999978         0.5519277985976139
32.73999999999977         0.5354429261619039
32.75999999999978         0.5044645100311212
32.779999999999745        0.4615642884932282
32.79999999999976         0.4136347160133723
32.81999999999976         0.3695285230737611
32.83999999999976         0.33339300801463106
32.859999999999765        0.30534857936297255
32.87999999999976         0.2842957842882123
32.899999999999764        0.2690950178130284
32.91999999999975         0.25885792333798463
32.93999999999975         0.25297846887518005
32.95999999999975         0.251109254453926
32.979999999999784        0.25313867228019815
32.999999999999766        0.25918252566818634
33.019999999999754        0.2695924590394122
33.03999999999976         0.2849785148876976
33.059999999999754        0.30623632128437916
33.07999999999976         0.33451364180680077
33.09999999999976         0.37091554311236563
33.11999999999976         0.41532336112931245
33.13999999999976         0.4635741090948497
33.15999999999977         0.5066520384308854
33.17999999999975         0.5379436952909511
33.199999999999754        0.5546626649365636
33.21999999999976         0.5595605206179474
33.23999999999976         0.5547544243061228
33.25999999999975         0.5381843082506717
33.27999999999975         0.5070471697725121
33.29999999999974         0.463933765626615
33.31999999999975         0.4156773067281381
33.33999999999976         0.37143032241453466
33.35999999999975         0.335114509888818
33.37999999999975         0.3069308361020676
33.39999999999975         0.28577423345135405
33.41999999999975         0.2704993161816487
33.43999999999974         0.26021320972403655
33.459999999999745        0.25430681463256016
33.47999999999974         0.2524310336963577
33.49999999999974         0.25447378114194635
33.51999999999974         0.2605515474613405
33.53999999999975         0.2710178827930251
33.55999999999975         0.28648607902859335
33.579999999999735        0.30785194393063275
33.599999999999746        0.33628297200005836
33.61999999999974         0.37287641108287745
33.639999999999745        0.41751777259347383
33.65999999999975         0.4660230086463092
33.679999999999744        0.5093298606096689
33.69999999999977         0.5407891806863966
33.71999999999974         0.5575991839350167
33.739999999999746        0.5625245094382848
33.75999999999974         0.5576929625449312
33.77999999999975         0.5410341972951807
33.79999999999974         0.5097321114568073
33.819999999999744        0.46639200050220375
33.83999999999974         0.41788416914508103
33.85999999999974         0.37335051834831845
33.87999999999975         0.33690511553057245
33.899999999999736        0.30857693971241995
33.91999999999974         0.28731266143117085
33.939999999999735        0.27196089295904374
33.95999999999974         0.26162408213987015
33.979999999999734        0.2556899304745869
33.99999999999973         0.25380755092665197
34.01999999999973         0.2558643622707384
34.03999999999972         0.2619775773587575
34.05999999999975         0.272502731414424
34.079999999999735        0.2880564944648665
34.09999999999973         0.3095395719519018
34.11999999999974         0.33810369326968676
34.13999999999974         0.37486071492337286
34.15999999999974         0.4198027584362398
34.17999999999974         0.46857293519276777
34.19999999999974         0.5121186307080687
34.21999999999974         0.5437531975869871
34.23999999999975         0.5606587080952518
34.25999999999974         0.56561306633456
34.27999999999974         0.5607551211302101
34.299999999999734        0.5440039328736547
34.31999999999973         0.5125299028260059
34.339999999999726        0.4689535488432903
34.35999999999972         0.4201839188457827
34.379999999999725        0.3754114509505389
34.39999999999972         0.33874933242309857
34.41999999999973         0.31029288544620937
34.43999999999972         0.2889165116084754
34.459999999999724        0.2734847351829766
34.47999999999973         0.2630951488296536
34.499999999999716        0.25713214104565146
34.51999999999972         0.25524293311672663
34.53999999999972         0.2573144060111437
34.55999999999972         0.2634645254883046
34.57999999999973         0.2740508949036957
34.59999999999974         0.28969369672135625
34.61999999999972         0.31129872434420325
34.63999999999972         0.340024188635774
34.65999999999971         0.3769882334072619
34.67999999999974         0.4221019259563303
34.699999999999726        0.47122934436012726
34.71999999999972         0.5150243091612996
34.73999999999972         0.5468420968076201
34.75999999999972         0.5638478322035568
34.77999999999974         0.5688329050945029
34.79999999999972         0.5639476546074798
34.81999999999972         0.5471002212924897
34.83999999999971         0.5154470416903562
34.85999999999972         0.4716245540050843
34.87999999999972         0.4225822243401239
34.899999999999714        0.37756106283150276
34.91999999999972         0.3406962937327738
34.93999999999972         0.31207882719716035
34.95999999999973         0.29059164790323794
34.97999999999971         0.275075589764893
34.999999999999716        0.2646312668394182
35.01999999999971         0.25863848426761793
35.039999999999715        0.25674251142007476
35.05999999999971         0.2588296489536195
35.07999999999971         0.26501865138385783
35.09999999999972         0.2756693054405175
35.119999999999706        0.2914054916736367
35.13999999999972         0.313138355021404
35.15999999999972         0.3420329248524111
35.179999999999715        0.3792139595590671
35.19999999999971         0.4245923197799356
35.21999999999972         0.4740139302170694
35.23999999999971         0.5180641733607539
35.25999999999972         0.5500728151709127
35.27999999999972         0.5671824736323429
35.29999999999972         0.5721990931502976
35.31999999999972         0.5672850762691597
35.33999999999971         0.5503370895697661
35.35999999999971         0.5184970228393897
35.37999999999971         0.4744180047329389
35.39999999999971         0.4250917755399918
35.41999999999971         0.3798120616067777
35.4399999999997          0.3427369898260276
35.4599999999997          0.3139575844458247
35.4799999999997          0.2923501949172159
35.49999999999971         0.2767510076466604
35.5199999999997          0.2662489568080825
35.5399999999997          0.26022672577962436
35.559999999999704        0.25832544749719666
35.5799999999997          0.26043085530553545
35.599999999999696        0.26666254693736235
35.6199999999997          0.2773826476126586
35.639999999999695        0.2932189895875659
35.65999999999969         0.31508841578660784
35.67999999999971         0.3441632008314385
35.6999999999997          0.38157512761394125
35.7199999999997          0.427234864088618
35.7399999999997          0.47696391104819047
35.759999999999714        0.5214181932837999
35.7799999999997          0.5535628109507476
35.79999999999969         0.5707230120969391
35.8199999999997          0.5757734141966266
35.8399999999997          0.5708290882330707
35.85999999999971         0.5537746861180107
35.879999999999704        0.5217368247869766
35.8999999999997          0.47738646092614445
35.91999999999969         0.42776025838803117
35.93999999999969         0.38220778515184767
35.959999999999695        0.34491134390000594
35.9799999999997          0.3159620021335475
35.9999999999997          0.29422902669818846
36.0199999999997          0.27854138543384094
36.03999999999971         0.2679840737670677
36.05999999999969         0.26193107316832515
36.07999999999969         0.2600264080425256
36.09999999999969         0.26215363008779585
36.119999999999685        0.2684332967235552
36.13999999999969         0.27923007771737673
36.1599999999997          0.2951761101060896
36.179999999999694        0.3171944356912097
36.19999999999969         0.3464651967582941
36.2199999999997          0.3841277981088107
36.2399999999997          0.4300926984161646
36.25999999999969         0.4801548987756139
36.279999999999696        0.5249096001108221
36.2999999999997          0.5572735952682217
36.31999999999969         0.5745540502523813
36.33999999999969         0.5796400759853523
36.35999999999969         0.5746629982623245
36.37999999999969         0.5574936977785652
36.39999999999969         0.5252424835398408
36.41999999999969         0.48059974046444615
36.43999999999968         0.4306508481452645
36.45999999999968         0.38480555690825813
36.47999999999968         0.3472720887432734
36.49999999999968         0.3181414375071026
36.519999999999676        0.2962751682778463
36.53999999999967         0.28049443353865405
36.55999999999968         0.26987819510748795
36.579999999999686        0.26379723358141133
36.59999999999968         0.2618908687486731
36.619999999999685        0.26404466717490027
36.63999999999968         0.2703794837607845
36.65999999999968         0.28126283549638403
36.67999999999967         0.2973316139736645
36.699999999999676        0.31951570954860437
36.71999999999967         0.3490039482516071
36.73999999999967         0.3869441416018367
36.75999999999968         0.4332465656302067
36.779999999999674        0.4836772389450313
36.799999999999685        0.5287646879064504
36.81999999999968         0.5613720232699643
36.83999999999967         0.5787853677439935
36.85999999999968         0.583912503154174
36.879999999999676        0.5788997782772349
36.89999999999969         0.5616042897140755
36.91999999999968         0.529118477939694
36.93999999999968         0.4841543467330632
36.95999999999967         0.4338510593483366
36.97999999999967         0.38768478978121645
36.99999999999968         0.34989229230394264
37.01999999999966         0.32056435932717187
37.039999999999665        0.29855396538028117
37.05999999999967         0.2826736019630908
37.07999999999967         0.2719955695755744
37.09999999999967         0.26588621483185787
37.11999999999967         0.26398248086486736
37.139999999999674        0.2661686103922759
37.15999999999968         0.2725693725455236
37.179999999999666        0.2835530336646374
37.19999999999966         0.2997627698958713
37.219999999999665        0.3221362416182864
37.23999999999967         0.3518721258121837
37.25999999999968         0.3901277661386495
37.27999999999967         0.43681319783227934
37.29999999999967         0.4876615426626695
37.31999999999968         0.5331258114714489
37.33999999999967         0.5660085313820571
37.35999999999967         0.5835720506601992
37.37999999999967         0.5887452133607132
37.39999999999967         0.5836905023245181
37.41999999999966         0.5661903677215278
37.43999999999968         0.5335006680173846
37.45999999999966         0.4881737425245229
37.47999999999967         0.43747203633648724
37.49999999999966         0.39094596539835585
37.519999999999655        0.3528638172889986
37.53999999999966         0.3233159553327397
37.55999999999966         0.30114561236841636
37.57999999999966         0.2851555102132677
37.59999999999966         0.27441046151441606
37.61999999999965         0.2682718464985832
37.63999999999966         0.2663739728054768
37.659999999999656        0.2686006009099059
37.67999999999965         0.2750764376545656
37.699999999999655        0.2861786662394336
37.71999999999965         0.3025516397480192
37.739999999999654        0.32514366761593183
37.75999999999965         0.3551647234252992
37.77999999999966         0.39378306318834555
37.79999999999967         0.4409085058237509
37.81999999999966         0.49223678730694664
37.83999999999966         0.5381346911472344
37.859999999999665        0.5713347787690873
37.87999999999967         0.5890719799987099
37.899999999999665        0.5942990255325269
37.91999999999966         0.5891982139178313
37.93999999999966         0.5715339218170101
37.95999999999965         0.5384101374983754
37.97999999999966         0.4927996910321115
37.999999999999645        0.4416422582335613
38.019999999999655        0.3947050407318094
38.039999999999644        0.3562927676153254
38.059999999999654        0.32649523379688805
38.07999999999964         0.3041443530589651
38.09999999999965         0.28803152606329263
38.11999999999964         0.2772129334175993
38.13999999999964         0.27104426654757
38.15999999999964         0.269156849811357
38.17999999999964         0.27143396090593597
38.19999999999965         0.27800227343609235
38.21999999999964         0.2892412966275335
38.23999999999964         0.30580825010147233
38.25999999999964         0.32865886179123915
38.279999999999646        0.35901497479205063
38.299999999999635        0.39805884180736467
38.319999999999645        0.4457000208574607
38.33999999999966         0.49759043032324923
38.35999999999964         0.5439959146393369
38.37999999999965         0.5775673519577104
38.39999999999965         0.5955076122401874
38.419999999999646        0.6007973304390306
38.43999999999964         0.595641883113855
38.459999999999646        0.5777847855471011
38.47999999999964         0.54430555266133
38.499999999999645        0.49820796935404393
38.51999999999965         0.44652544721969095
38.539999999999644        0.3991116968860889
38.55999999999963         0.360317869059161
38.579999999999636        0.33023282310509317
38.599999999999625        0.30767517984792864
38.61999999999964         0.2914230908540413
38.63999999999963         0.28052265069851445
38.659999999999634        0.2743229451726218
38.67999999999962         0.2724518795502432
38.69999999999964         0.27479225356997533
38.71999999999963         0.2814731494942544
38.739999999999625        0.29287952968487024
38.759999999999636        0.3096774477948267
38.77999999999964         0.33284003889077796
38.79999999999963         0.36359009179975876
38.81999999999964         0.40313985020091747
38.839999999999634        0.4513937469247702
38.859999999999644        0.5039521479738112
38.879999999999654        0.5509616013981189
38.89999999999964         0.5849754309378763
38.91999999999964         0.6031581524586623
38.93999999999964         0.608522928228633
38.95999999999964         0.6033025342337803
38.97999999999964         0.5852161318242904
38.99999999999963         0.5513147935161012
39.01999999999963         0.5046450285758735
39.03999999999962         0.452421856096403
39.05999999999965         0.4044194554220464
39.079999999999615        0.3651133209389572
39.09999999999963         0.33468937071245414
39.11999999999962         0.31188860955743053
39.139999999999624        0.2954734027949346
39.15999999999961         0.284477825038392
39.17999999999962         0.2782430986910714
39.19999999999962         0.27639307940517727
39.219999999999615        0.27881002391379317
39.239999999999625        0.2856259098200544
39.259999999999614        0.2972322220629509
39.27999999999962         0.31430556603009313
39.29999999999961         0.3378340512561366
39.31999999999962         0.3690831253271015
39.33999999999963         0.40921110196547666
39.35999999999963         0.4581946230251039
39.379999999999626        0.5115490692483702
39.39999999999963         0.5592793981830764
39.41999999999964         0.5938219407139111
39.43999999999963         0.6122950368811216
39.45999999999963         0.6177498460442791
39.47999999999963         0.6124517362597569
39.49999999999963         0.5940914172098026
39.51999999999962         0.5596871622673026
39.539999999999615        0.5123370582878537
39.55999999999962         0.4593710377539261
39.579999999999615        0.4107017589417952
39.599999999999625        0.3708874345415015
39.619999999999614        0.3400415627077027
39.63999999999961         0.3169567342360928
39.65999999999961         0.30035255234755603
39.679999999999616        0.2892487141859313
39.69999999999961         0.28297704953930997
39.71999999999963         0.28115661330528646
39.73999999999962         0.2836690841623748
39.759999999999614        0.2906499979394067
39.77999999999963         0.3024987647223069
39.79999999999961         0.3199047704906217
39.81999999999961         0.3438742391674985
39.83999999999961         0.37569547555319804
39.85999999999962         0.4166118597816583
39.87999999999962         0.4664992887287854
39.89999999999962         0.5207224864773853
39.91999999999961         0.5693224037386814
39.93999999999961         0.6045037163360782
39.959999999999624        0.6233285003239515
39.979999999999606        0.6288926721253845
39.999999999999616        0.6235008443138107
40.019999999999605        0.6048107124321348
40.03999999999961         0.5698034626080888
40.059999999999604        0.5216407105117146
40.0799999999996          0.4677922360804675
40.099999999999596        0.41833565736317063
40.1199999999996          0.3778983750184365
40.13999999999961         0.3465957179651599
40.1599999999996          0.3231819468460325
40.179999999999595        0.3063681768933373
40.1999999999996          0.29515183664351813
40.219999999999594        0.2888535525439104
40.23999999999958         0.28708681212189735
40.25999999999959         0.28973292906901627
40.27999999999959         0.29693218301594565
40.29999999999959         0.3090941313228747
40.31999999999961         0.32692432417789974
40.3399999999996          0.35145176066511313
40.3599999999996          0.38399338909789577
40.3799999999996          0.4258203411996854
40.3999999999996          0.4768087787448017
40.419999999999604        0.5322286487779109
40.43999999999961         0.581927753477049
40.459999999999624        0.6179168271825988
40.479999999999606        0.6371897024234012
40.49999999999961         0.6428950250877051
40.5199999999996          0.6373864212206449
40.539999999999615        0.6182832825203388
40.559999999999604        0.5825257574715093
40.57999999999959         0.5333579924343712
40.599999999999596        0.47842793315937693
40.61999999999959         0.42801595221666155
40.63999999999959         0.38683200949194035
40.659999999999584        0.354985714726118
40.6799999999996          0.33119962313483303
40.6999999999996          0.31415718776957396
40.71999999999957         0.3028372083842027
40.73999999999958         0.29654084495674243
40.75999999999958         0.2948773969468045
40.77999999999959         0.29772836174759243
40.79999999999958         0.3052408263617085
40.81999999999959         0.3178381825910933
40.83999999999958         0.33624765265765866
40.85999999999959         0.36152851215867743
40.87999999999959         0.39503558897394625
40.89999999999959         0.43807670856285763
40.91999999999959         0.4905294657611212
40.93999999999959         0.5475490227626428
40.9599999999996          0.59857277761876
40.9799999999996          0.6357259664300455
40.999999999999616        0.6556798493697923
41.0199999999996          0.6615801723272755
41.039999999999594        0.6559129731919258
41.0599999999996          0.6362533915225208
41.079999999999586        0.5995020406248237
41.09999999999958         0.5490200049674311
41.11999999999958         0.492701203667791
41.139999999999574        0.4410840646083423
41.15999999999958         0.39897734390041084
41.17999999999957         0.3664792838358096
41.199999999999584        0.3422712535198857
41.21999999999959         0.32499808769351024
41.23999999999957         0.31360854878783256
41.259999999999565        0.3073915599764217
41.27999999999957         0.3059436388445837
41.29999999999958         0.3091497187288784
41.31999999999958         0.3171677160383596
41.33999999999958         0.3304415771643611
41.35999999999957         0.3497299087732897
41.37999999999957         0.37613516442625966
41.39999999999959         0.4110655636791672
41.419999999999575        0.4558804757999567
41.43999999999958         0.5104626326470597
41.45999999999958         0.5698206882893521
41.47999999999959         0.6230248450681094
41.49999999999959         0.6618339619643843
41.51999999999959         0.6827585525027835
41.5399999999996          0.6890112810507102
41.55999999999959         0.6831810470988381
41.57999999999958         0.6628240290333643
41.59999999999958         0.62483953128578
41.619999999999564        0.5727966054890374
41.63999999999957         0.5149757414132337
41.65999999999956         0.4622639016411581
41.67999999999957         0.4195821655937798
41.69999999999956         0.387000685648474
41.719999999999565        0.36314388263624436
41.73999999999956         0.34661269528269756
41.75999999999958         0.33633430533960446
41.77999999999957         0.3315977389236859
41.80000000000001         0.3320238666357445
