% Model:              Untitled.mph
% Version:            COMSOL 5.6.0.280
% Date:               Oct 6 2021, 16:48
% Dimension:          1
% Nodes:              1015
% Expressions:        1
% Description:        线图
% cln2x                   Height
21.52                     0.2290733085190896
21.539999999999996        0.23085102217642223
21.55999999999999         0.23637888628248654
21.58                     0.24597205435200906
21.599999999999998        0.2601881325482261
21.61999999999999         0.2798375431718839
21.63999999999999         0.30596100474284205
21.659999999999993        0.3395583853892375
21.679999999999996        0.38049845587168846
21.699999999999992        0.42492760350109976
21.719999999999995        0.46454423805122225
21.739999999999984        0.4932918738486686
21.759999999999987        0.5086278440762796
21.779999999999987        0.5131017389631
21.799999999999986        0.5086652719473208
21.819999999999983        0.49341665210526453
21.839999999999996        0.46464209852494176
21.859999999999992        0.42504337176682594
21.87999999999999         0.3806218380407392
21.899999999999995        0.33968266583513995
21.919999999999984        0.3060829590066769
21.93999999999998         0.2799556289024631
21.959999999999987        0.2603012407693177
21.979999999999983        0.24607889192317065
21.999999999999986        0.23647617365571505
22.019999999999982        0.23093842411335108
22.039999999999985        0.22914725754588902
22.05999999999998         0.23099965578554002
22.079999999999984        0.2366002153492094
22.099999999999984        0.24626876509907256
22.119999999999983        0.2605598459375073
22.139999999999986        0.28029253944463467
22.159999999999986        0.3065085701357622
22.17999999999999         0.3402102172302315
22.199999999999996        0.38126566517876903
22.219999999999988        0.4258121388899334
22.239999999999984        0.46552953519252377
22.259999999999987        0.4943490713930446
22.279999999999987        0.509723718542349
22.299999999999986        0.5142099689454123
22.319999999999983        0.5097650713893267
22.339999999999982        0.49448400962624245
22.35999999999998         0.46576362470738747
22.379999999999992        0.4259695352422618
22.39999999999998         0.3814481284268121
22.419999999999977        0.34042218179512596
22.43999999999998         0.30675171871306706
22.459999999999976        0.2805698659976857
22.47999999999998         0.26087501437232624
22.49999999999998         0.2466240156393425
22.519999999999985        0.23700272220906465
22.53999999999998         0.2314553026073051
22.559999999999988        0.22966272412282274
22.57999999999998         0.23152180037435363
22.599999999999977        0.23713742476565985
22.619999999999987        0.24683020893509988
22.639999999999986        0.26115703440443183
22.659999999999982        0.28093582828633157
22.679999999999982        0.30721381746024823
22.69999999999998         0.3409945943964089
22.719999999999988        0.38214609208626144
22.73999999999998         0.42679675731192307
22.759999999999977        0.4666073992982489
22.77999999999997         0.4954950252193329
22.799999999999976        0.5109066047085716
22.819999999999975        0.5154043616431883
22.839999999999982        0.5109500814138694
22.859999999999978        0.49563444655363165
22.879999999999974        0.46684839349160884
22.899999999999984        0.4269630940275721
22.919999999999977        0.3822651941090485
22.939999999999976        0.34122007884150024
22.959999999999972        0.3074731135872911
22.979999999999972        0.2812322420215891
22.99999999999997         0.26149353452089363
23.01999999999997         0.24721141995765775
23.03999999999997         0.2375698675576639
23.05999999999997         0.23201177819080632
23.079999999999977        0.2302174161277875
23.099999999999973        0.23208340811717268
23.11999999999997         0.23771496117326385
23.13999999999997         0.24743352339183158
23.15999999999997         0.26179738929682633
23.179999999999975        0.28162222979472123
23.199999999999974        0.3079502311001656
23.219999999999974        0.3418363380591354
23.239999999999974        0.3830907877102836
23.259999999999977        0.4278532336069714
23.279999999999966        0.46776402506636644
23.29999999999997         0.49672487845410707
23.31999999999997         0.5121762573140589
23.339999999999968        0.5166864387083354
23.35999999999997         0.512221957001592
23.379999999999967        0.4968688682527063
23.399999999999967        0.4680120091624049
23.419999999999956        0.4280286054390976
23.43999999999997         0.38322122132556974
23.459999999999965        0.3420223792281964
23.479999999999958        0.30824705044187095
23.499999999999957        0.28194286672308777
23.519999999999964        0.26215703915992605
23.539999999999957        0.24784142740129628
23.55999999999996         0.23817799159672878
23.57999999999996         0.23260827646998947
23.59999999999996         0.23081179287452858
23.619999999999965        0.23268496514999015
23.639999999999958        0.23833333247777677
23.65999999999996         0.24807923343680083
23.679999999999957        0.26248246848242895
23.699999999999957        0.28236088662522985
23.71999999999996         0.3087594472570883
23.739999999999956        0.3426822504995952
23.759999999999952        0.3841001287511929
23.779999999999955        0.42898187895840645
23.79999999999996         0.4689997523275564
23.81999999999995         0.4980390368592627
23.839999999999954        0.5135332186733504
23.859999999999957        0.5180569757206122
23.879999999999953        0.5135819687351677
23.899999999999952        0.4981893127371199
23.91999999999995         0.46925710981989727
23.939999999999948        0.42916896173197466
23.959999999999948        0.384244256386766
23.979999999999954        0.34293778967581734
23.999999999999947        0.30905389954952334
24.019999999999946        0.2826980158464608
24.03999999999995         0.26286581127801645
24.05999999999995         0.24851408940706096
24.079999999999945        0.2388269743725036
24.099999999999948        0.2332445463824836
24.119999999999948        0.2314454994871222
24.13999999999995         0.2333260326537755
24.15999999999995         0.23899203190928048
24.179999999999954        0.24876677952606216
24.19999999999995         0.2632116774899858
24.219999999999953        0.28314689520958286
24.23999999999995         0.30962034987410547
24.25999999999995         0.34363899866723063
24.279999999999948        0.385098681368688
24.299999999999947        0.4301821396738405
24.319999999999943        0.4703135020827837
24.33999999999995         0.49943572895533067
24.359999999999946        0.5149748988555564
24.379999999999946        0.5195125381735818
24.39999999999995         0.5150256135724222
24.41999999999994         0.4995899709081449
24.43999999999994         0.4705769608637991
24.45999999999994         0.43037713187445736
24.479999999999936        0.3853280954326274
24.49999999999994         0.34390783775904277
24.519999999999943        0.3099309424329228
24.539999999999935        0.28350306478967763
24.55999999999993         0.26361814698620667
24.579999999999934        0.24922701833068422
24.59999999999993         0.23951467220930792
24.619999999999933        0.2339186070811585
24.639999999999926        0.23211665287211694
24.65999999999993         0.234004768548427
24.679999999999932        0.23968920407005817
24.699999999999942        0.24949423523742648
24.719999999999928        0.26398295121065796
24.73999999999993         0.2839779661653101
24.759999999999934        0.3105303133989513
24.77999999999993         0.3446499611753207
24.79999999999993         0.3862325568552268
24.819999999999933        0.4314551554588462
24.839999999999936        0.4718182649494068
24.859999999999946        0.5009112284560634
24.87999999999994         0.5164982562121427
24.89999999999994         0.5210510550101
24.919999999999927        0.5165523871869571
24.939999999999934        0.5010725210219713
24.95999999999993         0.47197506612190415
24.979999999999922        0.4316576505249183
24.999999999999922        0.3864766109620248
25.019999999999932        0.3449351139204066
25.039999999999925        0.31085908581505917
25.059999999999928        0.28435448915418476
25.079999999999924        0.26441227789765287
25.099999999999927        0.24998216413249857
25.119999999999923        0.24024082890649
25.139999999999922        0.23463003502655266
25.159999999999922        0.23282470185811047
25.179999999999925        0.2347205157423814
25.19999999999993         0.2404240945471575
25.21999999999993         0.2502607468436452
25.23999999999993         0.26479532478553813
25.259999999999923        0.2848530010519423
25.279999999999927        0.3114880706243366
25.299999999999926        0.34571365303498847
25.319999999999922        0.3874252039902705
25.33999999999992         0.4327883981263525
25.359999999999925        0.47327798359628015
25.379999999999924        0.5025182005023472
25.399999999999928        0.5181004972315842
25.419999999999924        0.5226690932061767
25.43999999999992         0.5181575580027786
25.459999999999923        0.5026303721173275
25.47999999999992         0.4734434226120152
25.499999999999915        0.4330019718881112
25.51999999999992         0.3876823834643299
25.539999999999917        0.3460138954575324
25.559999999999913        0.31183404507031326
25.57999999999991         0.2852490681370908
25.59999999999992         0.2652467978250542
25.61999999999991         0.2507737206839353
25.639999999999908        0.24100553873934777
25.659999999999908        0.23537851485041328
25.679999999999914        0.23356884489346627
25.699999999999914        0.23547272600710203
25.719999999999914        0.24119639357511632
25.739999999999913        0.2510662464308198
25.75999999999992         0.2656489960806589
25.779999999999916        0.28577251356648153
25.799999999999912        0.3124945350301307
25.81999999999991         0.3468315025164647
25.839999999999915        0.38867864162045124
25.859999999999914        0.43418951501367076
25.87999999999991         0.4748116196729912
25.899999999999917        0.5041482687134101
25.919999999999913        0.5197835642297336
25.939999999999916        0.5243676278987178
25.95999999999991         0.5198423515603265
25.979999999999905        0.5042653432613919
25.999999999999915        0.4749843555826311
26.01999999999991         0.43441265509178373
26.039999999999907        0.3889476217582147
26.0599999999999          0.3471458402374251
26.079999999999906        0.31285702005707106
26.0999999999999          0.2861876776950848
26.119999999999905        0.26612236581597487
26.139999999999905        0.2516041729309387
26.159999999999894        0.24180616764300902
26.179999999999904        0.23616283245528166
26.1999999999999          0.2343493507986149
26.2199999999999          0.236261611338855
26.2399999999999          0.2420062646875442
26.2599999999999          0.2519108471514226
26.279999999999898        0.26654401879588824
26.29999999999991         0.2867364795998576
26.319999999999904        0.3135495736056896
26.3399999999999          0.3480032236664128
26.359999999999904        0.3899924003749902
26.3799999999999          0.4356579310390758
26.399999999999896        0.4764187131351636
26.419999999999895        0.5058561932601565
26.4399999999999          0.5215460326959249
26.459999999999898        0.5261469321277036
26.479999999999908        0.521606332325556
26.4999999999999          0.5059777690925347
26.519999999999904        0.4765981909638338
26.539999999999896        0.43588999437864506
26.559999999999896        0.39027257235916146
26.579999999999888        0.34833114013811073
26.59999999999989         0.3139281455987857
26.61999999999989         0.28717039472028266
26.639999999999894        0.267039002126824
26.6599999999999          0.25247349070067826
26.679999999999893        0.2426441556137497
26.69999999999989         0.2369836128420818
26.719999999999892        0.2351659915669075
26.739999999999892        0.23708609678641052
26.759999999999888        0.2428533073531808
26.779999999999887        0.25279403289122476
26.79999999999989         0.2674797336407182
26.819999999999883        0.2877440568730166
26.8399999999999          0.3146521046536586
26.859999999999893        0.3492274232686883
26.879999999999892        0.39136472524330146
26.89999999999989         0.43719162530523403
26.919999999999888        0.4780972557719884
26.939999999999888        0.5076401141075862
26.95999999999989         0.5233869743518019
26.979999999999887        0.5280053069505999
26.999999999999897        0.5234491580405481
27.019999999999893        0.5077094891932638
27.039999999999885        0.47828243068225446
27.05999999999988         0.43743143171667365
27.07999999999988         0.39165501065146985
27.09999999999988         0.3495680242480457
27.119999999999873        0.31504602825143685
27.139999999999876        0.28819610143964863
27.15999999999988         0.2679957863382819
27.17999999999988         0.25338090032461175
27.199999999999886        0.24351884626710704
27.219999999999875        0.2378402858625863
27.23999999999987         0.23601825994159079
27.259999999999877        0.2379472546555581
27.279999999999877        0.2437355545737215
27.29999999999988         0.25371340439336393
27.31999999999988         0.26845576252919656
27.33999999999988         0.2887948929107854
27.359999999999875        0.31580180643529326
27.37999999999988         0.35050382024292553
27.399999999999874        0.39279538187177176
27.419999999999874        0.43879037110196467
27.439999999999877        0.47984693847079757
27.45999999999987         0.5094996404086353
27.47999999999988         0.525305989757232
27.499999999999872        0.5299426086137223
27.519999999999886        0.5253705128094496
27.539999999999882        0.5095735410551402
27.55999999999988         0.4799199622425957
27.579999999999874        0.4390395293712557
27.599999999999874        0.393097153207482
27.619999999999873        0.35085807554782233
27.639999999999876        0.31621171277104176
27.659999999999865        0.28926546031810935
27.679999999999872        0.2689931177631559
27.699999999999868        0.25432661870973033
27.71999999999987         0.24443033315458665
27.739999999999874        0.23873286317094972
27.75999999999987         0.23690609938425108
27.779999999999873        0.23884420049566113
27.799999999999862        0.2446559039854251
27.81999999999987         0.2546727336626805
27.83999999999987         0.269470792263026
27.859999999999868        0.28988868534596623
27.879999999999868        0.3169983268576691
27.899999999999874        0.3518320073189305
27.919999999999874        0.39428390307767064
27.939999999999873        0.4404536313029857
27.959999999999866        0.4816671367307396
27.97999999999987         0.5114340451396421
27.99999999999986         0.5273022195074439
28.019999999999865        0.5319577702895257
28.039999999999868        0.5273689469567816
28.059999999999867        0.5115121886318054
28.079999999999874        0.48174644721521026
28.099999999999866        0.44070642037381064
28.11999999999986         0.39467363892423696
28.13999999999986         0.3521995010668913
28.159999999999854        0.3174238057089677
28.179999999999854        0.2903773555444439
28.199999999999857        0.2700300645299618
28.219999999999853        0.25530983201262153
28.239999999999853        0.24537787683273415
28.25999999999986         0.23966065571195033
28.27999999999986         0.237828849368116
28.29999999999985         0.23977627228979956
28.319999999999858        0.24561213997228645
28.339999999999854        0.2556693041497875
28.359999999999854        0.27052614392397245
28.37999999999985         0.29102901205732457
28.399999999999856        0.3182406872857994
28.419999999999856        0.3532108664802486
28.439999999999866        0.3958290089622542
28.459999999999855        0.4421799611164707
28.47999999999986         0.48355628176571797
28.499999999999858        0.5134416975832613
28.51999999999986         0.5293740421362129
28.539999999999857        0.5340492441067267
28.55999999999986         0.5294430617558313
28.579999999999853        0.5135242641547694
28.599999999999856        0.4836421227422994
28.61999999999986         0.44244194202108755
28.639999999999855        0.3962303242001095
28.659999999999847        0.35364711192613985
28.67999999999985         0.3186817989603462
28.699999999999843        0.2915313359716043
28.719999999999843        0.2711062368594338
28.739999999999846        0.25633021317377486
28.75999999999984         0.24636121209826473
28.779999999999838        0.24062346314962282
28.799999999999848        0.23878638505658167
28.819999999999844        0.2407434214889452
28.839999999999847        0.2466042846868029
28.859999999999843        0.25670321097083715
28.879999999999843        0.27162093970163376
28.899999999999842        0.2922072594446457
28.919999999999845        0.31955059126920277
28.93999999999984         0.35469637170112356
28.95999999999984         0.39743134383025763
28.97999999999985         0.44397013772842553
28.99999999999985         0.4855152185160054
29.01999999999985         0.5155234600516456
29.03999999999985         0.5315223202716981
29.059999999999846        0.5362179497441447
29.079999999999846        0.5315939398366655
29.099999999999845        0.5156110940203946
29.11999999999984         0.4856084830329784
29.13999999999984         0.4442423616192359
29.159999999999844        0.39784517996893426
29.179999999999836        0.3550914616588345
29.199999999999836        0.3200079274417797
29.219999999999832        0.2927280965311791
29.239999999999835        0.2722222068715326
29.259999999999835        0.25738824011201283
29.279999999999834        0.24738074179990047
29.299999999999837        0.24162162512564395
29.319999999999833        0.2397789946199502
29.33999999999984         0.24174589846962943
29.359999999999832        0.2476325474332169
29.379999999999832        0.2577746080119361
29.39999999999983         0.27275526232067737
29.419999999999828        0.293427845062379
29.43999999999983         0.3208853066477098
29.459999999999837        0.35617746252186805
29.47999999999983         0.39916805143795425
29.499999999999833        0.4458235045193655
29.519999999999843        0.4875434449080741
29.539999999999836        0.5176790884152412
29.559999999999835        0.5337470702778714
29.579999999999835        0.5384639317877064
29.599999999999838        0.5338213099236866
29.619999999999834        0.5177718261965255
29.639999999999837        0.48764418683565397
29.65999999999983         0.4461060613028246
29.679999999999822        0.39951682015881484
29.699999999999832        0.3565867515070357
29.719999999999825        0.32135894031226747
29.739999999999824        0.29397181648179876
29.75999999999982         0.2733767799838002
29.779999999999816        0.25848393826527344
29.799999999999812        0.24843660389104344
29.819999999999826        0.2426553771844755
29.839999999999826        0.24080700842082067
29.85999999999982         0.2427841425536963
29.879999999999825        0.24869750909066035
29.89999999999982         0.2588842559402228
29.919999999999828        0.2739301065160366
29.93999999999982         0.2946920909493605
29.95999999999982         0.3222678857453249
29.97999999999982         0.35771187117253217
29.99999999999982         0.40088734929936326
30.019999999999822        0.44773852129991637
30.039999999999832        0.48952310965303697
30.059999999999828        0.5199111167705884
30.079999999999824        0.5360498316018565
30.09999999999982         0.5407880703927207
30.119999999999827        0.5361257706019563
30.13999999999982         0.52000697737839
30.15999999999982         0.48974971694154734
30.179999999999815        0.4480334778553269
30.199999999999815        0.40124558406368854
30.21999999999982         0.35813320746117394
30.23999999999982         0.3227562633995622
30.25999999999981         0.29525360203331025
30.27999999999981         0.27457210557217915
30.299999999999812        0.2596151841285946
30.31999999999981         0.24952864367833144
30.339999999999808        0.24372447349040333
30.359999999999808        0.2418700711823004
30.379999999999814        0.24385766166671927
30.399999999999817        0.24979850571247092
30.419999999999817        0.26003127346756505
30.439999999999813        0.2751443012469755
30.45999999999981         0.29599842459622183
30.479999999999812        0.3236961862131042
30.499999999999808        0.35929666381007463
30.51999999999981         0.40266273821508114
30.53999999999981         0.4497212829534466
30.55999999999981         0.49169201090008013
30.579999999999814        0.5221590624006686
30.599999999999813        0.5384284738266344
30.619999999999813        0.5431889907583027
30.63999999999981         0.5385063165071391
30.659999999999815        0.5223157203161525
30.679999999999808        0.4919243556458707
30.699999999999804        0.4500239826480782
30.719999999999803        0.4030308935050384
30.739999999999803        0.359730260372178
30.75999999999981         0.32419930634733996
30.77999999999981         0.29657730162886486
30.7999999999998          0.2758064453532374
30.8199999999998          0.26078533957849964
30.8399999999998          0.2506544700007981
30.859999999999804        0.24482801343616986
30.879999999999804        0.2429671715856914
30.899999999999796        0.2449653171531584
30.919999999999803        0.2509342533576372
30.93999999999981         0.26121421381723925
30.959999999999802        0.27639622199202407
30.97999999999981         0.29734502844726474
30.9999999999998          0.32516818305510203
31.019999999999797        0.36092959862313084
31.0399999999998          0.4044917334084871
31.059999999999803        0.45176367059912714
31.0799999999998          0.49392604034825355
31.099999999999802        0.5245332011742037
31.119999999999806        0.5408777175940959
31.139999999999798        0.5456617488009933
31.159999999999798        0.5409584872106024
31.1799999999998          0.5246924704702789
31.199999999999797        0.4941624421377988
31.219999999999796        0.45207213001735735
31.239999999999796        0.40486794713343666
31.259999999999803        0.36137386962709406
31.279999999999795        0.3256846721037943
31.299999999999795        0.2979400193427338
31.319999999999794        0.27707729760271216
31.33999999999979         0.2619901592228516
31.35999999999979         0.25181525838907165
31.37999999999979         0.24596335861838947
31.39999999999979         0.24409658283477959
31.419999999999796        0.24610545305956347
31.439999999999802        0.2521031233849468
31.459999999999802        0.262431437753004
31.4799999999998          0.27768417965666997
31.49999999999979         0.29873012121836723
31.51999999999979         0.3266819560978541
31.53999999999979         0.36260856631383187
31.55999999999979         0.40637199195746515
31.579999999999796        0.45386309801162444
31.59999999999979         0.496222434183682
31.619999999999788        0.5269737268668327
31.639999999999787        0.5433965029811231
31.659999999999794        0.5482043672120426
31.67999999999978         0.5434798029047596
31.699999999999783        0.5271380855745869
31.719999999999775        0.4964663275340083
31.73999999999978         0.4541812130076584
31.75999999999979         0.40675964541748233
31.77999999999978         0.36306600995498034
31.799999999999766        0.327213562873007
31.819999999999773        0.29934244715841113
31.83999999999978         0.27838505739034436
31.859999999999783        0.26322988246070195
31.879999999999775        0.25300959565863157
31.899999999999775        0.24713226334265728
31.919999999999774        0.24525847223816402
31.939999999999774        0.24727907357450424
31.95999999999978         0.25330538328087127
31.979999999999766        0.26368329890460346
31.999999999999773        0.2790086347304321
32.019999999999776        0.3001542936942982
32.03999999999977         0.3282382546150729
32.05999999999978         0.3643345068933698
32.079999999999764        0.40830466605935023
32.099999999999774        0.45602088961726933
32.11999999999978         0.49858255371560783
32.13999999999979         0.5294818906475339
32.159999999999776        0.5459849813259042
32.17999999999978         0.5508170952556898
32.19999999999978         0.5460701467459023
32.21999999999978         0.5297082789274452
32.239999999999775        0.4988319833253127
32.25999999999977         0.4563464378401211
32.27999999999976         0.40870185621536176
32.29999999999977         0.3648037755281876
32.319999999999766        0.32878412567650595
32.33999999999977         0.30078348968654856
32.359999999999765        0.27972916949822546
32.37999999999977         0.264504367535802
32.399999999999764        0.25423765943867627
32.419999999999774        0.24833435641850396
32.43999999999976         0.2464534851071866
32.459999999999766        0.24848542535110926
32.47999999999977         0.25454367532713784
32.499999999999766        0.2649731205490764
32.51999999999976         0.28037104536908486
32.539999999999765        0.3016192487537983
32.55999999999977         0.3298390661999965
32.57999999999977         0.36610974274348
32.59999999999977         0.41029246265292774
32.619999999999784        0.45824015872854373
32.63999999999977         0.5010098901249063
32.659999999999776        0.5320615203265572
32.67999999999977         0.548647337456931
32.699999999999775        0.5535046979020518
32.71999999999977         0.5487353847315964
32.73999999999976         0.5322940719139273
32.75999999999977         0.5013922784278335
32.77999999999977         0.4585769784130497
32.79999999999976         0.41070294597011925
32.81999999999976         0.36659426541397533
32.83999999999976         0.33040246774622506
32.85999999999975         0.30226864111587287
32.879999999999754        0.28111481144468464
32.89999999999975         0.2658187069914454
32.919999999999746        0.2555046341903684
32.93999999999975         0.24957504001891934
32.95999999999975         0.24768734697941394
32.97999999999975         0.2497314577927156
32.999999999999744        0.2558214866716835
33.019999999999754        0.2663040774910462
33.03999999999976         0.2817806277102285
33.059999999999754        0.3031340433230506
33.07999999999976         0.3314945838370378
33.09999999999975         0.36794582011034743
33.119999999999756        0.41234849060508016
33.13999999999975         0.4605356763870296
33.15999999999977         0.5035207137670117
33.17999999999975         0.5347299155790772
33.199999999999754        0.5514011753570299
33.21999999999976         0.5562840742194141
33.23999999999975         0.5514902748518499
33.25999999999975         0.5349647716933824
33.27999999999975         0.5039070903970565
33.29999999999976         0.4608832256651484
33.31999999999975         0.41268730374286106
33.33999999999976         0.36844300197075375
33.359999999999744        0.3320747585682725
33.37999999999975         0.30380442579895217
33.39999999999975         0.2825486550859574
33.41999999999974         0.2671796172159746
33.43999999999974         0.2568172657843308
33.45999999999974         0.25086109822886604
33.47999999999974         0.24896690526814264
33.49999999999974         0.25102412795738277
33.51999999999974         0.2571475427515633
33.539999999999736        0.26768563311525445
33.55999999999974         0.2832429341839585
33.57999999999973         0.30470228036541197
33.599999999999746        0.3332137113789238
33.61999999999974         0.3698524885540736
33.63999999999974         0.41448355947246224
33.659999999999734        0.46291951970367234
33.679999999999744        0.5061284637372944
33.69999999999976         0.5375017487246766
33.71999999999974         0.5542622838590597
33.739999999999746        0.5591722753187295
33.75999999999975         0.5543537926906106
33.77999999999975         0.5377418188833207
33.79999999999974         0.5065229980275439
33.819999999999744        0.46327741946344675
33.83999999999975         0.414835322333037
33.859999999999744        0.370308454873788
33.87999999999975         0.33381422043604936
33.89999999999973         0.3054016651757249
33.91999999999973         0.2840396975718432
33.93999999999973         0.2685946782437667
33.95999999999973         0.258182021478816
33.97999999999973         0.25219811832279254
33.99999999999973         0.25029702364893114
34.01999999999973         0.2523676878029609
34.03999999999973         0.2585255706375983
34.05999999999975         0.26912105948385057
34.07999999999973         0.2847619390355621
34.099999999999724        0.3063357596755203
34.119999999999735        0.3349763615932364
34.13999999999972         0.37177368257546
34.15999999999973         0.41669949131060197
34.17999999999973         0.4653934232199729
34.19999999999973         0.5088348653601407
34.21999999999974         0.5403787640076453
34.239999999999746        0.5572324163327156
34.259999999999735        0.5621710179629789
34.27999999999973         0.5573275326822791
34.299999999999734        0.5406265934857194
34.31999999999973         0.5092411746016424
34.339999999999726        0.4657658735890342
34.35999999999973         0.41706811297658014
34.379999999999725        0.3723074190395318
34.39999999999972         0.3356000432362815
34.41999999999974         0.30706215041020324
34.43999999999973         0.2855899669841514
34.459999999999724        0.27006615581927657
34.47999999999971         0.25960141298582123
34.49999999999973         0.2535889033620413
34.519999999999726        0.2516808439335749
34.53999999999972         0.2537656609946183
34.55999999999971         0.2599595315227503
34.57999999999972         0.2706148304875629
34.59999999999974         0.2863427289483732
34.61999999999972         0.3080356895190476
34.639999999999716        0.3368338122311233
34.65999999999972         0.37383308994920916
34.679999999999715        0.41892396563639384
34.69999999999972         0.46796776647447025
34.71999999999972         0.511651013674145
34.739999999999725        0.5433722394567075
34.75999999999972         0.5603224119709989
34.77999999999973         0.5652900762329199
34.79999999999972         0.5604192148285027
34.81999999999972         0.5436237757340198
34.83999999999972         0.5120635748448701
34.859999999999715        0.4683487877715878
34.87999999999971         0.4193864411663233
34.89999999999971         0.37438461654572486
34.9199999999997          0.3374806033592291
34.9399999999997          0.30878608305571276
34.95999999999972         0.2872064152120226
34.979999999999706        0.2716006665951044
34.99999999999971         0.26108279420965924
35.019999999999705        0.25504154704584503
35.0399999999997          0.2531272703518591
35.05999999999971         0.2552278497567435
35.079999999999714        0.2614602372941343
35.099999999999696        0.27217892024370066
35.11999999999971         0.2879986412786701
35.13999999999972         0.30981702843094905
35.15999999999971         0.33878075617484105
35.17999999999971         0.3759921746148683
35.19999999999971         0.4213414484212638
35.2199999999997          0.4706726272454106
35.23999999999971         0.5146045310346887
35.259999999999714        0.5465119783770664
35.27999999999972         0.5635636789623929
35.29999999999972         0.5685622992547941
35.31999999999972         0.5636636054522072
35.33999999999971         0.5467704092140507
35.359999999999715        0.5150283162922953
35.37999999999971         0.47106368623538186
35.3999999999997          0.4218246388996691
35.419999999999696        0.3765706603536164
35.4399999999997          0.3394614590218541
35.459999999999695        0.3106089256691234
35.47999999999969         0.288912036398375
35.49999999999971         0.2732254517766336
35.51999999999969         0.2626516264974296
35.539999999999694        0.2565823216110692
35.55999999999969         0.25466381492545187
35.57999999999969         0.25678345355756327
35.599999999999696        0.2630590357182071
35.61999999999969         0.2738473435935037
35.639999999999695        0.2897669780396609
35.65999999999969         0.3117211235197047
35.679999999999715        0.3408635110169154
35.6999999999997          0.3783033049696153
35.7199999999997          0.42393036847460513
35.7399999999997          0.4735646444536143
35.7599999999997          0.5178966974880161
35.7799999999997          0.5499367324236281
35.79999999999969         0.5670372511572572
35.8199999999997          0.5720691597151437
35.8399999999997          0.5671407039213605
35.85999999999971         0.5501428765626499
35.8799999999997          0.5182062045856514
35.899999999999686        0.47397448161920724
35.919999999999696        0.4244399158132625
35.9399999999997          0.3789169530388015
35.95999999999969         0.34158920351191147
35.97999999999969         0.31256872907754796
35.99999999999969         0.290747644231864
36.01999999999968         0.27497358808232114
36.039999999999694        0.2643452313209512
36.05999999999968         0.258245706892942
36.079999999999686        0.25632425807579046
36.09999999999968         0.2584660486812817
36.119999999999685        0.26478980879315694
36.13999999999969         0.2756548141152697
36.159999999999684        0.29168387394275347
36.17999999999969         0.3137862243687678
36.199999999999676        0.34312326964455514
36.2199999999997          0.3808115811889384
36.23999999999968         0.4267407098053251
36.259999999999685        0.47670445825571145
36.27999999999969         0.5213335932056854
36.29999999999969         0.5535906038841828
36.31999999999968         0.5708101834809736
36.33999999999969         0.5758775232357741
36.35999999999971         0.5709169035257337
36.3799999999997          0.5538057832917058
36.39999999999969         0.5216585375075528
36.419999999999675        0.47713804662847165
36.43999999999968         0.4272844993629989
36.45999999999968         0.38147182968812154
36.47999999999968         0.3439093902701865
36.49999999999967         0.31470931516986084
36.519999999999676        0.2927562276580646
36.53999999999969         0.27689013453141353
36.559999999999675        0.2662038105861446
36.57999999999968         0.2600772872528713
36.59999999999967         0.2581551448117019
36.61999999999967         0.26032459978218697
36.63999999999968         0.26670466288631095
36.65999999999968         0.2776574225956359
36.679999999999666        0.29381039496486605
36.699999999999676        0.3160795854318024
36.719999999999665        0.3456349681011057
36.739999999999675        0.38360137668506245
36.759999999999685        0.4298680120775757
36.779999999999674        0.48019954073600757
36.79999999999967         0.5251601388340202
36.81999999999967         0.5576592244593401
36.83999999999968         0.5750108402532089
36.85999999999968         0.5801191740090865
36.879999999999676        0.5751236827812302
36.89999999999969         0.5578880078446304
36.91999999999967         0.5255080790510057
36.93999999999968         0.48066790970723644
36.95999999999966         0.43046057156938283
36.97999999999966         0.38432674965893365
36.99999999999965         0.34650482539581334
37.01999999999966         0.317106978203518
37.03999999999966         0.2950093822038887
37.05999999999967         0.2790434781914849
37.079999999999664        0.26829544593039617
37.09999999999967         0.2621409249609768
37.11999999999967         0.26022213849028303
37.13999999999967         0.2624249731331985
37.15999999999967         0.26887234793963766
37.17999999999966         0.2799270376488911
37.19999999999967         0.296222779135519
37.219999999999665        0.31868326342222003
37.23999999999967         0.3484881956216354
37.259999999999664        0.3867717882320843
37.27999999999966         0.43342288507562154
37.29999999999967         0.4841733313259353
37.319999999999666        0.5295119822298289
37.33999999999967         0.5622874610687764
37.359999999999665        0.5797900926764369
37.37999999999967         0.5849450578826976
37.399999999999665        0.5799081371757726
37.41999999999967         0.5624682415256841
37.43999999999968         0.5298844057322964
37.45999999999966         0.4846806437586918
37.47999999999966         0.4340729683628891
37.499999999999645        0.3875768582612038
37.51999999999965         0.3494627715628897
37.53999999999966         0.3198427195094553
37.55999999999965         0.297583272941532
37.57999999999964         0.2815061863888557
37.59999999999965         0.2706901975299447
37.61999999999965         0.264506001032392
37.63999999999965         0.2625931874764727
37.659999999999656        0.26483714873516456
37.67999999999965         0.2713607086433337
37.699999999999655        0.2825355483065429
37.71999999999965         0.298996510271013
37.739999999999654        0.3216778854580455
37.75999999999965         0.3517706137819031
37.77999999999965         0.39041972866074365
37.79999999999967         0.43751361436657743
37.81999999999966         0.4887460925546755
37.83999999999966         0.53451909821085
37.85999999999966         0.5676117553471097
37.87999999999967         0.5852872082044172
37.89999999999966         0.5904949354760798
37.91999999999967         0.5854103178544391
37.93999999999966         0.5678039722640253
37.95999999999965         0.5347833230933139
37.979999999999656        0.4892937890241734
37.999999999999645        0.4382286317823896
38.01999999999965         0.3913197312241398
38.039999999999644        0.3528735826470705
38.05999999999964         0.32300176561122157
38.079999999999636        0.30055977351190827
38.099999999999646        0.28435822961460366
38.119999999999635        0.27346735097357244
38.13999999999964         0.26725219348952006
38.15999999999964         0.2653493730835686
38.17999999999964         0.26764377572438147
38.19999999999964         0.274260142648192
38.21999999999965         0.28557240559713754
38.23999999999964         0.30222820986671606
38.25999999999963         0.32516906196303436
38.27999999999963         0.355597695120244
38.299999999999635        0.3946729386567209
38.31999999999963         0.44228275201989525
38.339999999999655        0.49407710513054914
38.359999999999644        0.5403571827428013
38.37999999999965         0.5738206592662658
38.39999999999965         0.5916988335599714
38.419999999999646        0.5969691342805855
38.43999999999965         0.5918300407698208
38.459999999999646        0.574031251176937
38.479999999999656        0.540655413811411
38.499999999999645        0.4946783495931781
38.519999999999655        0.4430873281457017
38.539999999999644        0.39570016790196694
38.55999999999963         0.35687040950143145
38.57999999999963         0.32670899806680004
38.59999999999964         0.30405835057468755
38.61999999999962         0.28771599041502455
38.639999999999624        0.27674214051592516
38.65999999999963         0.27049528341661505
38.67999999999964         0.26860860479565085
38.69999999999963         0.27096646913676015
38.71999999999963         0.27769595378362394
38.73999999999963         0.28917634214499455
38.75999999999962         0.3060639804162921
38.77999999999962         0.3293177029005826
38.799999999999635        0.36014069971512863
38.81999999999962         0.3997218288075264
38.83999999999963         0.4479436920154497
38.85999999999964         0.5004049952443312
38.879999999999654        0.5472882998315097
38.89999999999963         0.5811937922836777
38.91999999999964         0.5993146280353737
38.939999999999635        0.6046606130946114
38.959999999999646        0.5994578152410037
38.979999999999634        0.581431613884064
38.99999999999963         0.5476353869695999
39.019999999999634        0.5010871467538686
39.03999999999963         0.44895479988198933
39.05999999999964         0.40097716669583505
39.079999999999615        0.3616325509805862
39.09999999999962         0.3311301575488063
39.119999999999614        0.30823469901391787
39.139999999999624        0.2917280502164016
39.15999999999962         0.28065850321436997
39.17999999999961         0.27437671823549575
39.19999999999961         0.27251182763091636
39.219999999999615        0.2749476202164626
39.23999999999963         0.2818140153157753
39.259999999999614        0.2934967499613403
39.2799999999996          0.3106626414707354
39.29999999999962         0.3342854084252956
39.31999999999961         0.3656110036978497
39.33999999999961         0.4057735731851831
39.359999999999616        0.45472821792419205
39.37999999999962         0.5079875513003795
39.39999999999963         0.5555916528690235
39.41999999999964         0.5900246754717751
39.43999999999963         0.6084341180916263
39.459999999999624        0.6138685586667251
39.479999999999634        0.6085864987849734
39.49999999999962         0.5902846979124352
39.51999999999962         0.5559844283615779
39.539999999999615        0.5087553618564452
39.55999999999961         0.45588111227253647
39.579999999999615        0.40723814108755374
39.599999999999625        0.36738714638411907
39.6199999999996          0.336464457304152
39.6399999999996          0.3132873607666395
39.659999999999606        0.2965950535861415
39.679999999999616        0.2854216691510507
39.699999999999626        0.2791086376520937
39.71999999999962         0.27728040644357066
39.73999999999961         0.2798202808383099
39.759999999999614        0.2868618339383329
39.779999999999625        0.2987988388658866
39.79999999999961         0.3163110300256797
39.819999999999624        0.3403904027660654
39.83999999999961         0.37230592774979604
39.85999999999961         0.4132771838195618
39.87999999999961         0.46315744015460086
39.89999999999961         0.5173079002858211
39.919999999999604        0.5658021594552748
39.93999999999961         0.6008892946645871
39.959999999999624        0.6196597285413301
39.97999999999961         0.625207641401409
39.999999999999616        0.6198322107434742
40.01999999999961         0.6011967976096017
40.03999999999961         0.5662837072475057
40.059999999999604        0.5182269060645437
40.0799999999996          0.46445137810539583
40.099999999999596        0.41500328895110894
40.11999999999959         0.3745154553435502
40.1399999999996          0.3431267726220201
40.15999999999959         0.3196157960235532
40.17999999999959         0.3027132958605624
40.19999999999959         0.2914308804582919
40.21999999999959         0.28509869940741944
40.23999999999959         0.28333564137219447
40.259999999999586        0.2860247571351253
40.27999999999959         0.29330460094042365
40.299999999999585        0.3055794883961231
40.3199999999996          0.3235459076496144
40.3399999999996          0.34821944017867124
40.359999999999594        0.3808986863993731
40.37999999999959         0.42283177728127386
40.399999999999594        0.4738714384993083
40.4199999999996          0.5292781659933002
40.43999999999961         0.5789227914068705
40.45999999999961         0.6148531282082105
40.479999999999606        0.6340898243189397
40.49999999999961         0.6397840573169146
40.51999999999961         0.6342867893205408
40.53999999999961         0.6152210944527314
40.5599999999996          0.5795256759879112
40.57999999999959         0.5304201217670693
40.59999999999958         0.47551496236207486
40.619999999999585        0.4250687147160443
40.63999999999959         0.3838014141976753
40.659999999999584        0.3518468622782031
40.679999999999595        0.32795129206254164
40.699999999999584        0.3108169841903935
40.71999999999957         0.2994364373019083
40.73999999999958         0.2931199837545584
40.75999999999958         0.2914822603873693
40.77999999999958         0.29440671897248466
40.79999999999958         0.30203925095764406
40.81999999999957         0.3147989062197396
40.83999999999958         0.33340518676559683
40.859999999999594        0.35890578609444973
40.879999999999576        0.39263941341105135
40.89999999999958         0.4358928034822995
40.91999999999958         0.4885190383080618
40.939999999999586        0.5456536809850104
40.95999999999959         0.5967357145945691
40.9799999999996          0.6339825601700912
40.999999999999616        0.6538765460493117
41.019999999999605        0.6597805174060001
41.0399999999996          0.6541142531460239
41.0599999999996          0.634453172223259
41.07999999999959         0.5976921842925836
41.09999999999958         0.5471755681949954
41.11999999999958         0.49077690760740883
41.139999999999574        0.43903359979209433
41.15999999999958         0.3967742015485937
41.179999999999566        0.3641221873246625
41.19999999999956         0.3397810167325912
41.21999999999959         0.3224126642392636
41.23999999999957         0.3109784281608658
41.259999999999565        0.304775854312369
41.279999999999575        0.3034069140105123
41.29999999999957         0.30675927032498385
41.31999999999957         0.3149911402784517
41.33999999999956         0.3285444592606148
41.359999999999566        0.3481734214779681
41.37999999999957         0.3749732332838344
41.39999999999958         0.41034106480065924
41.41999999999956         0.45561945049974995
41.43999999999957         0.5106646999473684
41.45999999999957         0.5704456906498675
41.47999999999958         0.6239895116407066
41.49999999999958         0.663036894446628
41.519999999999584        0.6841029790816099
41.539999999999594        0.6904232956796617
41.55999999999958         0.6846154438602136
41.57999999999958         0.6642491901326205
41.599999999999575        0.6262461404908773
41.61999999999957         0.5741984153694488
41.63999999999956         0.5164244402586331
41.65999999999956         0.46383687592273665
41.679999999999566        0.4213718146575328
41.69999999999957         0.38911225553009177
41.719999999999565        0.36569600827195975
41.73999999999956         0.3497383689920552
41.75999999999957         0.34018196259959527
41.77999999999956         0.33633267930195915
41.80000000000001         0.33782996038064944
