% Model:              Untitled.mph
% Version:            COMSOL 5.6.0.280
% Date:               Oct 6 2021, 16:48
% Dimension:          1
% Nodes:              994
% Expressions:        1
% Description:        线图
% cln2x                   Height
21.910000000000007        0.21637690513166952
21.920000000000027        0.21660563299191607
21.940000000000026        0.21893021157832804
21.960000000000033        0.22385037961984142
21.980000000000036        0.23160464808729336
22.000000000000036        0.24257675886855531
22.020000000000035        0.2573251902161013
22.040000000000042        0.27662082501092683
22.060000000000045        0.3014792492620791
22.080000000000037        0.3331314755854897
22.100000000000048        0.37272878628379924
22.120000000000054        0.420250599948459
22.14000000000005         0.47120613276502565
22.160000000000046        0.5163916826013075
22.180000000000042        0.5491008534509185
22.200000000000042        0.5665570183034517
22.220000000000052        0.5716529902719079
22.240000000000048        0.5665933183432746
22.260000000000055        0.5492290369339498
22.28000000000007         0.5166090161985697
22.30000000000006         0.47129631771509695
22.32000000000006         0.4202282827262073
22.340000000000064        0.37276142428303805
22.360000000000067        0.33312232895022786
22.38000000000007         0.3014217752724955
22.40000000000007         0.27650841181382557
22.42000000000007         0.25715079085317644
22.44000000000008         0.24233484622727444
22.460000000000075        0.23128676140167911
22.48000000000008         0.22344571638099922
22.50000000000008         0.2184256044933114
22.52000000000009         0.2159852205532985
22.540000000000084        0.2160089020665142
22.560000000000088        0.21849713816011462
22.58000000000009         0.22356659654202743
22.600000000000097        0.23145955697551876
22.620000000000093        0.24256326331766143
22.640000000000096        0.2574395873585067
22.6600000000001          0.27686205485779575
22.6800000000001          0.3018583014279852
22.700000000000095        0.3336678937453072
22.720000000000102        0.373450635472746
22.7400000000001          0.4210630854279657
22.76000000000011         0.4721711113983782
22.780000000000108        0.5174853364855406
22.800000000000107        0.5502857959096413
22.820000000000103        0.5677916438441514
22.84000000000011         0.5729040697401196
22.86000000000011         0.5678346413968783
22.88000000000011         0.5504316465650112
22.900000000000112        0.5177398744602419
22.920000000000122        0.47232916410111425
22.94000000000012         0.42124151344067395
22.96000000000012         0.3736528239442832
22.98000000000013         0.33389355425044853
23.00000000000013         0.3021086526795133
23.02000000000013         0.2771390839211706
23.040000000000134        0.2577433101293029
23.06000000000014         0.2428988288283315
23.080000000000137        0.23183016587242097
23.10000000000014         0.2239753105765086
23.12000000000014         0.21894735199958315
23.140000000000146        0.21650460291263662
23.160000000000146        0.21653120042696516
23.180000000000152        0.2190276970608632
23.200000000000152        0.2241110912100867
23.220000000000162        0.2320227236817607
23.24000000000015         0.24315332628329298
23.260000000000154        0.25806559870178686
23.28000000000016         0.2775371146660849
23.30000000000016         0.3025930865136581
23.32000000000017         0.33447846882745386
23.340000000000167        0.37435593697456426
23.360000000000174        0.4220819499175347
23.38000000000018         0.47331261790497275
23.400000000000176        0.5187369125247786
23.42000000000017         0.5516181130154386
23.440000000000165        0.5691682843477264
23.460000000000164        0.5742948167644991
23.480000000000175        0.5692145154787415
23.50000000000017         0.5517076917819537
23.520000000000174        0.5188669710097488
23.540000000000184        0.4734770683948484
23.560000000000183        0.42227445256574747
23.580000000000183        0.3745734292911922
23.600000000000186        0.3347209555250815
23.620000000000186        0.3028621895021245
23.640000000000192        0.27783517769548965
23.66000000000019         0.2583953146499588
23.680000000000195        0.2435176008820575
23.700000000000202        0.2324246643905478
23.7200000000002          0.2245531182246702
23.7400000000002          0.21951511406218926
23.760000000000204        0.2170685630848441
23.78000000000021         0.21709666252644094
23.80000000000021         0.219600471128913
23.820000000000213        0.22469724995699128
23.84000000000022         0.23263051246301775
23.860000000000216        0.24378955839144129
23.88000000000021         0.2587395234828936
23.90000000000022         0.27825997079610076
23.920000000000222        0.3033787306542329
23.94000000000022         0.3353439404154368
23.960000000000218        0.3753213062419855
23.980000000000224        0.4231673024129543
24.000000000000234        0.4745282249599383
24.020000000000227        0.5200705985551904
24.040000000000223        0.5531021732148691
24.060000000000226        0.5706386352358097
24.080000000000222        0.5757802797962756
24.10000000000023         0.5706874216545434
24.120000000000232        0.5531367255314008
24.140000000000235        0.5202122995027421
24.160000000000245        0.4747071657837141
24.18000000000024         0.4233757131823049
24.200000000000248        0.3755555649359548
24.220000000000244        0.33560423387618193
24.24000000000025         0.3036670262380614
24.260000000000257        0.2785789290539122
24.280000000000257        0.25909211401379223
24.30000000000026         0.24418113992360369
24.320000000000267        0.23306167973761352
24.34000000000026         0.22517171031784075
24.360000000000262        0.22012247556850503
24.380000000000262        0.21767108122649825
24.40000000000027         0.217701074431609
24.42000000000026         0.22021301176470492
24.440000000000275        0.22532450439484092
24.460000000000285        0.23327975640288703
24.48000000000028         0.24446915511406758
24.500000000000284        0.2594594069325112
24.520000000000277        0.27903224002673643
24.54000000000028         0.30421834566646494
24.560000000000283        0.3362693556866466
24.580000000000283        0.3762890267212809
24.600000000000286        0.42424083618741726
24.620000000000285        0.47583592092285476
24.640000000000292        0.5216316920058353
24.660000000000284        0.5546194349257153
24.680000000000284        0.5722050142008436
24.700000000000287        0.5773613538973619
24.72000000000029         0.5722539946470621
24.740000000000286        0.5546538162523013
24.760000000000296        0.5216387856948721
24.780000000000303        0.47601020224529716
24.800000000000303        0.4245423707782454
24.820000000000302        0.376596791109109
24.84000000000031         0.33654139993958865
24.860000000000312        0.3045152264790377
24.88000000000031         0.2793697429082514
24.900000000000308        0.25983491494622224
24.920000000000318        0.24488403923496352
24.940000000000328        0.23373708783702585
24.960000000000317        0.2258281492953287
24.980000000000324        0.22076742082548756
25.00000000000033         0.21831136527234465
25.020000000000326        0.21834324098994048
25.04000000000033         0.22086364303511039
25.06000000000033         0.22599054974471083
25.080000000000336        0.2339688906174373
25.100000000000342        0.24519019524169705
25.120000000000342        0.2602252003958901
25.140000000000338        0.27985153799441365
25.16000000000034         0.3051014031510874
25.18000000000034         0.337222542158425
25.20000000000034         0.37738150260095105
25.22000000000034         0.42546911345253335
25.24000000000034         0.4772115313511975
25.26000000000035         0.523140093761817
25.28000000000034         0.5562250838149663
25.300000000000338        0.5738640965291418
25.320000000000338        0.579037273632035
25.340000000000337        0.5739159240677539
25.36000000000034         0.5562649575625387
25.380000000000347        0.5231551788449362
25.400000000000354        0.47740254656927844
25.42000000000036         0.42569445238181786
25.440000000000357        0.37763834608580094
25.46000000000036         0.33751084938525056
25.480000000000363        0.3054228162888537
25.500000000000366        0.2802085709229756
25.520000000000373        0.260620837668098
25.540000000000372        0.24562994552573125
25.560000000000386        0.2344536400199738
25.580000000000382        0.22652440940261784
25.600000000000378        0.2214513355413462
25.620000000000378        0.21899018602254605
25.64000000000038         0.2190239019062698
25.660000000000384        0.22155311110550593
25.680000000000383        0.22669717287241836
25.700000000000387        0.23470036271394634
25.720000000000397        0.2459558634253491
25.740000000000393        0.26103333146883523
25.760000000000396        0.2807177631669177
25.780000000000403        0.3060423253234253
25.800000000000402        0.338258599313891
25.8200000000004          0.37853678580734174
25.8400000000004          0.42676774645464943
25.8600000000004          0.478665730355646
25.880000000000393        0.524734564798393
25.900000000000396        0.5579223379013308
25.920000000000393        0.5756179585735874
25.94000000000039         0.5808092874220209
25.96000000000039         0.5756747951744771
25.9800000000004          0.5580346305153419
26.0000000000004          0.5248980050037735
26.02000000000041         0.47887252899094424
26.040000000000425        0.42701023807964317
26.060000000000418        0.37881151025864607
26.080000000000418        0.3385656954907284
26.100000000000417        0.30638379975059327
26.120000000000424        0.2810964692597397
26.14000000000043         0.26145254162377896
26.160000000000426        0.24641915434158557
26.18000000000043         0.23521164993118096
26.20000000000044         0.2272608059620261
26.22000000000043         0.22217398619128104
26.24000000000043         0.21970768291032694
26.260000000000435        0.21974353984402487
26.280000000000435        0.22228227562829475
26.30000000000044         0.22744270819197673
26.320000000000448        0.23547135710941713
26.340000000000444        0.24676213541322933
26.360000000000458        0.2618865306958969
26.380000000000454        0.2816320607513287
26.400000000000453        0.30703521454401633
26.42000000000046         0.3393516134644337
26.440000000000456        0.3797553036109845
26.460000000000452        0.4281371776267192
26.48000000000046         0.480198939422391
26.500000000000455        0.5262794137043852
26.52000000000046         0.5596475035418623
26.540000000000457        0.577465449404204
26.560000000000453        0.5826759445965789
26.580000000000453        0.5775254828513698
26.60000000000045         0.5598284683811652
26.62000000000046         0.5265861142154453
26.640000000000462        0.4804151420577718
26.66000000000046         0.4283911445955046
26.680000000000476        0.38004353165238924
26.700000000000475        0.3396742186059433
26.720000000000475        0.3073942399262866
26.740000000000478        0.2820304468120356
26.760000000000485        0.2623252579073575
26.780000000000484        0.24724751761309605
26.800000000000487        0.23600786657175266
26.820000000000498        0.22803484166277088
26.840000000000494        0.2229350542440054
26.860000000000497        0.2204628034462662
26.880000000000496        0.22050038164005284
26.900000000000496        0.22304853119871687
26.920000000000503        0.22822648376598031
26.9400000000005          0.2362815942157103
26.96000000000051         0.24760909853263238
26.980000000000512        0.26278239712559126
27.000000000000508        0.28259164144898136
27.02000000000051         0.30807678900518504
27.04000000000051         0.3405242858811688
27.06000000000051         0.38109837743697034
27.080000000000506        0.4296615537208909
27.100000000000513        0.4817988344856519
27.12000000000051         0.5280397256175092
27.1400000000005          0.5615214921315252
27.16000000000051         0.5794021037548667
27.180000000000504        0.5846322400730611
27.200000000000497        0.579465313285124
27.22000000000051         0.5617090491103345
27.24000000000051         0.5283561733729705
27.260000000000524        0.4820329197680654
27.280000000000527        0.429839398261177
27.300000000000544        0.3813356209495623
27.320000000000537        0.34086347469708955
27.34000000000054         0.3084603500740247
27.36000000000054         0.28300924976937114
27.380000000000543        0.2632431676757111
27.40000000000055         0.24811874795033753
27.420000000000545        0.2368447790329386
27.44000000000055         0.22884789219684407
27.46000000000055         0.2237334106346361
27.48000000000055         0.22125485639401477
27.50000000000055         0.22129415617554282
27.520000000000554        0.22385207649539468
27.540000000000553        0.22904828057896942
27.560000000000564        0.2371309992515622
27.580000000000563        0.2484946520961964
27.60000000000057         0.2637188613715012
27.620000000000573        0.2835963724407276
27.64000000000057         0.3091745150899125
27.660000000000572        0.3417252014211902
27.680000000000565        0.3824367654651969
27.700000000000568        0.4311652566702376
27.72000000000056         0.4834814278772805
27.74000000000056         0.5298830026094805
27.76000000000056         0.5634825992968994
27.780000000000566        0.5814275274932981
27.800000000000566        0.5866771615707143
27.820000000000558        0.5814919668877923
27.84000000000056         0.5636725654763496
27.860000000000564        0.5300660803976085
27.880000000000575        0.48371437867757544
27.900000000000574        0.4314403796386376
27.92000000000058         0.38275038467825034
27.94000000000059         0.3420773401050533
27.960000000000594        0.30956723031215333
27.980000000000594        0.2840327300769518
28.000000000000597        0.26420245402125847
28.0200000000006          0.24902943745449796
28.0400000000006          0.23771973082774286
28.060000000000603        0.229697983877298
28.080000000000613        0.2245681648833078
28.10000000000061         0.22208297566056057
28.12000000000061         0.22212397976580842
28.140000000000615        0.22469143599880423
28.160000000000615        0.22990607046048983
28.18000000000061         0.23801682776343464
28.200000000000614        0.2494218650686744
28.220000000000613        0.2646991282369344
28.240000000000627        0.2846458372134776
28.260000000000623        0.31031312713544346
28.280000000000626        0.3429775450795143
28.30000000000063         0.3838318390917862
28.320000000000626        0.43273203608450755
28.34000000000062         0.4852343344354758
28.36000000000062         0.5318036699961297
28.380000000000614        0.5655266408806755
28.40000000000061         0.5835394123035852
28.420000000000616        0.5888102850392425
28.440000000000612        0.5836064527497233
28.46000000000062         0.5656588719670052
28.48000000000061         0.5319965084710873
28.500000000000625        0.4854795549679304
28.520000000000632        0.4330209903490683
28.540000000000642        0.38416048543191617
28.56000000000065         0.34334604060274
28.580000000000645        0.31072375295322996
28.60000000000065         0.2851018588724436
28.620000000000648        0.2652043365143985
28.640000000000658        0.24998041474154725
28.660000000000654        0.238633258653729
28.68000000000065         0.23058645411254522
28.70000000000066         0.2254400238260985
28.72000000000067         0.22294736966121878
28.740000000000673        0.22298959953004036
28.76000000000067         0.2255674932589552
28.780000000000665        0.23080156625016457
28.800000000000683        0.2389418651163657
28.82000000000067         0.25038803891220507
28.840000000000682        0.26572019903732524
28.860000000000685        0.28573855350405153
28.880000000000685        0.31149817984836187
28.900000000000684        0.3442804245645869
28.920000000000684        0.38528261391784063
28.94000000000068         0.43436079700116115
28.960000000000676        0.4870621582880226
28.98000000000067         0.5339375858180054
29.000000000000668        0.5677159679093373
29.020000000000667        0.5857356042667755
29.04000000000066         0.5910277427404557
29.060000000000677        0.5858048984925329
29.08000000000067         0.5677895737424693
29.100000000000676        0.5340015402104936
29.120000000000683        0.4873125311766871
29.140000000000686        0.43466252971560243
29.160000000000696        0.3856254931445594
29.180000000000703        0.34466472520356684
29.200000000000706        0.3119263774016481
29.220000000000706        0.28621486838633287
29.24000000000071         0.2662494109131726
29.260000000000716        0.25097262970503614
29.280000000000715        0.23958613839285794
29.300000000000715        0.23151079208168546
29.320000000000725        0.22634773939349886
29.340000000000728        0.22384785666051485
29.360000000000724        0.22389182941246003
29.38000000000073         0.22648048232504217
29.40000000000073         0.23173483475118267
29.420000000000734        0.23990591924224
29.440000000000726        0.25139494313503774
29.46000000000073         0.26678427915644487
29.480000000000736        0.2868772574119986
29.500000000000746        0.3127266480499363
29.520000000000735        0.34561114783302105
29.540000000000738        0.3867275737024857
29.560000000000738        0.4359672143607915
29.580000000000727        0.48896063978084653
29.600000000000723        0.5360175832717032
29.62000000000072         0.5699286553714475
29.64000000000072         0.5880206954389298
29.66000000000072         0.5933345957299624
29.680000000000724        0.5880903969599979
29.700000000000724        0.5700025039663689
29.720000000000727        0.53608206319638
29.740000000000734        0.4892131010384357
29.760000000000744        0.4363647149382207
29.780000000000747        0.3870784448070177
29.800000000000757        0.34600676745531506
29.82000000000077         0.31316920124074915
29.840000000000764        0.2873707451997949
29.860000000000763        0.2673333503944923
29.88000000000077         0.25200206189363217
29.900000000000766        0.24057545164540625
29.920000000000773        0.23247216428588394
29.94000000000078         0.22729182978235193
29.96000000000078         0.22478438443453294
29.980000000000786        0.2248300769360421
30.00000000000078         0.22742976568401796
30.02000000000079         0.2327049853161944
30.040000000000784        0.24090941332444518
30.06000000000079         0.2524432763196184
30.080000000000787        0.26789185665334286
30.10000000000079         0.2880602814822908
30.1200000000008          0.31400824257538446
30.140000000000796        0.34701957208330575
30.160000000000792        0.3882952421363251
30.180000000000792        0.4377266818630013
30.200000000000784        0.4909286097406791
30.220000000000777        0.538173847676218
30.240000000000776        0.572222879136374
30.26000000000078         0.5903906898446315
30.280000000000776        0.595728230749918
30.300000000000775        0.5904637796494393
30.320000000000782        0.5723687688494131
30.34000000000079         0.5383867865020592
30.360000000000788        0.4911994540999635
30.38000000000081         0.43804691593423467
30.40000000000081         0.3886611595124415
30.42000000000081         0.34743152312435394
30.440000000000826        0.31446871533672943
30.46000000000082         0.28857273604814176
30.48000000000082         0.26846028712646275
30.50000000000082         0.2530721447397695
30.52000000000083         0.24160367735518026
30.540000000000827        0.2334712095839563
30.560000000000823        0.22827277554294703
30.580000000000833        0.2257573218767138
30.600000000000836        0.2258048028091544
30.620000000000832        0.22841614697379714
30.640000000000835        0.23371328696754576
30.66000000000084         0.24194937209035605
30.680000000000838        0.25352882008519106
30.70000000000084         0.2690383188407364
30.720000000000844        0.28928632962668377
30.740000000000844        0.3153369404481998
30.760000000000854        0.34847934779052375
30.780000000000847        0.3899196623691131
30.800000000000846        0.4395494584623205
30.820000000000842        0.4929670340636161
30.84000000000084         0.5404069803358021
30.86000000000083         0.5745332345428613
30.88000000000083         0.5928436750139175
30.900000000000833        0.5982056267352479
30.92000000000083         0.5929195357735292
30.940000000000843        0.5747467768006888
30.96000000000084         0.5406234476767396
30.98000000000085         0.49324290332747134
31.000000000000856        0.4398770730987608
31.020000000000866        0.3902956677953565
31.04000000000087         0.3489040403259578
31.060000000000873        0.3158127231003935
31.080000000000886        0.2898166337058244
31.100000000000882        0.26962713105416714
31.12000000000088         0.2541806008768881
31.14000000000088         0.24266749484966924
31.160000000000885        0.2345056396817899
31.180000000000884        0.22928909021987484
31.200000000000887        0.22676580932545012
31.220000000000894        0.2268151720178326
31.240000000000897        0.22943816016842036
31.260000000000897        0.23475742255901738
31.280000000000896        0.24302719488658484
31.300000000000903        0.2546536203080326
31.320000000000903        0.27022588597016767
31.34000000000091         0.2905558962751642
31.360000000000916        0.31671227899630033
31.38000000000091         0.34998975828128404
31.4000000000009          0.39159973866830294
31.420000000000897        0.44152607226905405
31.440000000000904        0.4950683974259599
31.460000000000896        0.5425762957653741
31.480000000000903        0.5769898853704476
31.500000000000888        0.5953823434606417
31.520000000000888        0.6007701384455222
31.540000000000887        0.5954628259775651
31.560000000000894        0.5772131908833265
31.580000000000886        0.5429459252549179
31.600000000000904        0.4953667812968631
31.62000000000091         0.4417791925388619
31.640000000000917        0.39199338814580265
31.66000000000093         0.3504324923517819
31.680000000000938        0.3172135517285619
31.70000000000093         0.2911057443587136
31.72000000000093         0.270834315341696
31.740000000000933        0.25532720132020975
31.76000000000094         0.2437715533727414
31.780000000000946        0.23557840026413862
31.800000000000946        0.23034236112637857
31.820000000000945        0.22781034104515258
31.840000000000952        0.22786121685471702
31.86000000000095         0.23049599408652438
31.880000000000948        0.23583786986205107
31.900000000000947        0.24414219829581454
31.920000000000954        0.2558169026138241
31.940000000000946        0.271453752241301
31.96000000000096         0.29186740038025133
31.980000000000967        0.3181401444332978
32.00000000000096         0.35157779445714926
32.02000000000096         0.3934034669816124
32.040000000000944        0.4434733864055158
32.06000000000095         0.49724497389802325
32.080000000000936        0.5449596943473267
32.10000000000094         0.5795253657608334
32.12000000000093         0.598001108365981
32.140000000000924        0.6034138219096495
32.16000000000093         0.5980818503006217
32.18000000000094         0.5797490737350867
32.20000000000094         0.5453302308727099
32.22000000000094         0.4975446430830108
32.240000000000954        0.4438228437064514
32.26000000000096         0.3938047475841978
32.28000000000096         0.3520313177393176
32.30000000000098         0.31864860985938054
32.320000000000974        0.29243455491647286
32.34000000000097         0.2720813964157858
32.36000000000097         0.25651239820574023
32.380000000000976        0.2449111532847921
32.40000000000098         0.23668615724367956
32.42000000000098         0.2314303215771178
32.440000000000985        0.2288894932061758
32.46000000000098         0.22894205483207555
32.480000000000985        0.2315890481026018
32.500000000000995        0.23695320824050045
32.52000000000099         0.24529251245586012
32.540000000000994        0.2570162566512509
32.560000000001004        0.2727193271425287
32.58000000000101         0.2932223169201186
32.60000000000099         0.31960722853355195
32.62000000000099         0.3531882812450424
32.640000000000995        0.3951942833821871
32.66000000000099         0.44548155858213817
32.68000000000098         0.49948926808168553
32.70000000000097         0.5474173772576401
32.720000000000965        0.582140235669974
32.74000000000096         0.6007024726996811
32.76000000000096         0.606141731161187
32.78000000000095         0.6007857306810964
32.80000000000098         0.5823027251655374
32.82000000000097         0.547654905799744
32.84000000000098         0.4997928476433977
32.860000000000994        0.4458427640287643
32.880000000001           0.3956094296856249
32.90000000000101         0.3536579224922267
32.920000000001004        0.3201342302614886
32.94000000000101         0.29381059484963773
32.96000000000101         0.273373322144274
32.980000000001006        0.25774081044352765
33.000000000001           0.24609295059933423
33.02000000000101         0.23783555876581167
33.04000000000101         0.23255975877905963
33.06000000000102         0.23001049473728669
33.080000000001036        0.23006492986887525
33.10000000000102         0.23272465278352086
33.12000000000102         0.23811397210552
33.140000000001024        0.24649057789172946
33.16000000000102         0.25826623499820195
33.18000000000102         0.27403860325245044
33.20000000000102         0.2946321038085538
33.22000000000102         0.32113379804692394
33.24000000000101         0.35486408430465183
33.26000000000103         0.39705769756562775
33.280000000001024        0.44757107962577725
33.30000000000101         0.5018244379959474
33.320000000001016        0.5499746222780917
33.340000000001           0.5849276026880378
33.360000000000994        0.6035144607863355
33.380000000001004        0.6089811449069904
33.40000000000099         0.6036003616581094
33.42000000000099         0.5850323864403639
33.440000000001014        0.5502249530364428
33.46000000000102         0.5021442069756054
33.48000000000102         0.44795035123007027
33.50000000000103         0.39749230485315196
33.52000000000103         0.3553549544248475
33.540000000001044        0.321684309383825
33.56000000000105         0.29524660718464407
33.58000000000105         0.27472189435679634
33.600000000001046        0.2590257588230474
33.62000000000106         0.24732899676500567
33.640000000001045        0.23903757810101015
33.66000000000105         0.23374080049124027
33.68000000000106         0.2311822553800992
33.700000000001054        0.23123924925209416
33.72000000000108         0.23391285445335297
33.74000000000105         0.2393280084237806
33.76000000000106         0.2477436621511318
33.78000000000106         0.25957357863392894
33.80000000000107         0.2754183120084877
33.82000000000106         0.29610627775145903
33.84000000000106         0.3227298145778026
33.860000000001065        0.3566157659055387
33.88000000000106         0.3989362939230986
33.90000000000107         0.44966060366153116
33.92000000000105         0.5042696460061803
33.94000000000104         0.5527878749297315
33.960000000001024        0.5877707706826885
33.98000000000103         0.606451707028311
34.00000000000102         0.611947301937636
34.020000000001026        0.6065400455226783
34.040000000001044        0.5878801787117817
34.06000000000105         0.5529041831196183
34.08000000000106         0.504594060344671
34.10000000000105         0.45014678137016667
34.12000000000106         0.39945611051771357
34.14000000000107         0.3571265028421042
34.16000000000107         0.32329717317737255
34.18000000000107         0.2967488533508325
34.200000000001076        0.27613531959014603
34.22000000000109         0.2603684682748561
34.24000000000108         0.2486218274043795
34.26000000000108         0.2402959815157075
34.280000000001074        0.23497822918626535
34.30000000000109         0.2324109448036212
34.32000000000109         0.23247090989399555
34.340000000001076        0.235159270846688
34.36000000000109         0.24060163333386736
34.38000000000109         0.24905827198439048
34.4000000000011          0.26094504078748215
34.42000000000109         0.27686803400827986
34.44000000000109         0.29765312511737557
34.46000000000109         0.32439658515631675
34.48000000000109         0.358424019342503
34.5000000000011          0.4009764679431782
34.5200000000011          0.4519470784372231
34.54000000000109         0.5068248560788663
34.56000000000108         0.5555874717616148
34.58000000000109         0.5907503877856763
34.60000000000107         0.609530927681437
34.62000000000107         0.615057512275582
34.640000000001066        0.609622912857726
34.66000000000107         0.590867039021634
34.68000000000108         0.5557146344069696
34.70000000000109         0.507169939303274
34.72000000000111         0.4523573163513069
34.74000000000111         0.4014481755522268
34.76000000000111         0.35895869856116713
34.78000000000111         0.32499814768051477
34.800000000001106        0.29832641941749666
34.820000000001116        0.2776183327604901
34.84000000000112         0.2617802759971807
34.86000000000111         0.24998162133988086
34.880000000001125        0.24161995861681582
34.90000000000113         0.23628052159525328
34.92000000000112         0.23370438253460254
34.94000000000113         0.23376774227743993
34.960000000001116        0.23647183616915207
34.980000000001134        0.24194404306691536
35.00000000000113         0.2504445543589997
35.020000000001126        0.26239191231826575
35.04000000000114         0.27839243757793586
35.06000000000113         0.2992816600258068
35.08000000000114         0.32615937705370646
35.10000000000113         0.360358300235581
35.120000000001134        0.40312629992860327
35.14000000000113         0.4543568458393649
35.16000000000111         0.5095175953920889
35.18000000000111         0.5585361957271567
35.20000000000109         0.5938868881026821
35.22000000000109         0.6127703436440137
35.24000000000109         0.618327835637913
35.26000000000111         0.6128636346981017
35.280000000001095        0.5940717510901053
35.30000000000111         0.5588081037492502
35.32000000000111         0.5098675796038278
35.34000000000112         0.45477778990481954
35.36000000000113         0.40361596584591947
35.38000000000113         0.36091830017178517
35.40000000000114         0.326793451800051
35.42000000000114         0.2999945544210144
35.44000000000115         0.2791894255246089
35.460000000001145        0.2632787183791008
35.480000000001155        0.2514274776410915
35.50000000000115         0.2430301847007716
35.52000000000115         0.23766938346453384
35.540000000001164        0.2350863895317336
35.56000000000116         0.23515578822136424
35.58000000000116         0.23787898257653498
35.60000000000116         0.2433831712878873
35.62000000000116         0.2519316113949661
35.64000000000116         0.26394468482220695
35.66000000000117         0.28003216762354743
35.68000000000118         0.3010343398420006
35.70000000000117         0.3280572565952296
35.72000000000117         0.3624412520762547
35.74000000000117         0.4054415294580531
35.76000000000116         0.4569520138575547
35.78000000000115         0.512417894107853
35.800000000001134        0.561570171172986
35.82000000000112         0.5972004201891614
35.840000000001126        0.6162636031249573
35.86000000000113         0.6218574109724152
35.880000000001125        0.616363353130584
35.90000000000114         0.5974650094866955
35.92000000000114         0.5620041127970048
35.94000000000114         0.5127934058496546
35.96000000000116         0.45740466281775144
35.98000000000116         0.40596935822526886
36.00000000000117         0.36304682256845583
36.020000000001176        0.3287452206092328
36.040000000001186        0.30181016572555136
36.06000000000118         0.28089917423897853
36.080000000001185        0.2649119158785494
36.10000000000119         0.2530063512268859
36.12000000000119         0.2445730995349387
36.14000000000119         0.2391929000513918
36.16000000000119         0.23660417057149116
36.1800000000012          0.2366819578969566
36.20000000000119         0.23942777095536302
36.22000000000119         0.24496969288618475
36.240000000001196        0.25357271265659526
36.2600000000012          0.2656598954937954
36.280000000001195        0.2818448557016111
36.30000000000119         0.3029731356897328
36.3200000000012          0.3301577122176658
36.3400000000012          0.3647755601914226
36.36000000000121         0.40807544454112066
36.380000000001196        0.45992178257017374
36.400000000001185        0.51562494630894
36.42000000000116         0.5650892778069414
36.44000000000117         0.6009462475371204
36.46000000000116         0.620134916933416
36.480000000001155        0.6257669662771121
36.500000000001165        0.6202367580196909
36.52000000000117         0.6012158054210277
36.540000000001186        0.5655329758933677
36.56000000000118         0.5160220891525759
36.580000000001206        0.460306383093006
36.6000000000012          0.4085744341836821
36.62000000000121         0.3654370523705231
36.640000000001216        0.33092328500865004
36.66000000000122         0.30383433522532416
36.68000000000123         0.2828137756769916
36.70000000000122         0.26674516970440365
36.72000000000122         0.25478217538748826
36.740000000001224        0.24631172775105772
36.76000000000122         0.24091209213576106
36.78000000000122         0.23832022247460563
36.800000000001226        0.23841058172852322
36.82000000000125         0.24118490218469824
36.84000000000123         0.24677230108530326
36.86000000000122         0.25543974405817305
36.88000000000123         0.26761103385965923
36.900000000001235        0.2839086729410754
36.92000000000124         0.3051840351397037
36.94000000000124         0.33256195934477695
36.960000000001244        0.36740894251820877
36.980000000001226        0.4110040288065431
37.00000000000125         0.46320539962492796
37.02000000000121         0.5192948789385999
37.040000000001214        0.569110429907647
37.06000000000121         0.6052275101126054
37.08000000000119         0.6245608200406464
37.100000000001195        0.630237860126325
37.12000000000119         0.6246680551009671
37.1400000000012          0.6055093958004781
37.160000000001205        0.5694301832051317
37.18000000000122         0.5197185843459722
37.200000000001225        0.4637320412757008
37.22000000000123         0.41163628547912084
37.24000000000124         0.3681520600246798
37.26000000000124         0.33342233620005435
37.280000000001245        0.3061684531866985
37.30000000000125         0.2850241762302681
37.32000000000126         0.26886513863272055
37.34000000000125         0.2568390733924672
37.36000000000125         0.24832869166716565
37.38000000000125         0.2429094309346801
37.40000000000125         0.24031658249232796
37.42000000000126         0.24042396671930477
37.440000000001255        0.2432330494665011
37.46000000000126         0.24887488628699295
37.480000000001255        0.2576185579889842
37.50000000000127         0.26989390258940577
37.52000000000127         0.28632457428993247
37.54000000000127         0.3077707083152281
37.56000000000128         0.3353664279606879
37.58000000000127         0.3704895348640969
37.60000000000127         0.4144299509871021
37.620000000001276        0.4670464563582016
37.64000000000126         0.5235876245747233
37.66000000000125         0.5738140382044156
37.68000000000124         0.6102356713923598
37.70000000000124         0.6297387960353048
37.720000000001235        0.6354695235306806
37.74000000000123         0.6298542477898952
37.76000000000123         0.6104688744094362
37.780000000001245        0.5741676025184491
37.800000000001255        0.5240616051736353
37.82000000000126         0.4676417952103932
37.84000000000127         0.4151519545993645
37.86000000000128         0.3713462553063559
37.88000000000128         0.3363665266391924
37.900000000001285        0.308922680347675
37.92000000000129         0.2876368390899562
37.94000000000129         0.2713752324941947
37.9600000000013          0.2592786038328347
37.9800000000013          0.25072579486977753
38.00000000000129         0.2452862701630838
38.020000000001296        0.2426950750744111
38.0400000000013          0.24282524088015392
38.0600000000013          0.2456791497069397
38.080000000001306        0.25138869141177983
38.1000000000013          0.26022595547842037
38.120000000001305        0.2726250894302433
38.14000000000132         0.28921588249388486
38.16000000000131         0.3108668789759941
38.18000000000132         0.3387232541899695
38.20000000000131         0.37417625559983947
38.2200000000013          0.418528741578443
38.2400000000013          0.47164035600442744
38.2600000000013          0.528725738130386
38.28000000000127         0.5795864062820518
38.300000000001255        0.6162968941922948
38.32000000000126         0.6359355684279615
38.340000000001254        0.6417281202088058
38.36000000000127         0.6360538984918456
38.38000000000126         0.6164697835242108
38.40000000000126         0.5798138135480446
38.42000000000129         0.5292338193713262
38.44000000000129         0.47230278202048925
38.46000000000131         0.41935257367529843
38.480000000001304        0.37517268758557737
38.50000000000132         0.33990263417283545
38.520000000001325        0.31223979409909847
38.54000000000132         0.2907926926119049
38.560000000001324        0.27441376257638317
38.58000000000132         0.2622370708956277
38.60000000000132         0.2536350569183702
38.62000000000133         0.24817610771110327
38.64000000000134         0.2455913374212664
38.660000000001325        0.24575298680755767
38.68000000000134         0.24866399687641275
38.700000000001324        0.2544581995947837
38.720000000001335        0.2634111597223795
38.74000000000134         0.27596230742258304
38.760000000001334        0.29274892563402954
38.78000000000135         0.3146497784441854
38.80000000000134         0.34281653571384285
38.82000000000134         0.37864839621192453
38.84000000000134         0.4234581066746865
38.86000000000133         0.47714436647257735
38.88000000000132         0.5349846349863192
38.900000000001306        0.5864480633374917
38.92000000000129         0.6236064482730332
38.940000000001284        0.6434965111665497
38.96000000000129         0.6493674331731303
38.98000000000129         0.6436221325907429
39.00000000000129         0.6237962383738684
39.0200000000013          0.5867087834322144
39.040000000001314        0.5355527850709971
39.06000000000133         0.47800097642288514
39.080000000001334        0.4244201825769962
39.10000000000134         0.37983059658578605
39.120000000001355        0.34423203846361566
39.14000000000136         0.31631120634990173
39.160000000001354        0.2946683593387783
39.18000000000136         0.2781493439261585
39.20000000000137         0.26587819776203925
39.22000000000137         0.25722025858961517
39.24000000000136         0.25173921823739775
39.26000000000137         0.24916348370347646
39.28000000000138         0.24936432846957807
39.30000000000136         0.25234536889417924
39.320000000001365        0.25824279469045713
39.34000000000137         0.26733815892433005
39.36000000000137         0.28007445859765623
39.380000000001374        0.29709872047706354
39.40000000000136         0.31930057550613117
39.42000000000137         0.34785079099695354
39.440000000001376        0.38416826318202796
39.460000000001386        0.429583872291172
39.48000000000136         0.4839988048572173
39.500000000001364        0.5426380373109001
39.52000000000134         0.5948391225710347
39.540000000001335        0.632548921977845
39.560000000001324        0.6527519096818295
39.58000000000132         0.6587232688769391
39.60000000000132         0.6528950613949874
39.62000000000133         0.632850177724011
39.640000000001336        0.5953188187865219
39.660000000001354        0.5433211466647487
39.680000000001364        0.48491397040963696
39.700000000001374        0.43075853014897597
39.72000000000138         0.38562549139662583
39.74000000000139         0.3496092759510568
39.760000000001384        0.32137591394883763
39.7800000000014          0.29950501164451887
39.80000000000139         0.2828257860434428
39.82000000000139         0.2704499043263159
39.840000000001396        0.2617339730853323
39.86000000000139         0.2562359406389096
39.880000000001395        0.2536809498786629
39.9000000000014          0.2539393815199392
39.920000000001416        0.2570158012538761
39.9400000000014          0.263049329970461
39.9600000000014          0.2723251425541847
39.980000000001404        0.2852970849031856
40.0000000000014          0.3026225010809554
40.02000000000141         0.32520656105688783
40.0400000000014          0.35424030904802944
40.06000000000141         0.39116715628057036
40.080000000001405        0.43734171885523315
40.100000000001415        0.4926692066973976
40.120000000001376        0.5523131952936452
40.14000000000139         0.6054513389924844
40.16000000000137         0.6437948370929999
40.180000000001364        0.664474450314351
40.20000000000135         0.6705742691900258
40.22000000000136         0.6646290455425223
40.24000000000136         0.6441940849717701
40.26000000000137         0.6059887739712311
40.28000000000138         0.5531088400961293
40.30000000000138         0.4937785968682627
40.3200000000014          0.4388108459408222
40.34000000000141         0.39302914958156043
40.36000000000142         0.35651948289587987
40.38000000000143         0.32792202962107214
40.40000000000141         0.3057909557996253
40.42000000000144         0.28893500698792324
40.440000000001426        0.27644889019195173
40.46000000000142         0.26768266633676485
40.480000000001425        0.26218475411328407
40.500000000001435        0.259676451709613
40.52000000000144         0.2600268784545584
40.540000000001434        0.26324215803616846
40.56000000000144         0.2694657675205302
40.58000000000145         0.27899006404718135
40.60000000000145         0.2922796191356688
40.62000000000145         0.3100068374765363
40.64000000000144         0.33309725332292883
40.660000000001446        0.3627683633334342
40.68000000000145         0.40049542933678045
40.70000000000144         0.4476640271448996
40.72000000000144         0.504290727629857
40.74000000000142         0.5651528903034346
40.76000000000142         0.6193948240769025
40.7800000000014          0.6588468533023637
40.8000000000014          0.6800901812056991
40.82000000000141         0.6863737210116342
40.8400000000014          0.6802738704997622
40.8600000000014          0.6593206236230639
40.88000000000141         0.6202290617507649
40.90000000000143         0.5662048273216905
40.92000000000144         0.5057002471669878
40.94000000000143         0.4497192089760419
40.96000000000145         0.4031467220345025
40.98000000000145         0.3660610706149593
41.00000000000145         0.3370450041229416
41.02000000000145         0.31463925760346423
41.04000000000146         0.29762066632514533
41.060000000001466        0.2850653750784538
41.080000000001455        0.2763064776619975
41.10000000000147         0.2708856450610729
41.12000000000146         0.26851941379127875
41.14000000000148         0.2690764473871579
41.160000000001475        0.2725663001512051
41.18000000000148         0.27913985990899376
41.20000000000148         0.28910132594038807
41.220000000001484        0.3029323163902458
41.240000000001494        0.32132866169245894
41.26000000000148         0.34524616887979076
41.280000000001486        0.3759527931838109
41.30000000000149         0.41497764227368605
41.320000000001485        0.46375973069945314
41.340000000001474        0.5221849343802845
41.36000000000146         0.5851286601179724
41.38000000000145         0.6413696635679462
41.40000000000143         0.6823793273022364
41.42000000000142         0.7045770473891217
41.44000000000143         0.7112202564496491
41.460000000001436        0.7049692172398707
41.480000000001425        0.683362719638255
41.50000000000144         0.6431665926232794
41.52000000000146         0.5878024870907875
41.54000000000147         0.526204546983368
41.56000000000149         0.46940395958688436
41.58000000000149         0.4224623502736949
41.600000000001494        0.3854470696142785
41.6200000000015          0.3569045844909737
41.64000000000149         0.3353008154042068
41.660000000001496        0.31938279190334634
41.6800000000015          0.3082134854978647
41.7000000000015          0.30112844271415184
41.720000000001505        0.29768751619180805
41.7400000000015          0.29763839057489117
41.75000000000001         0.2988525380160499
