% Model:              Untitled.mph
% Version:            COMSOL 5.6.0.280
% Date:               Oct 6 2021, 16:48
% Dimension:          1
% Nodes:              994
% Expressions:        1
% Description:        线图
% cln1x                   Height
49.25                     0.2989012175411469
49.260000000000076        0.2976856734500633
49.28000000000008         0.29773324077346186
49.300000000000104        0.3011731496075103
49.32000000000011         0.3082576745499923
49.340000000000096        0.3194268625166332
49.36000000000012         0.33534479590094257
49.38000000000012         0.3569472961153868
49.40000000000012         0.38548354936884366
49.42000000000013         0.42247867714711157
49.440000000000154        0.4693778910560773
49.46000000000015         0.5262532306142418
49.480000000000146        0.5878566201848705
49.50000000000016         0.6430795587269299
49.52000000000017         0.6833587101264696
49.540000000000184        0.7050451688445896
49.56000000000018         0.7112999926799862
49.58000000000018         0.704656419444488
49.600000000000186        0.6825284574718334
49.62000000000019         0.6415890064108322
49.64000000000019         0.5851883487525529
49.66000000000021         0.5221337825824341
49.680000000000234        0.46373468406221147
49.70000000000021         0.4149954611589753
49.720000000000226        0.37599133586404765
49.74000000000024         0.3452896598675714
49.76000000000023         0.32136737421551376
49.780000000000236        0.30296979990457706
49.800000000000246        0.289138421049899
49.82000000000026         0.2791768343466665
49.840000000000266        0.2726032700988051
49.86000000000027         0.269113530961637
49.88000000000028         0.2685567815668176
49.90000000000028         0.27092361393539643
49.920000000000314        0.2763457521522491
49.9400000000003          0.2851074781315476
49.96000000000031         0.2976678593623847
49.9800000000003          0.3146922481830934
50.00000000000031         0.33710000005465035
50.02000000000032         0.36612078047714863
50.040000000000326        0.40324223550966143
50.06000000000035         0.44986784620782694
50.08000000000034         0.5058881302809042
50.10000000000035         0.5662981113224139
50.12000000000035         0.6201781152567166
50.140000000000356        0.6593468220598767
50.16000000000036         0.6803687774855867
50.18000000000037         0.6864653636775125
50.20000000000038         0.6801783544828229
50.220000000000375        0.6590021989874703
50.240000000000364        0.6196214873238335
50.260000000000396        0.5652231581595282
50.28000000000039         0.5043533887075631
50.30000000000041         0.44779698170866955
50.3200000000004          0.400578625785776
50.34000000000042         0.36282478302436777
50.36000000000043         0.33314271100504333
50.380000000000436        0.31004831745671907
50.40000000000044         0.2923197533656179
50.42000000000046         0.27902977983271915
50.44000000000047         0.26950541865000643
50.46000000000046         0.26328195173095553
50.48000000000047         0.260067026196562
50.500000000000476        0.25971722324010627
50.520000000000486        0.26222650135864967
50.54000000000049         0.2677258351132638
50.5600000000005          0.2764922581631582
50.58000000000052         0.2889776989271043
50.60000000000052         0.3058357403085606
50.620000000000516        0.32797163657395184
50.640000000000526        0.3565809815429108
50.66000000000053         0.3931184149528043
50.68000000000056         0.4389510405825948
50.70000000000054         0.49395493717445677
50.720000000000546        0.5531897779359493
50.74000000000055         0.6059303833718738
50.760000000000545        0.6442178465009071
50.78000000000055         0.6647257046244048
50.800000000000544        0.6706712255396804
50.820000000000555        0.6645685815613482
50.84000000000056         0.6438841595561757
50.86000000000058         0.6053838621709341
50.88000000000057         0.5523860768410056
50.90000000000059         0.49284047830792305
50.92000000000061         0.437479059524795
50.9400000000006          0.39125483971656044
50.96000000000063         0.3543010615560957
50.98000000000063         0.32525607103934
51.000000000000625        0.3026677421027501
51.02000000000064         0.2853407297017346
51.04000000000065         0.272368174423286
51.06000000000067         0.26309215660541146
51.080000000000666        0.25705867592666237
51.10000000000067         0.25398275795294734
51.12000000000068         0.2537243683518475
51.14000000000068         0.2562794940996324
51.16000000000069         0.26177790678971313
51.180000000000696        0.2704944596996075
51.20000000000071         0.2828713412130915
51.2200000000007          0.29955248509457644
51.24000000000072         0.32142784502493416
51.260000000000716        0.3496723773641917
51.280000000000726        0.385714997205667
51.30000000000074         0.430896640696596
51.32000000000074         0.4850853902977154
51.34000000000075         0.5433968960763276
51.36000000000074         0.5952601705006356
51.38000000000074         0.632950088444548
51.40000000000074         0.6530027675513814
51.42000000000074         0.6588326149241444
51.44000000000075         0.6528592849001941
51.46000000000077         0.632581678841023
51.48000000000077         0.59478749664197
51.500000000000774        0.5427234036552825
51.52000000000079         0.48418005026265776
51.54000000000081         0.42973018764248105
51.5600000000008          0.3842642004986427
51.58000000000082         0.34791901526455565
51.600000000000826        0.3193567935418239
51.62000000000083         0.29715000082056314
51.64000000000084         0.2801235949935027
51.660000000000835        0.26738802416463003
51.68000000000086         0.25829262070911524
51.70000000000086         0.2523940210837769
51.72000000000088         0.24941237628352214
51.74000000000087         0.24921142490638284
51.760000000000886        0.2517874988632621
51.780000000000896        0.25726930840982715
51.8000000000009          0.2659285000482924
51.82000000000092         0.2782016059048981
51.840000000000906        0.29472395960048947
51.86000000000092         0.3163733391142443
51.88000000000091         0.3443083505673468
51.90000000000093         0.37993761591135067
51.920000000000925        0.42450939957834083
51.940000000000936        0.47800477059100777
51.96000000000094         0.5356726117398798
51.980000000000935        0.5869786657431985
52.00000000000094         0.6239901204337295
52.020000000000934        0.6437425720557145
52.04000000000095         0.6494816154696851
52.06000000000094         0.6436029213965263
52.08000000000094         0.6236337558680712
52.100000000000975        0.5863874532202633
52.12000000000097         0.5350569931987089
52.14000000000098         0.4773130668606347
52.160000000001           0.4235951309726755
52.180000000001016        0.3787380066559044
52.20000000000103         0.34287353096520023
52.22000000000103         0.314704764688843
52.24000000000105         0.2928033589509578
52.26000000000104         0.27601473512973107
52.28000000000106         0.263461617789006
52.30000000000106         0.25450716325549483
52.320000000001066        0.24871200828831308
52.34000000000109         0.24580054600080445
52.36000000000108         0.24563888558253102
52.380000000001104        0.24822404087742628
52.4000000000011          0.2536837560020237
52.420000000001096        0.2622869655395545
52.440000000001135        0.2744654939258587
52.460000000001116        0.2908475475538583
52.48000000000113         0.3123017101769275
52.50000000000114         0.3399635900090351
52.52000000000114         0.37521942145300763
52.54000000000114         0.4193665005295298
52.560000000001146        0.4723025365162569
52.58000000000115         0.5293482579383293
52.60000000000112         0.5800780354528495
52.62000000000113         0.6166603362109216
52.640000000001116        0.6361743713654595
52.66000000000112         0.6418449917647779
52.680000000001115        0.6360477227385947
52.70000000000113         0.6163342723280907
52.72000000000115         0.57953890653902
52.74000000000117         0.5288157790879975
52.760000000001185        0.47162364057200107
52.780000000001195        0.41853061840431466
52.800000000001205        0.37421459825141407
52.820000000001215        0.3387784567171822
52.840000000001226        0.31092579500300754
52.86000000000124         0.2892734446132589
52.880000000001225        0.27268008885551365
52.90000000000124         0.26027858288638295
52.92000000000125         0.25143952159207317
52.94000000000125         0.24572878735444423
52.96000000000128         0.24287422085090093
52.98000000000127         0.24274384968561247
53.00000000000128         0.2453352229432588
53.020000000001296        0.2507763515376398
53.0400000000013          0.25933237376324664
53.0600000000013          0.27143171298822055
53.08000000000131         0.2876962314783203
53.10000000000133         0.30898379589872915
53.120000000001326        0.33642434102611546
53.14000000000133         0.3713877185370511
53.160000000001325        0.4151576336032411
53.180000000001336        0.46762969448429853
53.200000000001324        0.5241618041690177
53.22000000000133         0.5744199059089712
53.240000000001324        0.6106534371540496
53.26000000000131         0.6299759172581699
53.28000000000132         0.6355922335263224
53.30000000000133         0.6298612320599284
53.320000000001336        0.6104219727486654
53.34000000000135         0.5740696499983381
53.360000000001364        0.5236932242302236
53.38000000000139         0.4670399697823383
53.400000000001405        0.4144402841180747
53.4200000000014          0.3705346989165107
53.44000000000142         0.3354272887786577
53.46000000000144         0.30783447685329585
53.480000000001446        0.2863864158203979
53.50000000000144         0.26995276653419353
53.52000000000145         0.25767475243449584
53.540000000001456        0.24892908198108896
53.560000000001466        0.24328535597479184
53.58000000000148         0.24047580143582717
53.60000000000148         0.2403689930369947
53.62000000000148         0.2429629655164001
53.64000000000149         0.24838400150037795
53.660000000001496        0.2568969112959308
53.68000000000151         0.26892627672593467
53.70000000000152         0.285089080370911
53.720000000001534        0.3062363186234469
53.74000000000153         0.33348871827204185
53.76000000000153         0.3682047830113593
53.780000000001536        0.4116570640679078
53.80000000000154         0.4637394498005857
53.82000000000152         0.5198401869727567
53.84000000000152         0.5695555171426472
53.860000000001506        0.6055706274900587
53.88000000000151         0.6247977874687581
53.90000000000152         0.6303664087355979
53.920000000001515        0.6246855903394953
53.940000000001525        0.6054122270390628
53.96000000000154         0.5693613351141864
53.98000000000157         0.51939504494101
54.0000000000016          0.46319463613732703
54.020000000001595        0.4110113395819839
54.040000000001605        0.36745205363170785
54.060000000001615        0.3326214796545249
54.080000000001625        0.3052469559936484
54.10000000000164         0.28396998550238584
54.12000000000164         0.2676672073460353
54.140000000001656        0.2554923076756807
54.16000000000165         0.24682413967359842
54.18000000000166         0.24123639996096716
54.200000000001666        0.23846211911521994
54.22000000000167         0.23837223266163907
54.240000000001686        0.24096508989305554
54.26000000000169         0.24636632796965663
54.28000000000169         0.25483908814359846
54.300000000001695        0.26680511374141186
54.320000000001706        0.28287714852459594
54.34000000000174         0.30390024512737074
54.360000000001726        0.33098718206164063
54.38000000000173         0.3655149344233314
54.40000000000174         0.40873189072165567
54.420000000001735        0.4605007746468553
54.44000000000173         0.5161271411738618
54.46000000000172         0.5655081538570438
54.480000000001716        0.6012727253327833
54.50000000000171         0.620363147562297
54.52000000000174         0.625893644401901
54.54000000000171         0.62025976533337
54.56000000000173         0.601133214139703
54.58000000000176         0.5653443141665927
54.600000000001764        0.5157314684664043
54.6200000000018          0.45991717067261584
54.640000000001805        0.4080871958494384
54.660000000001816        0.3648498124651619
54.680000000001826        0.33023259864561977
54.700000000001836        0.30303571123984363
54.72000000000187         0.28190207434745396
54.74000000000185         0.26571457841790386
54.76000000000187         0.2536260349374534
54.78000000000186         0.24502225118351728
54.80000000000187         0.23947999353759578
54.820000000001876        0.2367342561334371
54.84000000000188         0.23665699927189615
54.8600000000019          0.23924678887378156
54.880000000001885        0.24462867228424934
54.9000000000019          0.253064320694229
54.92000000000191         0.2649729960623798
54.940000000001916        0.28096119245764134
54.960000000001905        0.3018756161784458
54.98000000000192         0.3288237587613425
55.00000000000195         0.363153917997124
55.020000000001936        0.4061272216937324
55.04000000000193         0.4575988652790911
55.06000000000194         0.5128986404662637
55.080000000001924        0.5619811689923918
55.100000000001906        0.5975248586413251
55.12000000000191         0.616493607279511
55.14000000000191         0.6219884832211582
55.16000000000192         0.6163923717245043
55.18000000000193         0.5973896590983582
55.20000000000194         0.5616825057892441
55.220000000001974        0.5125139528742307
55.24000000000201         0.45713835853817475
55.260000000002           0.4055937517764755
55.280000000002026        0.36254453179286694
55.30000000000204         0.32813325620812567
55.32000000000203         0.3010981371493239
55.340000000002064        0.2800906138257001
55.36000000000205         0.2640005524281186
55.38000000000207         0.25198605508784355
55.40000000000208         0.24343678227905777
55.420000000002084        0.23793219236761318
55.440000000002094        0.23520901744481082
55.4600000000021          0.2351401070860657
55.48000000000212         0.23772356036455786
55.50000000000212         0.2430844931260767
55.52000000000212         0.25148299563483495
55.54000000000213         0.26333614771402075
55.560000000002134        0.27925009178303545
55.580000000002165        0.3000614901151759
55.600000000002154        0.3268739001139676
55.620000000002165        0.36102791523510946
55.640000000002146        0.4037771780593771
55.66000000000215         0.4549764158754928
55.68000000000214         0.5099782794097855
55.70000000000213         0.5587903565471756
55.7200000000021          0.594134912646717
55.7400000000021          0.6129949657572764
55.76000000000211         0.6184585877773809
55.78000000000212         0.612896383269687
55.80000000000213         0.593939332891761
55.82000000000214         0.5585037763134572
55.84000000000217         0.5096113760477481
55.8600000000022          0.45454072494346176
55.88000000000221         0.4032766324863103
55.90000000000223         0.3604602796512259
55.92000000000224         0.32623447847811704
55.94000000000226         0.29934482563621984
55.96000000000227         0.2784504422642798
55.98000000000226         0.26244748519409794
56.00000000000228         0.25049882264840434
56.0200000000023          0.24199862988582008
56.040000000002294        0.2365261808673097
56.0600000000023          0.23382138994132107
56.08000000000231         0.2337578525658172
56.100000000002325        0.23633427300599788
56.120000000002314        0.2416744199006059
56.14000000000232         0.25003725086853057
56.160000000002334        0.2618377138125861
56.180000000002345        0.2776788089065507
56.20000000000236         0.29839281362386294
56.220000000002344        0.3250774526757777
56.24000000000236         0.35906616520542295
56.26000000000237         0.40160569220580167
56.280000000002346        0.45255050712562
56.30000000000235         0.5072805565703941
56.32000000000233         0.5559790830966124
56.34000000000233         0.5910645185875859
56.36000000000231         0.6097583335146883
56.38000000000231         0.6151934260675497
56.40000000000232         0.6096649006610071
56.420000000002354        0.5908140811994618
56.44000000000235         0.5555686994561749
56.460000000002374        0.5069325711976385
56.480000000002406        0.4521428487280323
56.50000000000242         0.40113620806695843
56.52000000000245         0.35853333216462574
56.54000000000246         0.3244774299525887
56.56000000000247         0.29772084087638295
56.580000000002485        0.2769322083975432
56.60000000000248         0.26100818634242784
56.620000000002484        0.24911830146784059
56.640000000002495        0.24065929736427089
56.660000000002505        0.23521531645206364
56.68000000000251         0.23252599579475305
56.700000000002525        0.23246563839005865
56.720000000002536        0.23503302810217583
56.74000000000253         0.24035134692869944
56.760000000002535        0.24867824613513861
56.780000000002545        0.26042660705050585
56.80000000000255         0.27619643439983516
56.82000000000256         0.2968158474306419
56.84000000000255         0.32337043614345107
56.86000000000257         0.3571789601844616
56.880000000002575        0.39947617817203046
56.900000000002564        0.45015255678412874
56.920000000002545        0.504711230653659
56.940000000002534        0.5531687098890801
56.960000000002516        0.5880776635782874
56.98000000000251         0.6066754498425113
57.000000000002515        0.6120829521035184
57.020000000002526        0.6065851572838671
57.04000000000255         0.5878339006973005
57.06000000000255         0.5527684815922345
57.080000000002585        0.5043759225496369
57.10000000000261         0.4498546868423637
57.120000000002634        0.3990259853592422
57.140000000002665        0.3566688529070548
57.16000000000267         0.3227968970821668
57.18000000000268         0.2961752398143469
57.20000000000272         0.27548467086537864
57.2200000000027          0.259636467040284
57.2400000000027          0.24780349370339286
57.26000000000271         0.2393855223930897
57.280000000002715        0.23396878971691396
57.300000000002726        0.23129425914395083
57.32000000000274         0.23123690436321087
57.34000000000275         0.23379558537583323
57.36000000000275         0.23909296158040555
57.38000000000276         0.24738546980244988
57.40000000000276         0.2590862922666736
57.42000000000277         0.27478817411068174
57.44000000000279         0.29531546748144816
57.460000000002786        0.3217512758690507
57.48000000000279         0.3554079484700175
57.50000000000279         0.39751326473458015
57.520000000002774        0.44795735965873673
57.54000000000276         0.5022623614480565
57.56000000000274         0.550489740529606
57.58000000000272         0.5852301412706342
57.6000000000027          0.6037360359082651
57.62000000000271         0.6091168177105963
57.64000000000271         0.6036476798774966
57.660000000002725        0.5850569324591153
57.68000000000275         0.5502370297877409
57.70000000000278         0.5019410288299931
57.72000000000283         0.44757736579010327
57.74000000000284         0.39707830112015385
57.76000000000286         0.3549168682075253
57.780000000002886        0.32120064516232116
57.80000000000288         0.2947009192927392
57.82000000000291         0.27410490413840155
57.8400000000029          0.25832914728638773
57.86000000000291         0.2465505091166336
57.88000000000292         0.2381716586786612
57.900000000002926        0.23278083451603157
57.920000000002936        0.2301202649661077
57.94000000000295         0.2300657394067687
57.96000000000296         0.23261619687162155
57.98000000000296         0.23789367962484803
58.00000000000297         0.24615351859391216
58.02000000000297         0.257804602173487
58.040000000002976        0.27344080707424145
58.060000000003           0.2938809943321311
58.080000000003           0.32020321348616104
58.10000000000301         0.35371364139658085
58.120000000002996        0.3956341334972829
58.14000000000299         0.44585463253135693
58.160000000002974        0.49991612594528556
58.18000000000294         0.5479239203016109
58.200000000002916        0.5825042197634204
58.22000000000291         0.6009228101158359
58.24000000000291         0.6062797533432072
58.26000000000292         0.6008390281406821
58.28000000000293         0.5823371080725921
58.300000000002946        0.5476803252221409
58.32000000000298         0.499606696629102
58.340000000003016        0.44548891175062183
58.360000000003055        0.39521577562730065
58.380000000003065        0.3532417399558057
58.40000000000307         0.3196746192702231
58.4200000000031          0.2932915996825417
58.440000000003096        0.2727860439043327
58.46000000000312         0.2570795446161339
58.48000000000312         0.24535114923592172
58.500000000003126        0.2370101741370589
58.520000000003144        0.23164441112848108
58.54000000000313         0.2289973248881538
58.56000000000315         0.22894518462896543
58.58000000000317         0.2314870219261217
58.60000000000317         0.2367445507229493
58.62000000000316         0.2449720207790069
58.64000000000318         0.2565765390170762
58.66000000000319         0.27214931603008713
58.68000000000319         0.29250553302860693
58.7000000000032          0.3187184144443881
58.72000000000321         0.35208826746475963
58.74000000000321         0.39383131822492723
58.76000000000319         0.4439299594633639
58.78000000000318         0.49765882127216354
58.80000000000315         0.5453197014956289
58.820000000003134        0.5798190157255345
58.840000000003116        0.5982193801174371
58.86000000000312         0.6035518824036747
58.88000000000313         0.5981377000319448
58.900000000003125        0.5797222853785248
58.920000000003164        0.545222753948244
58.94000000000318         0.49736327364744876
58.960000000003234        0.4434818499349807
58.980000000003244        0.3934257143727134
59.00000000000329         0.3516316451883153
59.020000000003286        0.3182077086155836
59.0400000000033          0.29193592212425684
59.06000000000332         0.27151551041115973
59.08000000000331         0.255875609224432
59.100000000003334        0.24419911937154432
59.12000000000334         0.23589368506210887
59.14000000000335         0.23055120161089718
59.16000000000335         0.22791628610882816
59.18000000000335         0.22786577499060023
59.20000000000338         0.23039872972945766
59.220000000003374        0.23563636201261004
59.24000000000338         0.24383185240105562
59.260000000003394        0.25539058373202106
59.2800000000034          0.2709012090781848
59.30000000000341         0.2911745037046636
59.3200000000034          0.3172879409655214
59.34000000000343         0.3505414415558807
59.36000000000342         0.39215196194304425
59.38000000000341         0.4419733133759953
59.40000000000338         0.4954748809422869
59.42000000000336         0.5429307919114889
59.440000000003344        0.5772799215926804
59.46000000000334         0.5955988186958319
59.48000000000332         0.6009080261241184
59.50000000000333         0.5955195927212986
59.52000000000334         0.5771877987792084
59.54000000000337         0.5428404809137074
59.5600000000034          0.4951885184778498
59.58000000000344         0.441628617056054
59.60000000000346         0.3917588887310014
59.620000000003486        0.3500993223580204
59.6400000000035          0.3167938039161331
59.66000000000351         0.2906244547431497
59.680000000003524        0.27028844909009053
59.700000000003534        0.25471311125258767
59.72000000000355         0.2430849048442427
59.74000000000354         0.23481405414505696
59.76000000000355         0.22949423303023678
59.78000000000356         0.22687117630197853
59.800000000003564        0.22682226927958368
59.82000000000359         0.22934659914671363
59.84000000000358         0.23456488285568156
59.86000000000359         0.2427276139097878
59.880000000003584        0.2542411283774598
59.9000000000036          0.2696910250883474
59.92000000000361         0.28988686060889546
59.94000000000363         0.31589631056419565
59.96000000000364         0.34901613348091176
59.98000000000362         0.39045791471789065
60.00000000000362         0.4400755540042685
60.02000000000359         0.49335637641766483
60.04000000000357         0.5406143953858595
60.06000000000351         0.5748191949858558
60.08000000000354         0.5930605824233847
60.10000000000353         0.5983481641791625
60.12000000000353         0.5929843385512845
60.140000000003546        0.5746690666386554
60.16000000000356         0.5403955360656945
60.1800000000036          0.4930777696144044
60.20000000000364         0.43974563658203464
60.22000000000367         0.39008033408026443
60.2400000000037          0.348590439948123
60.26000000000371         0.31541990312578605
60.280000000003724        0.28935617601158375
60.30000000000373         0.26910200036186016
60.32000000000374         0.25358925983911196
60.34000000000376         0.24200786892805912
60.360000000003765        0.23377055353428164
60.38000000000377         0.2284727129490285
60.40000000000377         0.22586133603797745
60.42000000000378         0.22581366009396847
60.4400000000038          0.2283292857473311
60.46000000000379         0.23352839820405563
60.4800000000038          0.24166208684502036
60.50000000000381         0.25313250871133247
60.52000000000382         0.26852393789370244
60.540000000003815        0.2886426479390917
60.56000000000383         0.31455191500602225
60.58000000000384         0.3475431353481795
60.60000000000383         0.3888227940633267
60.62000000000383         0.4382447030302436
60.6400000000038          0.49131245430132287
60.66000000000378         0.5383774419389719
60.68000000000374         0.5725057532467305
60.70000000000374         0.5906048493965109
60.72000000000373         0.5958689132693166
60.74000000000373         0.5905286882293301
60.76000000000374         0.5722915797158104
60.78000000000378         0.5381608003578201
60.80000000000381         0.49103729193938217
60.82000000000385         0.43792072688230027
60.84000000000388         0.3884542111568702
60.86000000000391         0.34712940821877764
60.880000000003925        0.31409027207513807
60.900000000003935        0.28812942799505586
60.920000000003945        0.267955022454306
60.940000000003955        0.25250559462536354
60.96000000000397         0.24096930693374857
60.980000000003976        0.2327642096822286
61.00000000000398         0.2274874760908515
61.02000000000399         0.2248869594150569
61.040000000004014        0.2248410424654163
61.06000000000401         0.22734880795674403
61.080000000004006        0.2325299849398351
61.100000000004016        0.2406346813985566
61.12000000000401         0.252063469545505
61.140000000004044        0.26739831795397206
61.16000000000405         0.2874423160521172
61.18000000000404         0.3132544934609495
61.20000000000406         0.34612101568786463
61.22000000000405         0.38717630230792155
61.24000000000403         0.4363842090205023
61.260000000004           0.48934302637258553
61.28000000000398         0.536355055447869
61.30000000000395         0.5702087659559466
61.32000000000393         0.588234533834191
61.34000000000392         0.5934773958792523
61.36000000000393         0.5881598038848296
61.380000000003946        0.5699974898265281
61.40000000000398         0.5360038810226426
61.42000000000402         0.4890675081969939
61.440000000004055        0.43615933063890217
61.46000000000409         0.3868852853723095
61.48000000000412         0.345720358925993
61.50000000000413         0.3128020249708888
61.52000000000415         0.28694801609181003
61.54000000000415         0.26685246239550303
61.56000000000416         0.25145970849603383
61.580000000004176        0.23996768598856502
61.60000000000417         0.2317943483219221
61.62000000000419         0.2265384938583849
61.640000000004186        0.22394901163105377
61.6600000000042          0.22390480044932487
61.68000000000422         0.22640497501121523
61.70000000000422         0.2315688230964858
61.72000000000422         0.23964550463942086
61.74000000000422         0.2510340596421001
61.76000000000424         0.2663166639570335
61.78000000000424         0.28628680647600213
61.80000000000425         0.3119979301576253
61.82000000000427         0.3447234858727261
61.84000000000425         0.3856540743986192
61.86000000000425         0.4346788041987766
61.88000000000421         0.48743844986628354
61.900000000004184        0.5342710882800189
61.92000000000415         0.5679942050732021
61.940000000004154        0.5859494992079968
61.960000000004136        0.591172206995097
61.98000000000414         0.5858768535606547
62.00000000000414         0.56778721143814
62.02000000000418         0.5339263417640999
62.04000000000423         0.4871766462192893
62.06000000000426         0.4343727768768598
62.08000000000429         0.38530813631477673
62.100000000004336        0.34433705201855397
62.12000000000433         0.3115682621342115
62.140000000004356        0.28581030150734776
62.16000000000435         0.2657892588533068
62.18000000000436         0.25045358662274925
62.20000000000439         0.2390043328145552
62.22000000000437         0.23086170979265708
62.24000000000437         0.22562607302850138
62.2600000000044          0.2230472967250338
62.2800000000044          0.22300478320390604
62.300000000004424        0.22549769216833673
62.320000000004406        0.2306459123189775
62.34000000000444         0.23869623165830828
62.36000000000444         0.2500466794955539
62.38000000000444         0.2652743931310437
62.400000000004454        0.28517498875601216
62.420000000004464        0.31079576812687315
62.440000000004474        0.34340541611250963
62.460000000004456        0.38418995010545814
62.48000000000446         0.43303840774479924
62.50000000000443         0.48560641268163873
62.52000000000438         0.5322664591268572
62.54000000000434         0.5658640196993189
62.56000000000434         0.583751775358825
62.58000000000434         0.5889557961102658
62.60000000000432         0.5836838999951928
62.62000000000437         0.5657298934541604
62.64000000000437         0.5320712482342377
62.66000000000442         0.48535935497472654
62.68000000000447         0.43274833970561594
62.7000000000045          0.3838606112318336
62.72000000000454         0.3430364631150802
62.74000000000457         0.3103848454747482
62.76000000000456         0.2847187952714797
62.78000000000457         0.26476911693312744
62.8000000000046          0.2494881522000434
62.8200000000046          0.23807990618187647
62.8400000000046          0.22996673847288407
62.860000000004575        0.22474994344604876
62.880000000004614        0.22218178423939633
62.90000000000462         0.22214117466341746
62.92000000000461         0.2246273827971249
62.94000000000463         0.22975893821573581
62.96000000000464         0.23778323375349075
62.980000000004644        0.24909631967701207
63.00000000000465         0.2642732584781888
63.02000000000467         0.2841068024233902
63.040000000004675        0.3096404851637884
63.060000000004685        0.34213841644789217
63.08000000000466         0.3827822312454456
63.10000000000467         0.4314609109276681
63.12000000000463         0.4838444141048696
63.140000000004584        0.530201178657852
63.16000000000457         0.5637506784691529
63.180000000004554        0.5816370169123551
63.20000000000454         0.5868230603639956
63.22000000000454         0.5815714409150672
63.24000000000457         0.5636839692569814
63.260000000004574        0.5301476225466228
63.28000000000463         0.4836034364985863
63.30000000000467         0.4311792085827796
63.320000000004704        0.3824638008781209
63.34000000000473         0.341782855655378
63.36000000000476         0.30924533549279154
63.38000000000475         0.28366870806644057
63.40000000000479         0.2637860191080746
63.42000000000479         0.2485584580299364
63.4400000000048          0.23719072571167468
63.460000000004804        0.2291068401555608
63.48000000000481         0.223909999178636
63.50000000000482         0.22135194421962162
63.520000000004835        0.22131304540614918
63.540000000004845        0.22379260268024054
63.56000000000485         0.22890877670250778
63.58000000000483         0.236908130271328
63.60000000000485         0.2481853433655921
63.620000000004836        0.2633134731013859
63.640000000004875        0.28308249820922127
63.660000000004864        0.3085322929466621
63.68000000000489         0.3409492047258418
63.700000000004906        0.38149677324779907
63.72000000000486         0.4300355062938597
63.74000000000485         0.48214572274734585
63.76000000000479         0.5283505495741457
63.78000000000475         0.56178542352151
63.80000000000473         0.5796108827228256
63.82000000000472         0.5847806728711696
63.84000000000474         0.5795503568380698
63.860000000004774        0.5617289149783153
63.88000000000479         0.5283115856905746
63.90000000000483         0.4819291151209215
63.92000000000492         0.4296830799596267
63.94000000000492         0.3811313340055653
63.960000000004975        0.34061300347275497
63.98000000000498         0.30816369394660037
64.00000000000499         0.2826650428206463
64.02000000000501         0.26284926816957555
64.04000000000501         0.24767242766430111
64.06000000000502         0.23634275072187727
64.08000000000501         0.22828624273761966
64.10000000000501         0.22310747450137608
64.12000000000504         0.22055905179767202
64.14000000000505         0.22052176881066102
64.16000000000506         0.22299494534078707
64.18000000000505         0.22809637510407238
64.20000000000506         0.2360718448692144
64.22000000000509         0.24731254405750366
64.24000000000507         0.26239384944557254
64.26000000000508         0.2821029308944302
64.28000000000507         0.30747991449111234
64.3000000000051          0.33978788089945544
64.3200000000051          0.38020629185339533
64.34000000000508         0.4285893524895558
64.36000000000507         0.4805306161098346
64.38000000000501         0.5265831482980662
64.40000000000491         0.5599065615052505
64.42000000000493         0.5776716040830187
64.44000000000493         0.5828241293108878
64.46000000000492         0.5776127445327153
64.48000000000496         0.5598530064237569
64.50000000000497         0.5264125432938426
64.52000000000503         0.48031450779270723
64.5400000000051          0.42833551823633265
64.56000000000515         0.37991827477957135
64.58000000000516         0.3394655238363968
64.60000000000518         0.3071211312614731
64.62000000000519         0.28170476198620514
64.6400000000052          0.2619529035679196
64.66000000000521         0.24682511581722805
64.68000000000524         0.23553228097923712
64.70000000000523         0.22750232860304495
64.72000000000524         0.22234115937525958
64.74000000000525         0.2198022188990212
64.76000000000526         0.21976671813267196
64.78000000000529         0.2222334558739587
64.80000000000528         0.22732049614794872
64.82000000000528         0.23527267079633857
64.84000000000529         0.24648225421609674
64.8600000000053          0.26151904817554217
64.88000000000532         0.2811693037830684
64.90000000000532         0.3064698235665708
64.9200000000053          0.3386796439070332
64.94000000000528         0.3789744027878748
64.9600000000053          0.427208448160707
64.98000000000529         0.4789883123670515
65.0000000000052          0.5248960156831423
65.02000000000518         0.558113854453088
65.04000000000515         0.5758221850911411
65.06000000000513         0.5809589359311815
65.08000000000514         0.5757660817424322
65.10000000000517         0.558002005720623
65.12000000000519         0.5247334731365912
65.14000000000524         0.47878256025854476
65.1600000000053          0.42696695956100605
65.18000000000536         0.3787005906317418
65.20000000000539         0.3383733615853993
65.2200000000054          0.3061290754967675
65.2400000000054          0.28079126091796225
65.26000000000542         0.26110046610386467
65.28000000000542         0.2460195825521798
65.30000000000544         0.23476201740365948
65.32000000000545         0.22675853108163418
65.34000000000545         0.22161383366504514
65.36000000000546         0.2190837245497835
65.38000000000547         0.21904975788765024
65.40000000000545         0.221511246611974
65.42000000000547         0.22658522839012918
65.4400000000055          0.23451598154111303
65.46000000000548         0.2456946273138679
65.4800000000055          0.2606892844563382
65.5000000000055          0.2802838405318189
65.52000000000548         0.30551196175484013
65.54000000000548         0.3376288676899592
65.56000000000552         0.37780658213884977
65.5800000000055          0.42589955336813956
65.60000000000548         0.4775325261861209
65.6200000000054          0.5234321718184987
65.64000000000537         0.5564774904355357
65.66000000000534         0.5740686948897918
65.68000000000534         0.579189547513036
65.70000000000533         0.574013622358968
65.72000000000536         0.5563067693396403
65.74000000000538         0.5231410172973507
65.76000000000545         0.47732984826264824
65.7800000000055          0.4256693656891382
65.80000000000554         0.37754621385131626
65.82000000000559         0.337338146149275
65.8400000000056          0.3051889122459688
65.86000000000561         0.27992648435172124
65.88000000000561         0.26029530409742346
65.90000000000562         0.24525879352143562
65.92000000000563         0.2340341489017993
65.94000000000565         0.22605330748983574
65.96000000000565         0.2209247276660755
65.98000000000565         0.21840339231421702
66.00000000000567         0.21837123749476922
66.02000000000568         0.22082760841207028
66.04000000000569         0.22588922510469092
66.06000000000569         0.23379967035264027
66.0800000000057          0.24494894923446153
66.10000000000572         0.2599035794177744
66.12000000000572         0.2794452180606255
66.14000000000573         0.3045982542072557
66.16000000000574         0.3366067883508265
66.18000000000572         0.37663423271018387
66.20000000000572         0.4245697125851201
66.22000000000571         0.47614643563209685
66.24000000000562         0.5219155834577317
66.26000000000559         0.5548662425547142
66.28000000000556         0.5724066561520116
66.30000000000555         0.5775131039408582
66.32000000000555         0.5723531392847072
66.34000000000556         0.5546985843498597
66.3600000000056          0.5216291859241312
66.38000000000567         0.4759498696894117
66.40000000000572         0.42443701741738193
66.42000000000573         0.3763854241652671
66.44000000000581         0.33633022197549056
66.4600000000058          0.304291836278801
66.48000000000583         0.27910693433851486
66.50000000000584         0.2595311386995007
66.52000000000585         0.24453719677753954
66.54000000000586         0.23334459757487397
66.56000000000587         0.22538694255081837
66.58000000000587         0.22027384236117428
66.60000000000588         0.21776101124602876
66.62000000000589         0.2177307553237615
66.6400000000059          0.22018245829685823
66.66000000000591         0.22523254860012892
66.68000000000589         0.23312553696342675
66.70000000000591         0.24424782158096092
66.72000000000592         0.2591649555752802
66.74000000000594         0.27865510985114716
66.76000000000593         0.3037425185966879
66.78000000000594         0.33566783233362213
66.80000000000592         0.37559045331935303
66.82000000000592         0.4233995584973124
66.84000000000589         0.4748391935690698
66.86000000000581         0.5204853655742928
66.88000000000577         0.5533469374952724
66.90000000000575         0.5708397471316932
66.92000000000573         0.5759330995153968
66.94000000000574         0.5707890640011172
66.96000000000578         0.5532481393622318
66.98000000000577         0.5203421840426129
67.00000000000587         0.4746592333917716
67.02000000000591         0.42319067511524705
67.04000000000596         0.37535599287236826
67.06000000000599         0.3354074710898243
67.08000000000601         0.30345425417038646
67.10000000000605         0.2783362710057921
67.12000000000604         0.25881256744993814
67.14000000000605         0.24385870567462062
67.16000000000606         0.2326963120898444
67.1800000000061          0.2247605419272702
67.20000000000607         0.21966208278441107
67.22000000000608         0.21715733281758265
67.24000000000609         0.2171291160948949
67.2600000000061          0.2195768767244793
67.28000000000613         0.22461666369574632
67.30000000000612         0.23249083065105156
67.32000000000612         0.24358724483671207
67.34000000000614         0.25846901107305575
67.36000000000614         0.277912324196855
67.38000000000613         0.30293881342117934
67.40000000000616         0.3347859388633101
67.42000000000617         0.37461007062463925
67.44000000000611         0.4223004325877722
67.46000000000612         0.47361124629758744
67.48000000000604         0.5191418425250793
67.50000000000598         0.5518565592721476
67.52000000000595         0.5693670882005959
67.54000000000595         0.5744489360230588
67.56000000000594         0.5693207247517674
67.58000000000598         0.5518267864414879
67.600000000006           0.5190073034671281
67.62000000000609         0.4734422651858351
67.64000000000613         0.42210433074778336
67.66000000000619         0.37439001224888135
67.68000000000625         0.33454168120461103
67.70000000000621         0.3026685131637239
67.72000000000625         0.2776134808927557
67.74000000000626         0.2581388273310876
67.76000000000626         0.2432227464507815
67.78000000000625         0.23208730219895046
67.80000000000629         0.22417280493909372
67.82000000000629         0.21908869916926033
67.8400000000063          0.21659205156329409
67.86000000000631         0.21656589760021916
67.88000000000632         0.21900975533383782
67.90000000000632         0.22403958397962045
67.92000000000631         0.23189717093538734
67.94000000000634         0.24296945632595504
67.96000000000633         0.25781818458425226
67.98000000000634         0.277217678181532
68.00000000000635         0.3021871098865114
68.02000000000636         0.33396093631283175
68.04000000000636         0.3736926681473959
68.06000000000634         0.4213597934237911
68.08000000000627         0.47245556496938623
68.10000000000623         0.5177499723287575
68.12000000000619         0.5505212055507913
68.14000000000617         0.5679901296103974
68.16000000000614         0.5730607970910949
68.18000000000615         0.5679470198042211
68.20000000000616         0.5504980413461588
68.22000000000621         0.5177597967133013
68.24000000000626         0.4723053756381935
68.26000000000633         0.42108969525834283
68.28000000000638         0.37348800378973523
68.30000000000643         0.3337335718387414
68.32000000000643         0.3019356091799008
68.34000000000646         0.2769391304520873
68.36000000000647         0.257509295579427
68.38000000000648         0.24262935301137736
68.40000000000647         0.2315234165349466
68.42000000000651         0.22362903002915935
68.44000000000649         0.21855875951354262
68.4600000000065          0.2160702872097964
68.4800000000065          0.21604697247798138
68.50000000000651         0.21848839034591502
68.52000000000652         0.22351029309634754
68.54000000000654         0.23135397828348023
68.56000000000654         0.2424055712282157
68.58000000000655         0.2572256110639642
68.60000000000655         0.27658596972964355
68.62000000000656         0.30151215844709867
68.64000000000657         0.33324100973957976
68.66000000000655         0.3729293168947843
68.68000000000654         0.4204320799302755
68.70000000000651         0.47141983560087114
68.72000000000644         0.5166171151365618
68.74000000000639         0.5493175658323545
68.76000000000634         0.566748950425327
68.78000000000634         0.5718107778723974
68.80000000000635         0.5667139562770206
68.82000000000637         0.5493147147629476
68.84000000000644         0.5166675722420928
68.8600000000065          0.4713421494384738
68.88000000000655         0.42036691896934314
68.90000000000659         0.37289712537016856
68.92000000000662         0.3332509455918637
68.94000000000666         0.30157074549455437
68.96000000000667         0.27669902589320994
68.98000000000668         0.2573969982745444
69.0000000000067          0.24264517967660318
69.02000000000669         0.2316711053812454
69.04000000000671         0.223915718482094
69.06000000000671         0.21899509179634838
69.0800000000067          0.2166706812426081
69.09                     0.21644225186656363
