% Model:              Untitled.mph
% Version:            COMSOL 5.6.0.280
% Date:               Sep 23 2021, 21:08
% Dimension:          1
% Nodes:              1015
% Expressions:        1
% Description:        线图
% cln1x                   Height
49.2                      0.3320386261200263
49.21999999999993         0.3316102459955632
49.239999999999924        0.3363461483336014
49.25999999999991         0.34662435664359387
49.27999999999991         0.3631544418111246
49.2999999999999          0.3870054393382101
49.319999999999894        0.41956817184745465
49.33999999999989         0.4622103403550424
49.35999999999989         0.5148953864485608
49.379999999999875        0.57281359196107
49.399999999999885        0.6249985257450847
49.41999999999987         0.6629114808502865
49.439999999999856        0.6831994256965683
49.459999999999845        0.6890272474796592
49.47999999999983         0.6827755633574877
49.49999999999984         0.6619215876253267
49.519999999999825        0.6231871993865064
49.53999999999982         0.5698385280231231
49.55999999999982         0.5103796858105522
49.57999999999979         0.4558247755635032
49.5999999999998          0.4110513597199623
49.61999999999979         0.37614107709841477
49.63999999999978         0.3497421133963191
49.65999999999978         0.3304546414239393
49.67999999999978         0.31718009894688937
49.69999999999978         0.3091612469551926
49.71999999999976         0.3059544905898254
49.73999999999975         0.30740274755297853
49.759999999999735        0.31362219963498333
49.77999999999974         0.3250133339456121
49.799999999999734        0.3422868204046133
49.819999999999716        0.36649029792002574
49.83999999999971         0.3989710085383299
49.85999999999971         0.44104031166021035
49.8799999999997          0.4926339288641559
49.89999999999969         0.5490521185320048
49.91999999999969         0.5996738362929716
49.939999999999685        0.6363521997875298
49.959999999999695        0.6559428201226999
49.97999999999967         0.6616069888449215
49.99999999999967         0.6557039441161805
50.01999999999966         0.6358190971639406
50.03999999999965         0.5987384528108266
50.05999999999965         0.5475735170291636
50.07999999999963         0.4904544269241213
50.09999999999962         0.4380273165703071
50.11999999999962         0.39502609747909606
50.13999999999961         0.3615382514522893
50.159999999999606        0.3362632381819899
50.1799999999996          0.3178543675061519
50.19999999999959         0.30525613339036173
50.21999999999959         0.29774263338234563
50.239999999999576        0.2948908080242464
50.259999999999586        0.29655358499075074
50.27999999999955         0.30285124088063087
50.29999999999957         0.3141742208269918
50.31999999999955         0.331216526665516
50.33999999999955         0.3549974983591257
50.359999999999545        0.38682580738025535
50.379999999999534        0.4279717503044499
50.39999999999952         0.4783594802889425
50.41999999999952         0.533387098574394
50.43999999999951         0.5826933053312799
50.459999999999496        0.6183810786260238
50.479999999999514        0.6374197935784365
50.499999999999496        0.6429275888711461
50.51999999999951         0.6372208109457642
50.53999999999949         0.6178810145873473
50.55999999999949         0.5819576831515013
50.579999999999465        0.5322606268335115
50.59999999999947         0.47674240758997916
50.61999999999946         0.4257779371592885
50.63999999999944         0.3839891462525629
50.659999999999435        0.351465701630563
50.67999999999942         0.32694353198519
50.699999999999406        0.3091135933794193
50.71999999999941         0.296950537263119
50.73999999999941         0.28975008272039227
50.759999999999394        0.28710298607138396
50.77999999999939         0.28886897780294873
50.799999999999386        0.2951667640096445
50.81999999999938         0.30638319627210125
50.83999999999938         0.3232002298463869
50.859999999999374        0.3466103738833236
50.879999999999356        0.3778955771824437
50.89999999999936         0.4182959138985567
50.91999999999935         0.4677293653560979
50.939999999999344        0.5216745111711695
50.959999999999354        0.5699731459265216
50.97999999999935         0.604911055809476
50.99999999999935         0.6235374675457059
51.01999999999934         0.6289281807813423
51.03999999999933         0.6233623420824215
51.05999999999933         0.6044716468562732
51.07999999999932         0.5692165959721788
51.09999999999929         0.5207518968804429
51.119999999999294        0.4664360477119782
51.139999999999276        0.41657187436011295
51.15999999999928         0.37569277689494945
51.17999999999926         0.3438892653679536
51.19999999999925         0.319924872244193
51.219999999999224        0.3025190425268737
51.23999999999922         0.2906691305679942
51.25999999999921         0.28368699355485977
51.27999999999921         0.2811735277523547
51.29999999999921         0.2829932064192824
51.3199999999992          0.2892643700874073
51.33999999999919         0.30036829799786924
51.35999999999918         0.31697443910426887
51.37999999999918         0.3400618080580993
51.399999999999174        0.3708855396196313
51.41999999999919         0.4106634011388247
51.43999999999917         0.459309942240532
51.45999999999917         0.5123715077455617
51.479999999999166        0.5598557316056354
51.49999999999916         0.5941917808464534
51.51999999999916         0.612489825473507
51.53999999999914         0.6177872490032829
51.55999999999914         0.6123311614171549
51.57999999999914         0.593793547164185
51.59999999999913         0.5591782801836366
51.61999999999912         0.511576514340445
51.639999999999105        0.45831183245426155
51.65999999999908         0.409236978801294
51.679999999999076        0.36908239534996923
51.69999999999906         0.3378505071231991
51.71999999999908         0.31432684234128055
51.73999999999906         0.2972535579219903
51.75999999999906         0.28564605016946126
51.779999999999056        0.27882892678763543
51.799999999999045        0.27641099733274593
51.819999999999034        0.2782602883456913
51.83999999999902         0.284494558526555
51.85999999999902         0.2954902785306952
51.879999999999015        0.3119074829271849
51.899999999999           0.3347156421798746
51.919999999999           0.365136443868783
51.939999999999           0.40438298737775386
51.959999999998985        0.452362984296822
51.97999999999898         0.5046808126572021
51.99999999999898         0.5514835213874316
52.019999999998994        0.5853180158550203
52.03999999999898         0.6033436394664667
52.05999999999898         0.6085637136967524
52.079999999998975        0.6031976614968491
52.099999999998964        0.5849510043963342
52.11999999999895         0.5508647928716106
52.139999999998935        0.5039815553794275
52.15999999999893         0.451511524260376
52.17999999999892         0.4032295829600434
52.199999999998894        0.36361527019836537
52.21999999999888         0.33285832814069877
52.23999999999888         0.3097004286687853
52.25999999999886         0.29290252762885427
52.27999999999887         0.2814949494816877
52.29999999999886         0.2748128383817406
52.31999999999887         0.27247152398057106
52.33999999999885         0.2743419305380492
52.35999999999885         0.28054127781381566
52.37999999999884         0.2914419897526663
52.39999999999883         0.3076962332850431
52.41999999999882         0.3302614315274181
52.43999999999881         0.36036698127230643
52.45999999999881         0.39920103776120436
52.4799999999988          0.44655679276141025
52.499999999998806        0.49824768641300426
52.51999999999881         0.5444770196041923
52.53999999999882         0.5778901828906153
52.55999999999881         0.5956872787571745
52.57999999999881         0.6008424341402571
52.59999999999881         0.5955514187184608
52.61999999999878         0.577547850829253
52.639999999998786        0.5439044523574872
52.65999999999877         0.49762322756993205
52.67999999999874         0.4458198145498086
52.69999999999873         0.3981506339383263
52.71999999999871         0.35906621799561045
52.739999999998716        0.3286845141658847
52.75999999999871         0.3058335372095576
52.7799999999987          0.28926651663721303
52.7999999999987          0.2780262730588493
52.81999999999868         0.27145676695479815
52.839999999998675        0.2691787777616916
52.859999999998664        0.27106564207159856
52.87999999999867         0.2772341093043057
52.89999999999865         0.28805319447392885
52.91999999999867         0.304168468127293
52.93999999999864         0.326527264536054
52.959999999998644        0.35634569833713947
52.97999999999864         0.3947985912105747
52.999999999998614        0.44176423191253783
53.019999999998646        0.49284116763235586
53.03999999999865         0.5385869791229161
53.05999999999862         0.5716450266904335
53.07999999999864         0.5892495249135585
53.099999999998644        0.5943498230873873
53.119999999998626        0.5891215094906491
53.13999999999862         0.5713217679446981
53.15999999999861         0.538050263141046
53.1799999999986          0.4922749899646764
53.199999999998575        0.44103220529519166
53.219999999998564        0.39387834055258936
53.23999999999854         0.3552192686302036
53.25999999999853         0.3251772454762293
53.27999999999852         0.3025773178104002
53.29999999999852         0.286204206624741
53.31999999999851         0.2751028230150175
53.339999999998504        0.2686257032264345
53.35999999999849         0.26639816250713116
53.37999999999848         0.2682955031801794
53.39999999999848         0.2744339965713858
53.419999999998474        0.28517968308189695
53.43999999999846         0.3011724539241298
53.459999999998466        0.32335101399925176
53.47999999999847         0.3529201355888867
53.49999999999845         0.39104329360010315
53.519999999998454        0.4375983800961321
53.539999999998464        0.48821612815560056
53.55999999999846         0.5335519218854515
53.57999999999846         0.5663060123953101
53.599999999998474        0.5837461535049349
53.61999999999846         0.5887997460732544
53.63999999999846         0.5836247536777449
53.65999999999847         0.5659985614861859
53.67999999999844         0.5330442751288059
53.69999999999843         0.48770092319353087
53.719999999998386        0.43693717021843864
53.73999999999839         0.390223596426596
53.75999999999837         0.35192759912134325
53.77999999999837         0.32217090662335324
53.799999999998334        0.29978954791073104
53.819999999998345        0.28357739949773614
53.83999999999832         0.2725949945405758
53.85999999999833         0.26619454506242046
53.879999999998326        0.2640073947015677
53.8999999999983          0.26591046201303903
53.9199999999983          0.2720195237842362
53.9399999999983          0.28269796334939534
53.95999999999828         0.2985806659980782
53.97999999999828         0.32059877537962506
53.99999999999827         0.34994716931835407
54.01999999999827         0.38777945865678537
54.03999999999829         0.43397342846616305
54.05999999999828         0.4841928029928396
54.07999999999829         0.5290374647218784
54.09999999999829         0.5615952393220045
54.119999999998306        0.5789547927548565
54.139999999998295        0.5839686392667689
54.15999999999829         0.57884056805941
54.17999999999829         0.5613657225843115
54.19999999999827         0.5286876660463681
54.21999999999824         0.4837202212849721
54.23999999999822         0.4333730885654836
54.2599999999982          0.3870421750318091
54.27999999999818         0.3490614557276171
54.29999999999818         0.31955221838328635
54.31999999999817         0.29736005209326016
54.33999999999815         0.2812887157121041
54.359999999998145        0.270404835036323
54.379999999998155        0.26407110227095587
54.39999999999813         0.2619171286772972
54.41999999999813         0.26382287291327133
54.43999999999812         0.26990363629772085
54.45999999999811         0.2805204345949855
54.479999999998114        0.29630373029630813
54.499999999998096        0.31817801360168213
54.51999999999809         0.34732949517561007
54.539999999998095        0.38490318489142133
54.55999999999809         0.4307767907129589
54.57999999999809         0.4806428264415831
54.599999999998126        0.5251667057902315
54.61999999999813         0.5574888949480237
54.63999999999813         0.5747200954085279
54.65999999999812         0.5796985854695292
54.67999999999811         0.5746110686047723
54.69999999999811         0.5572690326711738
54.71999999999809         0.5248342869830033
54.73999999999806         0.48019838158113076
54.75999999999804         0.4302190933546306
54.77999999999802         0.3842259625759195
54.799999999998           0.34652316581049947
54.819999999998           0.31723157642698074
54.839999999997985        0.2952052448606937
54.859999999997974        0.27925667510656593
54.87999999999797         0.2684593731365768
54.89999999999795         0.2621799558839404
54.91999999999795         0.2600534154550143
54.93999999999795         0.26195833097192744
54.95999999999793         0.2680103458340328
54.97999999999795         0.2785682823325896
54.99999999999792         0.2942585638712165
55.01999999999792         0.31599963418645777
55.03999999999791         0.34496985354436915
55.05999999999792         0.38230649562861574
55.0799999999979          0.42788735932110966
55.09999999999792         0.4774314081526273
55.11999999999795         0.5216637645476415
55.13999999999796         0.553772251498683
55.15999999999795         0.5708881249288639
55.17999999999795         0.575833903707966
55.19999999999795         0.5707829308927681
55.219999999997945        0.5535608042773867
55.23999999999791         0.5213458706042758
55.25999999999789         0.47700952181068557
55.27999999999787         0.42736259003538996
55.299999999997844        0.3816744591257125
55.319999999997826        0.34422229252310305
55.33999999999783         0.3151265773397121
55.359999999997804        0.29324901429844974
55.3799999999978          0.27741000701583707
55.399999999997796        0.2666892713534903
55.41999999999778         0.2604577289976085
55.43999999999777         0.25835291226900553
55.45999999999777         0.26025519189675317
55.47999999999777         0.2662771791691941
55.499999999997755        0.2767781218922251
55.51999999999775         0.29237984204566536
55.53999999999775         0.31399516708404795
55.55999999999773         0.3427951817113483
55.57999999999774         0.3799100224784295
55.59999999999773         0.42521772015459686
55.619999999997745        0.474462119855891
55.639999999997755        0.5184239978266545
55.65999999999777         0.5503346382516185
55.6799999999978          0.5673441131670813
55.699999999997765        0.5722598710808988
55.719999999997775        0.5672429245717081
55.73999999999777         0.5501317741400078
55.75999999999774         0.5181200554077108
55.77999999999772         0.47406048320349964
55.7999999999977          0.424720398328771
55.81999999999766         0.37931363844522564
55.83999999999766         0.342092452707738
55.85999999999764         0.3131769715052955
55.87999999999764         0.2914359499901992
55.899999999997625        0.2756970704420794
55.91999999999762         0.2650457602046476
55.9399999999976          0.2588568960025541
55.959999999997606        0.25677034863052767
55.979999999997595        0.25866733137542425
55.99999999999759         0.26466153687803706
56.01999999999758         0.27510529534126477
56.039999999997576        0.29062179430998053
56.05999999999757         0.312116945710108
56.07999999999756         0.3407550173791925
56.09999999999758         0.3776594790983119
56.11999999999755         0.422708628289983
56.13999999999757         0.4716696966350401
56.15999999999758         0.5153757630251382
56.17999999999758         0.5470991884439295
56.19999999999759         0.5640077465090721
56.2199999999976          0.5688947684829965
56.2399999999976          0.5639103890089978
56.25999999999758         0.5469620671206408
56.279999999997585        0.5152078175471804
56.29999999999754         0.4712825700112623
56.3199999999975          0.4222310543777176
56.33999999999749         0.3770888077949557
56.35999999999746         0.3400845653833898
56.379999999997445        0.31133810595472816
56.39999999999746         0.2897248221618023
56.419999999997444        0.27407923988828675
56.43999999999745         0.26349214581373687
56.45999999999743         0.2573421141100037
56.47999999999742         0.25527119581019847
56.499999999997414        0.2571613895238725
56.51999999999742         0.26312580552228926
56.5399999999974          0.27351695850236535
56.559999999997395        0.2889493603051186
56.57999999999739         0.3103268001879707
56.59999999999738         0.3388083507214592
56.619999999997376        0.3755099742229304
56.63999999999738         0.4203102961634325
56.6599999999974          0.4689991237333212
56.679999999997406        0.512459790594263
56.69999999999743         0.5440038176037217
56.71999999999744         0.5608158079855093
56.73999999999744         0.5656753439977402
56.759999999997454        0.5607212122746551
56.77999999999741         0.5438720804123043
56.79999999999741         0.512300131953148
56.819999999997364        0.46862941101530475
56.83999999999734         0.4198490125505898
56.85999999999731         0.37495990666929424
56.87999999999729         0.3381632647798121
56.89999999999727         0.3095785080672653
56.919999999997266        0.2880873802143894
56.93999999999725         0.27253095725219634
56.95999999999725         0.2620051526814656
56.97999999999725         0.2558920729255019
56.99999999999724         0.25383584760603406
57.01999999999723         0.2557192340913188
57.03999999999723         0.2616548079920195
57.05999999999722         0.2719931965701761
57.079999999997206        0.2873456063681126
57.0999999999972          0.3086064047825347
57.1199999999972          0.33694209183251156
57.13999999999719         0.37344886283725004
57.15999999999719         0.41801023316465413
57.17999999999721         0.4664376820092939
57.19999999999723         0.5096627687488814
57.219999999997256        0.5410345898312766
57.239999999997266        0.5577538887302185
57.25999999999726         0.5625870452043953
57.27999999999726         0.5576619510034527
57.29999999999725         0.540908019247928
57.31999999999723         0.5095110029259526
57.33999999999719         0.466079733191693
57.35999999999715         0.41748375670013366
57.379999999997125        0.372860539594171
57.39999999999711         0.33632057470746424
57.41999999999709         0.3078909911727838
57.43999999999708         0.2865170888881193
57.45999999999707         0.27104622137389844
57.47999999999708         0.26057921540201134
57.49999999999706         0.25450156004811164
57.519999999997054        0.25245936964241367
57.53999999999705         0.25433612140237527
57.55999999999703         0.2602438915871455
57.579999999997035        0.2705315128749632
57.59999999999704         0.2858069899194373
57.61999999999701         0.3069600147622603
57.63999999999703         0.3351290522693537
57.659999999997           0.3714703256456107
57.679999999997015        0.41580187829550497
57.69999999999704         0.4639781931238833
57.71999999999706         0.506977419614845
57.73999999999709         0.538184441508752
57.759999999997085        0.5548153793243343
57.779999999997095        0.5596236271582536
57.799999999997084        0.554726593650385
57.819999999997066        0.5380640935998307
57.83999999999705         0.5068349503668754
57.85999999999703         0.46363342941745234
57.87999999999698         0.41529202225850925
57.89999999999696         0.3709017074716673
57.91999999999693         0.3345306587832136
57.93999999999692         0.30627181533839964
57.9599999999969          0.28501032420821226
57.9799999999969          0.26962145786749514
57.99999999999689         0.25921075448718145
58.0199999999969          0.2531669456058009
58.03999999999688         0.25113804518360694
58.05999999999687         0.2530082137955829
58.079999999996865        0.25888904886366404
58.09999999999686         0.26912768873870624
58.11999999999686         0.28432908193717854
58.13999999999685         0.3053784278654733
58.15999999999685         0.33340845857999796
58.17999999999683         0.36951253364483266
58.19999999999685         0.4136005243641473
58.21999999999686         0.4616152060186183
58.23999999999687         0.5043967004307774
58.25999999999689         0.5354444896690185
58.2799999999969          0.5519895812131604
58.299999999996906        0.5567732043068958
58.31999999999691         0.5519026353325036
58.3399999999969          0.5353275784747306
58.35999999999687         0.5042595192792984
58.37999999999685         0.4612787664829863
58.39999999999681         0.41318225730208785
58.41999999999679         0.3690160591715118
58.43999999999676         0.3328286714046939
58.459999999996754        0.3047082843341707
58.479999999996714        0.2835592481865706
58.49999999999673         0.26824898604376923
58.51999999999671         0.2578920846095582
58.53999999999671         0.2518803907526452
58.5599999999967          0.24986373563772638
58.579999999996694        0.2517269195629843
58.59999999999669         0.25758105483283866
58.61999999999667         0.26777163346977584
58.63999999999666         0.2829006579463044
58.659999999996664        0.3038489557712108
58.67999999999666         0.3317436724405074
58.69999999999666         0.3676727571082276
58.71999999999667         0.4115463039960282
58.73999999999668         0.45933125836697614
58.75999999999669         0.5018968714446245
58.77999999999672         0.5327907779759711
58.79999999999672         0.5492532145714142
58.81999999999676         0.5540132554683507
58.83999999999674         0.5491682452378486
58.85999999999673         0.5326775554534809
58.879999999996706        0.5017651715917234
58.89999999999668         0.45899800172461347
58.919999999996634        0.41113870006336506
58.939999999996594        0.3671896571775586
58.959999999996576        0.331180184453976
58.97999999999656         0.30319824830391484
58.999999999996554        0.2821547454749188
59.019999999996536        0.2669214084216548
59.03999999999652         0.25661434014670764
59.059999999996535        0.25063349492810716
59.07999999999652         0.24862839087542887
59.09999999999652         0.25048443856877667
59.1199999999965          0.25631226405282
59.13999999999649         0.26645574758529733
59.15999999999649         0.2815140404620705
59.17999999999649         0.30236373186758486
59.19999999999647         0.330126516001415
59.21999999999648         0.36588506914192215
59.239999999996485        0.4095497333411395
59.259999999996516        0.4571062030067835
59.27999999999654         0.4995897020338117
59.29999999999656         0.5302114509300565
59.319999999996575        0.5465938696697576
59.33999999999659         0.5513312344623257
59.35999999999657         0.546511210336162
59.379999999996585        0.5301026133865276
59.39999999999653         0.49934160195409666
59.41999999999649         0.4567820851009632
59.43999999999646         0.4091533698151556
59.45999999999642         0.36541541532992
59.479999999996394        0.3295789018549768
59.49999999999639         0.3017315786100591
59.519999999996365        0.280789611570454
59.53999999999636         0.26563016703945974
59.55999999999636         0.25537518909463586
59.57999999999635         0.24942280737754002
59.59999999999634         0.24742898874897107
59.61999999999635         0.24927815905085518
59.63999999999632         0.25508046965582076
59.65999999999634         0.26517822970480226
59.67999999999632         0.28016782679340385
59.69999999999632         0.3009217664974379
59.719999999996304        0.3285564601093606
59.739999999996314        0.3641494584796348
59.759999999996325        0.4076113385922419
59.77999999999634         0.4549459680347523
59.79999999999638         0.49722990922887633
59.8199999999964          0.527764844977767
59.83999999999641         0.5440125557683771
59.85999999999641         0.5487270246875748
59.87999999999642         0.5439312114253589
59.89999999999641         0.5276022768703561
59.91999999999637         0.4969882408360187
59.93999999999633         0.4546304128387942
59.95999999999629         0.4072257358863364
59.97999999999626         0.3636929146253743
59.99999999999624         0.3280245020064616
60.01999999999622         0.30030802916439847
60.03999999999621         0.27946478013440307
60.0599999999962          0.2643772007763422
60.07999999999619         0.25417137113625765
60.099999999996186        0.24824905890443144
60.11999999999618         0.24626550798705274
60.139999999996164        0.2481081003095378
60.15999999999617         0.2538857380858293
60.17999999999618         0.26393920403803534
60.19999999999615         0.2788622025149519
60.219999999996155        0.29952329701534436
60.239999999996144        0.32703380575797436
60.259999999996154        0.3624663111152733
60.27999999999616         0.4057316036473001
60.29999999999619         0.4528511175785723
60.319999999996234        0.49494143780487
60.339999999996245        0.5253357907746167
60.35999999999626         0.5415081937533616
60.37999999999626         0.5462011328964834
60.39999999999626         0.5414288153349481
60.41999999999627         0.5251771419911273
60.439999999996225        0.49470569615821985
60.459999999996185        0.4525435700915458
60.47999999999613         0.4053563130140066
60.4999999999961          0.36202259032881656
60.51999999999608         0.3265173553224836
60.53999999999606         0.29892792267852003
60.559999999996045        0.27818054027173245
60.57999999999605         0.263162775515463
60.599999999996044        0.2530047214267951
60.619999999996026        0.24711090621259385
60.63999999999602         0.24513817982025732
60.659999999996           0.24697370172124508
60.679999999996           0.25272830469379565
60.69999999999602         0.26273891100754293
60.71999999999599         0.2775974117613055
60.739999999996           0.2981685487315048
60.75999999999599         0.3255587277994807
60.77999999999599         0.36083572550358084
60.799999999996004        0.4039105381870639
60.81999999999602         0.45082165198975527
60.83999999999608         0.4927244723649372
60.85999999999609         0.522982744999763
60.879999999996116        0.5390823026654358
60.89999999999611         0.5437544613421663
60.9199999999961          0.5390039824420162
60.93999999999608         0.5228277800848413
60.95999999999607         0.49249434912056284
60.97999999999602         0.45052179208613063
60.99999999999598         0.40354531300798535
61.019999999995946        0.36040467620424504
61.03999999999592         0.32505770415311935
61.05999999999591         0.29759148976838595
61.079999999995884        0.27693709698861996
61.09999999999588         0.26198706234151076
61.11999999999587         0.25187537144136024
61.139999999995865        0.2460092300428324
61.15999999999586         0.24404705011184372
61.17999999999585         0.24587653726195352
61.19999999999585         0.2516065243090397
61.21999999999585         0.2615771940696821
61.23999999999584         0.27637321084541944
61.25999999999584         0.2968571622157171
61.27999999999583         0.3241306927590921
61.29999999999584         0.35925693584127105
61.319999999995844        0.40214711072454795
61.33999999999587         0.4488563617704558
61.35999999999591         0.49057787268938846
61.379999999995924        0.5207047590578515
61.39999999999594         0.5367341765103436
61.419999999995945        0.5413863822047189
61.43999999999595         0.5366576771164091
61.45999999999593         0.520496704757081
61.479999999995904        0.49023291356241055
61.49999999999586         0.4485640871448499
61.51999999999582         0.401791874692549
61.53999999999581         0.358838514711079
61.55999999999577         0.323645066260696
61.57999999999574         0.29629837983212576
61.599999999995745        0.2757341977104306
61.61999999999572         0.2608498836897323
61.63999999999572         0.25078320399338244
61.659999999995705        0.24494396583407796
61.679999999995694        0.24299209988080872
61.6999999999957          0.2448158455316714
61.71999999999568         0.2505236234068346
61.739999999995675        0.2604521913537743
61.75999999999567         0.27518986024181946
61.77999999999567         0.2955895292770133
61.79999999999567         0.322750263471494
61.81999999999567         0.3577307278146467
61.839999999995676        0.40044237624780943
61.85999999999571         0.4469564824865137
61.87999999999576         0.4885027866586825
61.899999999995785        0.5185027663598478
61.91999999999581         0.5344644978386699
61.939999999995806        0.5390975036844134
61.959999999995794        0.5343899008982814
61.97999999999578         0.5182987359627552
61.99999999999575         0.48816410016851663
62.01999999999572         0.4466670644594326
62.039999999995665        0.4000974038772623
62.059999999995625        0.35732512920221143
62.07999999999561         0.32228013811706474
62.09999999999558         0.29504904941431004
62.119999999995585        0.27457212541388515
62.13999999999557         0.2597513870981876
62.159999999995556        0.24972825009158314
62.17999999999555         0.24391504013814297
62.199999999995555        0.24197316298998592
62.21999999999555         0.24379137565529013
62.23999999999553         0.24947770012577505
62.25999999999553         0.2593675522335017
62.279999999995525        0.2740457750432081
62.299999999995514        0.29436944139835114
62.31999999999551         0.32141678876507523
62.339999999995534        0.35625635854300597
62.359999999995516        0.39879549351816035
62.37999999999554         0.44512106227816806
62.399999999995586        0.48649813211288506
62.41999999999561         0.5163755946735537
62.43999999999563         0.5322721103727235
62.45999999999563         0.5368869208365677
62.47999999999563         0.5322003898282303
62.49999999999562         0.5161776567436229
62.51999999999559         0.4861686066295016
62.53999999999556         0.4448428719778284
62.55999999999548         0.3985405339773551
62.579999999995486        0.3558657131560079
62.59999999999544         0.32096362512491905
62.619999999995414        0.29384387203422063
62.639999999995425        0.2734510343678109
62.659999999995414        0.25869158852338553
62.6799999999954          0.24871044513347262
62.699999999995384        0.2429223376862385
62.71999999999539         0.24099008616555084
62.73999999999538         0.24280295003274274
62.75999999999537         0.24846856475842982
62.779999999995354        0.258321046717467
62.79999999999536         0.272942946085745
62.81999999999535         0.29318796181471257
62.83999999999533         0.32015108130684744
62.85999999999534         0.3548336295510999
62.879999999995356        0.3972062319798438
62.8999999999954          0.4433498241076526
62.919999999995426        0.4845635618451618
62.93999999999547         0.5143227564398927
62.95999999999546         0.5301562169957196
62.97999999999547         0.5347531247804636
62.999999999995474        0.5300861608234287
63.01999999999544         0.5141283262302404
63.03999999999543         0.48423958573748227
63.0599999999954          0.44307873198459846
63.07999999999534         0.3969605101130103
63.09999999999531         0.3545099392122318
63.119999999995265        0.31971287789652264
63.13999999999528         0.2926802676187137
63.15999999999525         0.2723690647238423
63.17999999999525         0.257669141573525
63.19999999999525         0.24772882317131906
63.21999999999525         0.24196519089388183
63.23999999999522         0.24004243965569452
63.25999999999521         0.24185032917624333
63.27999999999521         0.24749614374632165
63.29999999999521         0.2573127583943427
63.31999999999521         0.271880519365882
63.33999999999521         0.292049879726123
63.359999999995196        0.31891165601500515
63.37999999999518         0.3535179689791299
63.399999999995195        0.395675625122871
63.41999999999523         0.44164403425694143
63.439999999995266        0.4827005704829948
63.459999999995325        0.5123460043145812
63.479999999995314        0.5281189617868915
63.499999999995325        0.5326990517547654
63.51999999999534         0.5280517436546991
63.53999999999531         0.5121575703065684
63.559999999995256        0.48238562227608317
63.57999999999524         0.44138406463826996
63.59999999999519         0.39544274267041385
63.619999999995166        0.35315447348282075
63.63999999999512         0.31849057907696526
63.65999999999508         0.2915660666963983
63.679999999995104        0.27132889522358433
63.69999999999509         0.25668614508938087
63.71999999999509         0.24678507009768624
63.73999999999508         0.24104499165602253
63.75999999999508         0.23913141092729354
63.77999999999506         0.2409345516070713
63.79999999999505         0.24656136131790501
63.81999999999505         0.2563435292300512
63.83999999999504         0.2708592819454126
63.85999999999503         0.29095594824298293
63.87999999999501         0.31772033037648173
63.89999999999503         0.35220066592941535
63.91999999999502         0.39428052220547
63.93999999999508         0.43999937454195037
63.95999999999512         0.48090994429802664
63.97999999999515         0.5104461421600184
63.99999999999516         0.5261610276651347
64.01999999999516         0.5307249012921537
64.03999999999516         0.5260962072633764
64.05999999999517         0.510262749997691
64.07999999999512         0.4806026848415818
64.09999999999508         0.4397540633692437
64.11999999999504         0.39398305772786
64.139999999995           0.3518512561340306
64.15999999999495         0.3173157685687041
64.17999999999492         0.29049129488058556
64.19999999999493         0.27032862474866687
64.21999999999493         0.2557420915320897
64.23999999999492         0.2458789036840771
64.2599999999949          0.2401616185130207
64.2799999999949          0.23825700130044128
64.29999999999492         0.24005572095645653
64.31999999999488         0.24566439712344987
64.33999999999487         0.2554135941469954
64.35999999999488         0.2698795139115993
64.37999999999485         0.2899064856709569
64.39999999999486         0.3165774540428536
64.41999999999486         0.3509369243575531
64.43999999999487         0.3928688141096252
64.45999999999492         0.43842644442796397
64.47999999999496         0.47907427632227423
64.499999999995           0.508624042065438
64.51999999999501         0.524283529767564
64.53999999999502         0.5288320719811639
64.559999999995           0.524221365883249
64.57999999999501         0.5084462136037645
64.59999999999496         0.47889349465844966
64.61999999999492         0.43819158060628893
64.63999999999486         0.3925839563429582
64.65999999999482         0.3506022610703831
64.67999999999478         0.31618996734671045
64.69999999999477         0.2894614814859649
64.71999999999476         0.26937134181690103
64.73999999999475         0.2548357734161594
64.75999999999476         0.24500944811661893
64.77999999999474         0.23931561243695654
64.79999999999471         0.237419678113883
64.81999999999476         0.23921425764608306
64.83999999999472         0.24480564806291855
64.85999999999471         0.2545233331257657
64.87999999999472         0.26894159232721665
64.8999999999947          0.28890189193181803
64.91999999999472         0.31548348564734396
64.93999999999471         0.34972730790750794
64.95999999999472         0.3915176109298879
64.97999999999475         0.4369209636221317
64.99999999999476         0.47743075406056046
65.01999999999482         0.506824708957731
65.03999999999485         0.5224859378851598
65.05999999999486         0.5270206386112786
65.07999999999485         0.5224271726732527
65.09999999999486         0.5067078039712916
65.11999999999482         0.477257820408237
65.13999999999477         0.4366963509059902
65.15999999999471         0.39124522233618697
65.17999999999466         0.3494073566961125
65.19999999999466         0.31511312244117
65.21999999999461         0.28847664044781873
65.23999999999461         0.2684560446302988
65.2599999999946          0.2539712760548156
65.2799999999946          0.2441799122208451
65.29999999999458         0.23850643538589722
65.31999999999456         0.23661971547901073
65.33999999999456         0.23841049504150053
65.35999999999456         0.24398552529500542
65.37999999999454         0.2536732505525908
65.39999999999455         0.26804612420814566
65.41999999999456         0.2879429005812997
65.43999999999453         0.3144393238869499
65.45999999999454         0.34857292938699086
65.47999999999455         0.39022828050645686
65.49999999999457         0.43548451958875684
65.51999999999464         0.4758625565783264
65.53999999999468         0.5051608625939533
65.5599999999947          0.5207713018706802
65.5799999999947          0.5252920466505432
65.59999999999471         0.5207150858544042
65.6199999999947          0.5050490367981478
65.63999999999466         0.47569718671917816
65.65999999999461         0.4352698321278647
65.67999999999455         0.38996811325696673
65.69999999999452         0.3482675533071245
65.71999999999447         0.3140860246180623
65.73999999999445         0.28753738372287374
65.75999999999443         0.2675831984038574
65.77999999999443         0.25314695596242576
65.79999999999443         0.24338900661932178
65.81999999999441         0.2377357398695117
65.83999999999439         0.2358571462752066
65.85999999999441         0.2376443594395875
65.8799999999944          0.24320384773905412
65.8999999999944          0.25286305258095154
65.91999999999439         0.2671926730148822
65.93999999999441         0.28702888571455915
65.95999999999437         0.31344409455093397
65.97999999999438         0.34747259257005614
65.99999999999439         0.38899925637689003
66.01999999999441         0.4341152949876691
66.03999999999446         0.474367941208556
66.0599999999945          0.503575342302342
66.07999999999454         0.5191376627989375
66.09999999999455         0.5236453521789197
66.11999999999455         0.5190842171940393
66.13999999999453         0.5034690479738804
66.1599999999945          0.4742107566881946
66.17999999999445         0.433911237097349
66.19999999999439         0.3887519417904513
66.21999999999434         0.34718227549990327
66.2399999999943          0.3131081960826337
66.25999999999429         0.28664331265545195
66.27999999999427         0.2667524690228578
66.29999999999427         0.2523625339950214
66.31999999999427         0.24263650184840255
66.33999999999426         0.2370025819871956
66.35999999999424         0.23513183319010295
66.37999999999424         0.23691653988523612
66.39999999999425         0.24246211925280478
66.41999999999425         0.25209283444075065
66.43999999999423         0.26638147041699156
66.45999999999427         0.28616025693450164
66.47999999999422         0.31249845294296297
66.4999999999942          0.34642729299964514
66.51999999999424         0.38783193371175223
66.53999999999427         0.4328149119663362
66.55999999999432         0.4729483065895014
66.57999999999436         0.5020691155246031
66.59999999999435         0.5175854424561914
66.6199999999944          0.52208053828919
66.6399999999944          0.5175351820701037
66.6599999999944          0.5020223742270604
66.67999999999437         0.47279831608419703
66.6999999999943          0.4326203778858912
66.71999999999423         0.3875965702724085
66.7399999999942          0.3461514472267509
66.75999999999418         0.3121796277459803
66.77999999999413         0.28579448679274594
66.79999999999413         0.26596398450568104
66.81999999999411         0.2516182057440711
66.83999999999413         0.24192265964703405
66.8599999999941          0.23630728738123588
66.8799999999941          0.23444416568174375
66.8999999999941          0.2362259496520059
66.91999999999408         0.24175780599045707
66.93999999999409         0.2513650683364971
66.95999999999407         0.26561304760895843
66.97999999999408         0.28533751666558554
66.99999999999405         0.3116027952615944
67.01999999999406         0.3454372211185475
67.03999999999405         0.38672624288244073
67.0599999999941          0.43158326626838234
67.07999999999416         0.4716040600008479
67.0999999999942          0.5006433044647527
67.11999999999422         0.5161165571968629
67.13999999999425         0.5206000852029746
67.15999999999424         0.5160691993622827
67.17999999999424         0.500602228999162
67.19999999999419         0.471578728906026
67.21999999999413         0.431404943668068
67.23999999999407         0.3865043793619989
67.25999999999402         0.3451771437311047
67.279999999994           0.31130214815446605
67.29999999999397         0.2849925547444307
67.31999999999395         0.2652192686211327
67.33999999999395         0.2509154137869255
67.35999999999395         0.24124887736047915
67.37999999999394         0.2356512396910837
67.39999999999391         0.23379554297000527
67.41999999999392         0.2355747973238194
67.43999999999392         0.24109393946177338
67.45999999999391         0.25067746866135354
67.47999999999391         0.2648902577066824
67.4999999999939          0.2845584768098427
67.51999999999389         0.3107594697116044
67.5399999999939          0.34450512724901605
67.5599999999939          0.38568540813584745
67.57999999999396         0.4304239818741017
67.59999999999401         0.4703389514797823
67.61999999999405         0.4993015938434691
67.63999999999407         0.514734458872974
67.65999999999408         0.5192071863041998
67.67999999999411         0.5146899260176766
67.6999999999941          0.49926604842179295
67.71999999999404         0.47032176706992135
67.73999999999397         0.4302566897637378
67.75999999999391         0.38540261086380984
67.77999999999388         0.3442608718397503
67.79999999999386         0.3104771929375511
67.81999999999381         0.2842388917203311
67.8399999999938          0.26451964684836804
67.85999999999379         0.2502554463737318
67.87999999999381         0.2406164193090507
67.89999999999377         0.2350356928468355
67.91999999999376         0.2331872228022122
67.93999999999374         0.23496435954934805
67.95999999999376         0.24047183141716225
67.97999999999375         0.25003336378373364
67.99999999999375         0.26421243732658417
68.01999999999374         0.2838331634557567
68.03999999999374         0.3099498558223054
68.05999999999375         0.3436329468723155
68.07999999999376         0.38471160542002736
68.09999999999381         0.42933945704671633
68.11999999999385         0.46915550264111433
68.13999999999389         0.4980465354571343
68.15999999999391         0.5134416469166388
68.17999999999392         0.5179042722791217
68.19999999999393         0.5133997415545469
68.21999999999393         0.49801616062807147
68.23999999999388         0.4691460006325579
68.25999999999382         0.42918268003650795
68.27999999999376         0.3844419574426648
68.29999999999372         0.3433511024669792
68.31999999999367         0.3096857609526122
68.33999999999367         0.28353467583675707
68.35999999999363         0.263866195022197
68.37999999999361         0.24963931015762075
68.39999999999365         0.24002624932346509
68.41999999999362         0.23446159038989484
68.4399999999936          0.2326201492721036
68.4599999999936          0.23439560244826227
68.47999999999358         0.23989249399365753
68.49999999999359         0.249433840191412
68.51999999999359         0.2635818408054403
68.53999999999358         0.2831587072471892
68.55999999999358         0.30921631640037195
68.57999999999357         0.3427696329164775
68.5999999999936          0.3838071695752671
68.61999999999362         0.4283322448168852
68.63999999999369         0.46805606954931034
68.65999999999374         0.49688006013303027
68.67999999999377         0.5122394794609373
68.69999999999378         0.5166922222088756
68.71999999999379         0.5121991717388161
68.73999999999381         0.49685280181536473
68.75999999999372         0.46805140480888074
68.77999999999365         0.42818265871903494
68.7999999999936          0.38354741122673497
68.81999999999356         0.34255345723097874
68.83999999999355         0.3089677949644766
68.85999999999349         0.2828748038240474
68.8799999999935          0.26325785414036645
68.89999999999347         0.24906577194142537
68.91999999999348         0.23947693698193748
68.93999999999345         0.23392727513465736
68.95999999999343         0.23209240087949895
68.97999999999344         0.23386629148336366
68.99999999999343         0.23935331571981935
69.01999999999343         0.24887582456360968
69.03999999999343         0.26299481819190923
69.05999999999341         0.28253072842550714
69.07999999999342         0.3085331388726078
69.09999999999341         0.34201478428407667
69.11999999999344         0.38289018662586705
69.13999999999348         0.42739803075688615
69.15999999999353         0.46703055600065496
69.17999999999357         0.49579171678091655
69.19999999999361         0.5111176007175257
69.2199999999936          0.5155609795572519
69.23999999999361         0.5110789147706759
69.2599999999936          0.49576859289126785
69.27999999999355         0.4670345156963131
69.29999999999349         0.42725968236016737
69.31999999999343         0.38273145506969747
69.33999999999338         0.34183911215594054
69.35999999999333         0.3083412400190345
69.37999999999333         0.2823220707334724
69.39999999999331         0.26276852811317686
69.41999999999331         0.24862915053247928
69.43999999999333         0.23908801569126942
69.45999999999329         0.23358232062015688
69.47999999999328         0.2317898579126821
