0                     0
1                     0.0003546
1.1937766             0.0004233
1.4251027             0.0005053
1.7012543             0.0006032
2.0309176             0.0007201
2.424462              0.0008596
2.8942661             0.0010262
3.4551073             0.001225
4.1246264             0.0014624
4.9238826             0.0017458
5.8780161             0.0020841
7.0170383             0.0024879
8.3767764             0.00297
10                    0.0035455
11.9377664            0.0042326
14.2510267            0.0050528
17.0125428            0.0060319
20.3091762            0.0072007
24.2446202            0.008596
28.9426612            0.0102617
34.5510729            0.0122502
41.2462638            0.014624
49.2388263            0.0174578
58.7801607            0.0208407
70.1703829            0.0248792
83.767764             0.0297002
100                   0.0354554
119.3776642           0.0431569
142.510267            0.053366
170.125428            0.0655534
203.0917621           0.0802035
242.4462017           0.10007
289.4266125           0.123786
345.5107295           0.1557353
412.4626383           0.1964199
492.3882632           0.2513281
587.8016072           0.3411937
701.7038287           0.4866155
837.6776401           0.8204481
1000                  0.9422092
1193.7766417          1.018825
1425.1026703          1.0837878
1701.2542799          1.1451911
2030.9176209          1.195642
2424.4620171          1.2453487
2894.2661247          1.2975897
3455.1072946          1.3483929
3940                  1.383
4594.868655           1.4209807
5357.2235365          1.4544419
6246.0640715          1.4827289
7282.3760516          1.5055234
8490.6271134          1.522983
9899.3444266          1.5357223
11541.7882292         1.5447017
13456.7371118         1.5510451
15689.4035915         1.5558408
18292.5015933         1.5599876
21327.4910412         1.5641293
24866.028946          1.5686776
28991.6612483         1.5738873
33801.7953635         1.5799368
39410                 1.5869849
45948.6865505         1.5952018
53572.2083246         1.6047818
62460.6140089         1.6159513
72823.7493959         1.628974
84906.2356332         1.6441573
98993.4375336         1.6618598
115417.8297733        1.6824993
134567.3525261        1.7065633
156894.0058304        1.7346198
182924.9904352        1.7673313
213274.8831531        1.8054701
223772.0270022        1.8186612
