0                     0
75.8                  0.0062
132.5                 0.0112
180.8                 0.0157
295                   0.0269
414.2                 0.0393
563.3                 0.0556
947.5                 0.1007
1338.3                0.1491
1770.8                0.2013
2192.5                0.2528
2551.6                0.3003
2949.2                0.3516
3347.5                0.4003
3800                  0.4513
4271.7                0.5014
4645                  0.5364
4867.4986104          0.5366796
