% Model:              Untitled.mph
% Version:            COMSOL 5.6.0.280
% Date:               Sep 14 2021, 16:21
% Dimension:          1
% Nodes:              1301
% Expressions:        1
% Description:        线图
% cln2x                   Height
15.600000000000001        0.11734506906890044
15.619999999999978        0.11767270395249728
15.63999999999997         0.11864094055661445
15.659999999999972        0.12027368320053179
15.679999999999982        0.12261213019946797
15.699999999999985        0.12571701447587752
15.719999999999985        0.12967200615750496
15.739999999999979        0.13458857706933225
15.759999999999982        0.1406127623492394
15.779999999999982        0.14793442700256215
15.799999999999981        0.15679985596408502
15.81999999999999         0.16752870579835233
15.839999999999993        0.180538839542888
15.859999999999996        0.1963653978183587
15.879999999999985        0.21570621131850531
15.89999999999998         0.2394378155530629
15.919999999999982        0.2685865478891213
15.939999999999996        0.3040872648504959
15.959999999999988        0.34590895466821014
15.979999999999993        0.39099863726248524
15.999999999999979        0.4316630999739625
16.01999999999998         0.4600871316051277
16.03999999999998         0.4759728551141445
16.059999999999974        0.4836805597761346
16.079999999999977        0.4870303361842325
16.099999999999984        0.48797620523142954
16.119999999999987        0.4870701481454504
16.139999999999986        0.48375980594277496
16.159999999999982        0.4760902848954902
16.17999999999997         0.4602394276190817
16.199999999999967        0.431843052398474
16.21999999999996         0.3911955863857673
16.23999999999996         0.3461142187891561
16.259999999999952        0.304297003947681
16.27999999999995         0.2688003321528843
16.29999999999994         0.23965678889954287
16.31999999999994         0.2159320917062738
16.33999999999995         0.1966000688931805
16.35999999999995         0.18078415360954858
16.379999999999942        0.16778640666096817
16.399999999999945        0.15707162061061536
16.419999999999952        0.14822185724579276
16.43999999999995         0.14091743243135504
16.45999999999995         0.13491204753088837
16.479999999999958        0.13001579851312084
16.499999999999957        0.12608261870361048
16.519999999999953        0.1230010409524366
16.53999999999995         0.12068746776553278
16.559999999999953        0.1190812924456905
16.57999999999996         0.11814148620824093
16.59999999999996         0.1178443577448693
16.61999999999996         0.11818228558378675
16.639999999999958        0.11916331244660772
16.659999999999947        0.12081148176901725
16.679999999999957        0.12316841078867898
16.699999999999964        0.1262951637497343
16.719999999999963        0.13027589836346126
16.73999999999996         0.13522270718528906
16.759999999999966        0.14128241458130275
16.779999999999955        0.14864589091527627
16.79999999999996         0.15756070690811494
16.819999999999958        0.1683481712718463
16.839999999999968        0.18142589540655682
16.85999999999997         0.19733655737036113
16.879999999999967        0.21678094733972422
16.899999999999967        0.2406433485939894
16.919999999999963        0.2699366934067993
16.93999999999997         0.30562039754827425
16.959999999999965        0.3476567637409802
16.979999999999972        0.3929773301894344
16.999999999999975        0.43385001649205035
17.01999999999997         0.4624200078121797
17.039999999999967        0.478387651749748
17.05999999999997         0.48613529923379317
17.079999999999966        0.48950258947190733
17.099999999999966        0.49045363364130257
17.11999999999997         0.4895453485657031
17.139999999999965        0.48622033456528196
17.15999999999996         0.4785014433538578
17.179999999999968        0.4625082039654261
17.199999999999957        0.43403577103634494
17.21999999999995         0.39318237037730996
17.23999999999994         0.34787299076985806
17.259999999999945        0.305844481547864
17.279999999999934        0.2701685998013096
17.299999999999933        0.24087807477360695
17.31999999999993         0.21703390366839687
17.33999999999993         0.19760471991649645
17.359999999999932        0.18170951560333692
17.379999999999935        0.16864872957054844
17.399999999999935        0.1578800645357187
17.419999999999938        0.14898599489870656
17.439999999999934        0.1416452268522993
17.459999999999933        0.1356102122858725
17.47999999999994         0.13068979372201414
17.499999999999936        0.12673789790678913
17.519999999999936        0.12364202836422154
17.53999999999993         0.12131815095150651
17.559999999999942        0.11970535136223892
17.579999999999934        0.1187624014088253
17.599999999999945        0.11846550300406944
17.61999999999994         0.11880701288322494
17.63999999999994         0.1197950349554766
17.659999999999936        0.12145384416993424
17.679999999999932        0.12382517737587276
17.69999999999995         0.12697050141096464
17.719999999999953        0.13097445498236707
17.739999999999945        0.13594930665556146
17.759999999999945        0.14204341434827925
17.779999999999944        0.1494483901804422
17.79999999999994         0.1584131658498866
17.81999999999994         0.16926081421506112
17.839999999999943        0.182411237854596
17.859999999999943        0.19841009105332863
17.87999999999995         0.21796200673781774
17.899999999999952        0.2419561131669894
17.919999999999956        0.27143607628359157
17.939999999999948        0.30735089599804105
17.959999999999955        0.3496363974709079
17.979999999999947        0.3951159884528048
17.99999999999996         0.43609494146208827
18.019999999999957        0.46495553845480897
18.039999999999953        0.4810128853745426
18.059999999999956        0.48880485639930293
18.07999999999995         0.49219217597568476
18.099999999999955        0.49314982035528737
18.11999999999995         0.492237793455052
18.13999999999995         0.4888955905973711
18.15999999999995         0.48113508613191
18.179999999999943        0.4650544013133246
18.199999999999935        0.43629360392427485
18.219999999999928        0.3953358891162061
18.239999999999917        0.3498688856634631
18.259999999999916        0.3075922679609938
18.279999999999923        0.2716863190736345
18.29999999999992         0.24221032138358672
18.319999999999915        0.21823588382038692
18.33999999999991         0.19870074977302693
18.359999999999914        0.18271907658901557
18.379999999999924        0.16958744891498706
18.399999999999917        0.15876057038545813
18.419999999999913        0.14981861009572256
18.43999999999991         0.14243849902794153
18.459999999999923        0.13637132453406375
18.479999999999922        0.13142522693847733
18.499999999999915        0.12745266032075211
18.519999999999918        0.12434100087851928
18.539999999999914        0.12200573871898983
18.559999999999917        0.12038554063300111
18.579999999999917        0.11943907227230441
18.599999999999916        0.11914232535758142
18.619999999999926        0.11948763024517531
18.639999999999926        0.12048315590506518
18.65999999999992         0.12215333586159548
18.67999999999992         0.12454016680867123
18.69999999999993         0.1277054903943269
18.719999999999928        0.1317344556905659
18.739999999999927        0.1367404673164164
18.759999999999927        0.14287206122423612
18.779999999999937        0.15032232441022916
18.79999999999993         0.15934168580485594
18.819999999999922        0.17025512041951626
18.83999999999993         0.18348246666889587
18.859999999999932        0.19957700851643304
18.87999999999993         0.2192456173016737
18.899999999999938        0.24338268485425668
18.919999999999934        0.2730380308979936
18.93999999999993         0.30916626720785084
18.95999999999994         0.35170291004967313
18.979999999999933        0.3974528702409402
18.999999999999936        0.43867628477883014
19.01999999999994         0.4676415796737218
19.039999999999935        0.4838588226673299
19.05999999999994         0.49170962174460725
19.079999999999934        0.49511686414062184
19.099999999999937        0.4960796861289882
19.119999999999944        0.4951637353727307
19.139999999999937        0.4918029611426112
19.159999999999936        0.48399732827349806
19.179999999999932        0.46782168669714547
19.19999999999992         0.43889041729127376
19.219999999999914        0.39769000465018084
19.239999999999903        0.35195375137283447
19.259999999999906        0.3094268589982749
19.279999999999898        0.27330841225149793
19.299999999999898        0.24366460708938256
19.3199999999999          0.2195413978250502
19.339999999999907        0.1998891081689244
19.359999999999896        0.18381331208745258
19.3799999999999          0.17060701803994452
19.399999999999903        0.15971678306154702
19.419999999999895        0.15072269712277325
19.4399999999999          0.143299761871767
19.459999999999905        0.13719757677618188
19.4799999999999          0.13222313328179877
19.4999999999999          0.12822802650673398
19.51999999999991         0.1250990282708871
19.53999999999991         0.12275118059179574
19.559999999999906        0.12112285824354344
19.57999999999991         0.12017232565784375
19.59999999999991         0.11987550400292911
19.61999999999991         0.12022468073915099
19.639999999999908        0.12122808604975382
19.659999999999915        0.12291040319597497
19.679999999999918        0.12531377977090377
19.699999999999914        0.1285005104288237
19.719999999999914        0.1325562936739974
19.739999999999917        0.13759526159789517
19.759999999999913        0.1437668994150083
19.77999999999991         0.15126552511444227
19.799999999999915        0.16034316177114807
19.819999999999908        0.1713268511283228
19.83999999999992         0.18464153876634243
19.85999999999992         0.20083913118072694
19.879999999999924        0.22063158760220777
19.899999999999924        0.24491559832336754
19.919999999999916        0.2747410068661975
19.939999999999912        0.31112475430344566
19.95999999999992         0.3539320957112541
19.97999999999993         0.3999735089573241
19.999999999999925        0.44146045828757946
20.01999999999993         0.47061223615328684
20.03999999999993         0.48693506437424405
20.059999999999924        0.49483794115289403
20.079999999999924        0.4982686917528603
20.09999999999992         0.4992392640019365
20.119999999999923        0.49831677353987797
20.139999999999922        0.49493385330404277
20.15999999999992         0.4870900746658295
20.179999999999914        0.4708747797349946
20.19999999999991         0.4416901474237983
20.219999999999906        0.400227940576476
20.23999999999989         0.35420130528580557
20.259999999999888        0.31140450623358434
20.279999999999887        0.27505688479857576
20.299999999999883        0.24522507168761526
20.319999999999883        0.2209489820190423
20.33999999999988         0.20117228477418034
20.35999999999988         0.1849948945262287
20.379999999999885        0.17170339022034217
20.399999999999896        0.16074525601595255
20.41999999999988         0.1516953060840872
20.439999999999888        0.14422643727675744
20.459999999999887        0.13808666530837882
20.47999999999989         0.13308208853994816
20.499999999999886        0.1290626259040239
20.51999999999989         0.12591479881205073
20.539999999999893        0.12355314991268493
20.559999999999903        0.12191572420215051
20.5799999999999          0.1209605650428027
20.599999999999895        0.12066344187572148
20.619999999999894        0.12101657712519102
20.639999999999894        0.12202825496305951
20.659999999999897        0.12372324553596636
20.679999999999904        0.1261441127829099
20.699999999999903        0.12935352269324588
20.719999999999914        0.1334377495020269
20.739999999999906        0.13851168766479718
20.7599999999999          0.14472650953308253
20.779999999999912        0.1522767579552077
20.79999999999991         0.16141663084495936
20.819999999999904        0.17247538172659235
20.839999999999907        0.18588082881105636
20.859999999999904        0.2021886085163875
20.879999999999907        0.22211548782762525
20.899999999999917        0.24656419174299812
20.919999999999913        0.2765916144324113
20.93999999999991         0.3131604827557476
20.95999999999991         0.3562390816091924
20.9799999999999          0.4026843126726139
20.999999999999904        0.44457475992743956
21.0199999999999          0.4737917405908138
21.039999999999903        0.490227440501114
21.059999999999892        0.4981859029176359
21.079999999999902        0.5016416483312437
21.0999999999999          0.502620343843771
21.119999999999898        0.5016929818972055
21.1399999999999          0.49828830041259603
21.1599999999999          0.49039219167402076
21.17999999999989         0.4740674299645848
21.199999999999886        0.4448200476776106
21.219999999999885        0.40295567506419855
21.23999999999988         0.356526015442891
21.25999999999987         0.3134587505206444
21.27999999999987         0.2769013901658828
21.29999999999987         0.24689416622155702
21.31999999999986         0.22245449578083257
21.33999999999986         0.20254467503036752
21.35999999999987         0.18625854196951047
21.379999999999864        0.17287787363612986
21.399999999999864        0.1618464476215945
21.419999999999867        0.1527362046548785
21.43999999999987         0.14521781177764156
21.45999999999988         0.13903755799805917
21.479999999999873        0.1339999017222301
21.499999999999865        0.12995449095646608
21.51999999999986         0.1267866144688416
21.539999999999864        0.12441023989840883
21.559999999999874        0.1227630098305514
21.579999999999874        0.12180276704957493
21.59999999999987         0.12150510612217288
21.619999999999873        0.12186228653359248
21.63999999999988         0.12288264612860711
21.659999999999883        0.12459112077845823
21.67999999999988         0.12703057796586553
21.699999999999882        0.1302641364861094
21.719999999999878        0.13437869363728797
21.739999999999878        0.13948997140121724
21.75999999999988         0.14574953117369543
21.779999999999877        0.1533543869077115
21.79999999999989         0.16256006563176262
21.819999999999887        0.1736981920846137
21.83999999999988         0.18720224937981403
21.859999999999882        0.2036273654455978
21.879999999999885        0.22369739954495446
21.899999999999885        0.24832149216967433
21.91999999999989         0.2785640619808642
21.93999999999989         0.3153947004821578
21.959999999999894        0.35878159383475206
21.97999999999989         0.4055595517859489
21.99999999999989         0.44775110713645044
22.019999999999897        0.4772496141524662
22.039999999999907        0.493741915051686
22.059999999999892        0.5017487121669434
22.079999999999902        0.5052329340735542
22.099999999999895        0.5062222623909289
22.119999999999905        0.5052894759940545
22.1399999999999          0.5018613924117937
22.15999999999989         0.4939093065915113
22.179999999999886        0.4774677055530913
22.19999999999988         0.44801078093558744
22.219999999999864        0.4058470288499006
22.239999999999856        0.3590857842599334
22.25999999999986         0.31571110854069584
22.27999999999985         0.27889287828622783
22.29999999999985         0.24866494536983205
22.319999999999848        0.22405832143197685
22.339999999999847        0.204008663182663
22.35999999999986         0.18760675988604486
22.379999999999846        0.17413063164332918
22.399999999999856        0.1630191134646882
22.419999999999856        0.15384460151887225
22.439999999999852        0.14627342333672447
22.459999999999862        0.14005004216346617
22.479999999999865        0.13497749536959883
22.49999999999986         0.13090434750813387
22.519999999999865        0.12771506722735174
22.53999999999986         0.12532300795933504
22.559999999999864        0.12366536407027685
22.579999999999863        0.12269964792093567
22.59999999999986         0.12240137596415952
22.619999999999866        0.12276275572219944
22.639999999999866        0.12379224778890106
22.65999999999987         0.1255149181004376
22.679999999999872        0.12797407732374994
22.69999999999987         0.13123326083658765
22.719999999999867        0.1353800213828444
22.73999999999987         0.1405309577021133
22.75999999999987         0.1468387794234553
22.779999999999873        0.1545019915581543
22.799999999999873        0.16377805314501834
22.819999999999876        0.175001094433606
22.839999999999886        0.18860538188647774
22.859999999999882        0.2051552278088403
22.879999999999878        0.2253793293201727
22.899999999999878        0.2501970830866148
22.91999999999988         0.28068764544240865
22.939999999999877        0.31777046534258
22.959999999999873        0.3614850456013294
22.97999999999987         0.4086166576286214
22.999999999999872        0.45112826942412665
23.019999999999868        0.48085205963999456
23.039999999999868        0.4974715140030943
23.059999999999864        0.505540900452947
23.07999999999986         0.5090531077379132
23.099999999999866        0.5100512771898363
23.119999999999862        0.5091147955073959
23.13999999999987         0.5056637027135026
23.159999999999865        0.4976410577401016
23.179999999999865        0.4810108484214658
23.199999999999854        0.4512653350843374
23.219999999999857        0.408919958879283
23.239999999999853        0.3618062743855174
23.259999999999835        0.3181048701624053
23.279999999999834        0.28100937691799216
23.299999999999827        0.25055390405970906
23.319999999999837        0.22576219258029046
23.339999999999826        0.20556188613970294
23.35999999999983         0.18903691558278793
23.379999999999836        0.17545984916417423
23.399999999999835        0.16426675365220322
23.419999999999845        0.15502343037711772
23.439999999999834        0.14739574041981202
23.459999999999834        0.14112621328867384
23.479999999999837        0.13601604792804314
23.499999999999844        0.13191338202305652
23.51999999999984         0.12870132027039677
23.539999999999843        0.1262925643407372
23.55999999999984         0.12462384044649612
23.579999999999846        0.12365234603387223
23.59999999999985         0.12335341552911304
23.61999999999985         0.1237192014654579
23.639999999999848        0.12475825768938888
23.659999999999847        0.12649598255164665
23.67999999999985         0.12897594996560452
23.69999999999985         0.13226227596091564
23.71999999999985         0.1364432106249104
23.739999999999856        0.14163628714147797
23.75999999999986         0.1479947409097473
23.779999999999852        0.15571977131735584
23.799999999999855        0.1650704059009583
23.81999999999986         0.17638343114932462
23.839999999999858        0.19009656361633004
23.859999999999857        0.2067785898309916
23.87999999999986         0.22716396008114792
23.89999999999986         0.2521793380055401
23.919999999999867        0.28291241580212556
23.939999999999856        0.32035240284981814
23.959999999999855        0.3644331076790699
23.97999999999986         0.4118455753162449
23.999999999999854        0.4545721458114205
24.01999999999985         0.4846007715360598
24.03999999999985         0.5014260640067599
24.05999999999985         0.5095616745644435
24.079999999999846        0.5131033978353826
24.099999999999852        0.5141107820697776
24.119999999999845        0.5131678983346283
24.139999999999855        0.5096901247203148
24.15999999999985         0.5016039776642831
24.179999999999843        0.4848412363666336
24.199999999999847        0.45485878906047983
24.219999999999832        0.4121640347770705
24.239999999999828        0.3647711081272658
24.259999999999817        0.3207046484259106
24.279999999999816        0.28327900519428084
24.299999999999812        0.2525560099619371
24.319999999999823        0.22756809268391476
24.33999999999981         0.20720807879422684
24.359999999999815        0.19055263614617834
24.37999999999981         0.17686855539422622
24.399999999999817        0.16558742039955215
24.419999999999817        0.1562715797847244
24.439999999999817        0.1485842451423017
24.45999999999982         0.14226592857376413
24.479999999999823        0.13711660215474183
24.49999999999982         0.13298244070643925
24.519999999999825        0.12974607598710566
24.53999999999982         0.12731949350121588
24.55999999999982         0.12563891083081005
24.579999999999814        0.12466116195028007
24.599999999999824        0.12436146895390733
24.619999999999823        0.12473187936864769
24.639999999999834        0.12578102564423568
24.65999999999983         0.12753452083787215
24.679999999999826        0.1300363201028834
24.69999999999983         0.13335110625715108
24.71999999999983         0.1375678985697545
24.739999999999828        0.1428052225858634
24.75999999999983         0.1492182972478406
24.77999999999983         0.15700889024580456
24.79999999999983         0.1664386861316931
24.81999999999984         0.1778472595757688
24.839999999999836        0.19167583049978507
24.859999999999832        0.2084948975442199
24.879999999999832        0.22905055362572666
24.89999999999983         0.25427461474031815
24.919999999999835        0.2852638150667872
24.939999999999834        0.3230156120238002
24.959999999999837        0.36746338774190596
24.979999999999848        0.41527111452459275
24.999999999999837        0.45835515378407515
25.019999999999843        0.4886367501844265
25.039999999999843        0.5055983955468554
25.059999999999842        0.5138149998992355
25.079999999999846        0.5173857814641009
25.09999999999984         0.5184005854904962
25.11999999999984         0.5174508513693659
25.13999999999984         0.5139447259297281
25.15999999999984         0.5057912300135614
25.179999999999836        0.48888810203154953
25.199999999999832        0.458654977875555
25.219999999999818        0.41560455004553976
25.23999999999981         0.36781772470525886
25.259999999999806        0.323385366235216
25.2799999999998          0.28564907309597815
25.299999999999795        0.25467796401945914
25.3199999999998          0.22947537702731444
25.339999999999808        0.2089446668201212
25.3599999999998          0.19215134021301727
25.379999999999797        0.17835468141064104
25.399999999999803        0.1669825441597997
25.419999999999803        0.15759006020693853
25.439999999999802        0.1498396713798556
25.459999999999805        0.14346972960337603
25.479999999999805        0.13827856027554594
25.499999999999805        0.13411108954930648
25.519999999999808        0.13084898896610472
25.539999999999818        0.1284035085630052
25.559999999999803        0.1267103217704047
25.579999999999814        0.1257259293257865
25.599999999999813        0.12542527896505018
25.619999999999813        0.12580041746351375
25.639999999999812        0.12686006279859957
25.659999999999823        0.12863005716825326
25.67999999999981         0.13115487999499875
25.699999999999825        0.134499562353331
25.71999999999982         0.1387539962715549
25.739999999999814        0.144037755599592
25.75999999999982         0.15050743170427422
25.779999999999827        0.15836655764555263
25.79999999999982         0.16787909184810867
25.819999999999812        0.17938754908504695
25.839999999999826        0.1933369604676795
25.859999999999822        0.21030528759664002
25.87999999999983         0.23103804790567234
25.899999999999828        0.25647415532644213
25.919999999999824        0.28771294207537396
25.93999999999982         0.3258193951264142
25.959999999999827        0.3706532643917777
25.97999999999982         0.41887681749619565
25.999999999999822        0.4623371656243344
26.019999999999822        0.4928853678482126
26.03999999999983         0.5099978696937939
26.059999999999825        0.5182884034513316
26.079999999999814        0.5218919389981401
26.099999999999824        0.5229168009320119
26.11999999999982         0.521957426333722
26.139999999999816        0.518419170892051
26.15999999999982         0.51020562777654
26.179999999999815        0.49322010457493615
26.199999999999815        0.4627899319315663
26.219999999999803        0.41922497861493335
26.239999999999792        0.3710237217451191
26.259999999999792        0.32620650779194266
26.279999999999784        0.2881435031833856
26.299999999999784        0.2569043391716984
26.31999999999978         0.23148371116801758
26.33999999999978         0.21077550209556156
26.35999999999979         0.19383714926675363
26.379999999999782        0.17992153355816493
26.399999999999782        0.16845003735364442
26.41999999999979         0.15897738761184552
26.4399999999998          0.15116101853962396
26.45999999999978         0.14473702496021773
26.47999999999979         0.13950200263110205
26.49999999999979         0.13529978309518512
26.51999999999979         0.13201053529730558
26.539999999999786        0.1295450989613532
26.559999999999793        0.1278386005060758
26.579999999999792        0.12684715461555165
26.5999999999998          0.12654548926406983
26.6199999999998          0.12692559225345035
26.639999999999805        0.12799627464048216
26.659999999999798        0.12978362568995835
26.6799999999998          0.13233239602510305
26.6999999999998          0.13570842564563596
26.7199999999998          0.1400023268549956
26.739999999999803        0.1453347464777239
26.75999999999981         0.15186440295562906
26.779999999999802        0.15979553553590364
26.79999999999981         0.16939498878052786
26.819999999999805        0.18100837824638555
26.839999999999804        0.1950847577043907
26.859999999999808        0.2122073094334027
26.879999999999804        0.23312828646785877
26.899999999999803        0.25879507765390714
26.919999999999824        0.2903169308639456
26.939999999999813        0.3287044076773917
26.95999999999981         0.373924949581052
26.97999999999981         0.4226820744527692
26.999999999999805        0.46666554837485463
27.0199999999998          0.4974263320374954
27.0399999999998          0.5146243772204685
27.059999999999807        0.5229925288338185
27.079999999999803        0.5266303835937597
27.099999999999802        0.5276657145124043
27.11999999999981         0.5266984713436699
27.1399999999998          0.5231284952152127
27.159999999999812        0.5148400473772796
27.179999999999797        0.49769911730204447
27.19999999999979         0.466991504089064
27.219999999999786        0.4230447002987966
27.239999999999778        0.3743109281569243
27.25999999999977         0.3291083482594027
27.27999999999977         0.29073907982011593
27.299999999999763        0.2592381909014983
27.319999999999776        0.23359534705773416
27.339999999999772        0.21270057237283255
27.359999999999765        0.1956097662553702
27.379999999999765        0.1815690836991641
27.39999999999976         0.16999469306912635
27.41999999999977         0.16043729252285338
27.439999999999763        0.15255121137903782
27.45999999999977         0.14607015139883328
27.479999999999762        0.14078886340120483
27.499999999999766        0.13654953714752413
27.51999999999977         0.13323178498121455
27.53999999999977         0.1307453342442474
27.559999999999768        0.1290247653118218
27.57999999999977         0.1280258524607815
27.599999999999774        0.1277230267833888
27.619999999999777        0.12810825724475652
27.639999999999773        0.12919044386679945
27.659999999999787        0.1309959316401835
27.67999999999978         0.13356990290848594
27.699999999999775        0.136978827050296
27.719999999999775        0.14131417780602493
27.739999999999778        0.14669774489094886
27.75999999999979         0.15328901454600571
27.77999999999978         0.1612952822296438
27.79999999999978         0.17098539028741472
27.819999999999784        0.182708222225959
27.839999999999787        0.19691719380450032
27.859999999999783        0.21420404630407763
27.879999999999782        0.23532237845464415
27.899999999999785        0.26123105827803444
27.919999999999785        0.29304972425226494
27.939999999999785        0.3317984083505963
27.959999999999795        0.3774443590881324
27.979999999999794        0.42666077157618504
27.999999999999794        0.4710604915079036
28.019999999999797        0.5021150059761562
28.0399999999998          0.5194858804669337
28.0599999999998          0.527924312572458
28.0799999999998          0.5316003174235461
28.0999999999998          0.5326488588723434
28.119999999999795        0.5316755223901409
28.139999999999798        0.528069720997379
28.1599999999998          0.5197023088489844
28.179999999999794        0.5023977821924487
28.199999999999783        0.47139857284833186
28.21999999999977         0.42703724551519934
28.239999999999768        0.37784560002522477
28.259999999999756        0.33221894486404924
28.279999999999745        0.2934898781958693
28.29999999999975         0.261693712827035
28.319999999999748        0.23581123048122204
28.339999999999748        0.21472288025962621
28.35999999999975         0.19747225719945555
28.379999999999747        0.18329989715274916
28.399999999999753        0.17161547982976966
28.419999999999753        0.16196916881454881
28.439999999999753        0.1540099496511451
28.459999999999752        0.147469015998314
28.479999999999755        0.1421391850915381
28.499999999999755        0.13786116018724592
28.519999999999754        0.13451341958688828
28.53999999999976         0.13200484089711922
28.559999999999757        0.1302693977085118
28.579999999999753        0.12926245163347647
28.59999999999976         0.1289583056252081
28.619999999999752        0.12934882259223565
28.639999999999763        0.13044299555776387
28.659999999999762        0.13226743121257928
28.67999999999976         0.13486761918033957
28.699999999999765        0.1383109079838267
28.71999999999977         0.14268958046548366
28.73999999999977         0.14812662245165278
28.75999999999977         0.15478308316184441
28.779999999999774        0.16286828627903147
28.799999999999773        0.1726537012104754
28.819999999999776        0.18449161709739595
28.839999999999776        0.19883987144657997
28.859999999999776        0.21629336614887387
28.879999999999786        0.23762026152586563
28.899999999999785        0.2637897523257408
28.919999999999785        0.2959394479226443
28.93999999999979         0.33510400572418814
28.95999999999979         0.38112997786462666
28.97999999999978         0.4308271384321243
28.99999999999979         0.4756626502245355
29.019999999999794        0.5070248076634243
29.0399999999998          0.5245695875222696
29.059999999999793        0.5330933644614466
29.0799999999998          0.5368071082130379
29.099999999999795        0.5378670743024941
29.119999999999795        0.5368849108686368
29.139999999999795        0.5332483799350137
29.159999999999794        0.5247865877368777
29.179999999999794        0.5072427919674266
29.199999999999783        0.47586902383400564
29.219999999999786        0.43121746359123186
29.239999999999778        0.38154646277195986
29.259999999999767        0.3354758764062176
29.27999999999977         0.2963701730228122
29.29999999999977         0.26426491418072146
29.31999999999976         0.2381309862600779
29.339999999999765        0.21683795610737075
29.359999999999765        0.19942008564376848
29.37999999999977         0.1851104838312618
29.399999999999768        0.17331463559020996
29.41999999999978         0.16357478537975426
29.439999999999774        0.15553865135512945
29.459999999999777        0.14893478871127783
29.479999999999777        0.14355396591224445
29.499999999999773        0.13923507960009393
29.51999999999978         0.13585594300936726
29.539999999999775        0.13332420251920238
29.559999999999782        0.1315731890467759
29.579999999999792        0.13055783288498243
29.59999999999979         0.1302522052773353
29.619999999999784        0.13064812536611733
29.63999999999979         0.13175470906831985
29.659999999999794        0.13359884573029768
29.679999999999794        0.13622662855775045
29.699999999999793        0.13970587145359709
29.719999999999803        0.14412989990704794
29.739999999999803        0.14962296575230127
29.7599999999998          0.15634777408635056
29.77999999999979         0.1645147080705166
29.799999999999805        0.1743997170049608
29.819999999999805        0.18635790504602376
29.839999999999808        0.20085173331728431
29.859999999999808        0.2184821056567387
29.879999999999818        0.24002492393505226
29.899999999999817        0.26645913828380346
29.91999999999981         0.2989337913197356
29.939999999999817        0.3384939347791426
29.959999999999823        0.3850704504392181
29.97999999999982         0.4351711171998464
29.999999999999822        0.48033111241992804
30.019999999999822        0.5120845727474909
30.03999999999983         0.5298864483551766
30.059999999999828        0.5384995305651871
30.079999999999828        0.542252748222334
30.099999999999827        0.5433246285378224
30.119999999999827        0.5423331641579149
30.13999999999982         0.538659733919424
30.159999999999826        0.5301109848414304
30.179999999999822        0.512386879815728
30.199999999999815        0.48069278866425125
30.21999999999981         0.4355753046953086
30.239999999999807        0.38550282472170067
30.259999999999796        0.33894855668445306
30.2799999999998          0.2994111153017933
30.299999999999795        0.2669624016988622
30.319999999999794        0.24055877480060348
30.339999999999794        0.21905210910953415
30.359999999999797        0.20145977028344167
30.379999999999797        0.18700710606634918
30.3999999999998          0.1750935653348627
30.419999999999806        0.16525677695845067
30.439999999999802        0.15714092848958053
30.459999999999802        0.15047186547673397
30.4799999999998          0.14503825281860716
30.499999999999805        0.1406775935394481
30.51999999999981         0.13726592688780467
30.539999999999804        0.13471030583481505
30.559999999999814        0.13294338603851655
30.579999999999817        0.13191964453604396
30.59999999999982         0.13161289349757138
30.619999999999816        0.13201491032138574
30.639999999999816        0.13313491032009842
30.659999999999823        0.13500010175795413
30.679999999999822        0.1376570908645339
30.69999999999982         0.1411744147653357
30.71999999999983         0.1456463819133819
30.739999999999835        0.15119855717030733
30.75999999999983         0.15799536643403525
30.77999999999983         0.16625051460443846
30.799999999999827        0.17624113312747314
30.819999999999833        0.18832680742877242
30.83999999999984         0.2029747232262009
30.859999999999843        0.2207889288634051
30.879999999999836        0.24255935856822977
30.89999999999985         0.2692725470469417
30.919999999999842        0.30208955152486855
30.93999999999984         0.3420663415474349
30.959999999999845        0.3891332655009903
30.979999999999848        0.4397624237663422
30.999999999999854        0.4854016951507802
31.01999999999985         0.5174959751129561
31.039999999999868        0.5354842691172302
31.059999999999864        0.5442037228673365
31.079999999999856        0.5479966110014852
31.09999999999986         0.5490787468402558
31.11999999999986         0.5480750318549497
31.13999999999986         0.5443648577969008
31.15999999999985         0.535723951100902
31.179999999999854        0.5178090262521704
31.19999999999985         0.48577663133723664
31.21999999999984         0.4401821073643512
31.23999999999982         0.38958317803789166
31.259999999999817        0.34254060708197764
31.279999999999824        0.3025888437907514
31.299999999999827        0.2698003501607758
31.319999999999826        0.24311994408336626
31.339999999999826        0.22138659725674997
31.35999999999984         0.2036108893265373
31.37999999999984         0.1890085300829533
31.39999999999983         0.17697210735157148
31.41999999999983         0.16703530600564628
31.439999999999838        0.15883597956711715
31.45999999999984         0.15209869019560168
31.47999999999984         0.1466099180779859
31.499999999999847        0.14220547369115433
31.519999999999847        0.13876009868164238
31.539999999999853        0.1361798752256279
31.559999999999846        0.13439676078746415
31.57999999999984         0.13336476754408408
31.599999999999856        0.133057451793883
31.61999999999985         0.13346649586933151
31.639999999999848        0.13460126111618534
31.65999999999986         0.13648927384474174
31.67999999999987         0.13917783408590545
31.699999999999854        0.14273604441421955
31.71999999999986         0.14725937899876443
31.739999999999874        0.15287480410325327
31.75999999999986         0.15974857413228488
31.77999999999987         0.16809677237458834
31.799999999999855        0.17819961336578688
31.819999999999883        0.19042067868270762
31.839999999999883        0.20523233948516525
31.859999999999875        0.22324802621066636
31.879999999999875        0.24525896113817033
31.89999999999988         0.2722615387231205
31.919999999999877        0.30542228501252605
31.939999999999877        0.34580393270585524
31.95999999999987         0.393460543467861
31.979999999999883        0.4446526311110911
31.999999999999883        0.4908023612758286
32.019999999999875        0.523259607817185
32.03999999999987         0.541453945444996
32.059999999999874        0.5502744042338616
32.07999999999988         0.5541118235068291
32.09999999999988         0.5552073111172728
32.11999999999988         0.5541929582398339
32.13999999999988         0.5504363764618023
32.159999999999876        0.5417090712937268
32.17999999999988         0.5236606063980047
32.19999999999987         0.49133880118330814
32.219999999999864        0.44510174626195753
32.23999999999987         0.39392892014344927
32.259999999999856        0.3463667659664223
32.27999999999985         0.30597421749824977
32.29999999999986         0.2728243109052398
32.319999999999844        0.24585020157659088
32.339999999999854        0.22387804107289822
32.35999999999986         0.20590746881621663
32.37999999999986         0.19114551174526515
32.399999999999864        0.17897802492420486
32.41999999999985         0.168932382304015
32.43999999999986         0.16064497472393968
32.459999999999866        0.15383571463971776
32.479999999999855        0.14828875569414363
32.499999999999886        0.1438381566054761
32.51999999999986         0.14035747416272776
32.539999999999864        0.1377514097063924
32.55999999999987         0.13595141745671896
32.57999999999987         0.13491101778010323
32.59999999999987         0.13460349685015408
32.61999999999988         0.13502047350813862
32.63999999999989         0.13617144775415638
32.659999999999876        0.138084292488269
32.679999999999886        0.1408067301138274
32.699999999999875        0.14440892018564208
32.719999999999885        0.14898738081666207
32.73999999999988         0.15467058435245004
32.75999999999989         0.16162673731909988
32.77999999999988         0.17007556620520295
32.79999999999989         0.18029879175687807
32.819999999999894        0.19266504172580393
32.8399999999999          0.20765223546731545
32.8599999999999          0.22588099683435406
32.8799999999999          0.24815180736552991
32.899999999999906        0.2754726892565217
32.919999999999895        0.30902373958932183
32.9399999999999          0.3498800621482748
32.959999999999916        0.39800798798836534
32.97999999999991         0.44990508667805
32.999999999999915        0.4967378975642507
33.019999999999925        0.5295141115816429
33.03999999999993         0.5478604827848266
33.059999999999924        0.556782788961622
33.07999999999991         0.5606683298712904
33.09999999999993         0.5617782042008407
33.119999999999926        0.560752293262985
33.13999999999993         0.5569504324687895
33.15999999999992         0.5481169919999015
33.179999999999914        0.5298499307736793
33.1999999999999          0.4971414856471062
33.2199999999999          0.450358893193739
33.23999999999989         0.39849828431033596
33.259999999999884        0.35040206255762213
33.27999999999988         0.30957887901942943
33.29999999999988         0.27606502587693965
33.31999999999988         0.24878611324803787
33.3399999999999          0.22655927737937553
33.3599999999999          0.2083816958115739
33.379999999999875        0.19345049323012456
33.399999999999885        0.1811443258705581
33.41999999999989         0.17098502591707582
33.439999999999884        0.1626047129587758
33.459999999999894        0.15571998249540528
33.4799999999999          0.15011242539810934
33.499999999999886        0.1456141635478242
33.519999999999904        0.14209716066574507
33.53999999999991         0.13946543012842047
33.5599999999999          0.1376494325056293
33.57999999999989         0.1366021869213116
33.5999999999999          0.13629671625809633
33.619999999999905        0.13672456798338742
33.6399999999999          0.1378954464235181
33.65999999999991         0.13983762972795846
33.67999999999992         0.14259949501266359
33.69999999999992         0.14625213960558828
33.719999999999914        0.1508933539956705
33.73999999999992         0.15665329640305062
33.75999999999991         0.16370237522183517
33.77999999999993         0.1722620443915575
33.79999999999992         0.18261947013003407
33.81999999999992         0.1951472743185059
33.839999999999925        0.21032968187660828
33.859999999999935        0.22879583209039134
33.879999999999924        0.2513586332663783
33.89999999999993         0.2790335112360273
33.91999999999993         0.3130183690577837
33.939999999999934        0.35440201477133315
33.95999999999993         0.40315060069106934
33.97999999999993         0.45571824839712544
33.99999999999995         0.5031608563668247
34.019999999999946        0.5363702616084046
34.03999999999996         0.554963004827624
34.05999999999995         0.5640019331067655
34.07999999999995         0.5679431861924417
34.09999999999995         0.5690714256301194
34.11999999999994         0.5680350729293109
34.139999999999944        0.5641851721303057
34.15999999999995         0.5552292043107722
34.17999999999994         0.5367196972371657
34.19999999999993         0.503582725550631
34.21999999999992         0.4561960162476642
34.23999999999992         0.40367169586906326
34.25999999999992         0.3549627047701669
34.27999999999991         0.31362092295268
34.29999999999991         0.2796826274538434
34.319999999999915        0.2520595804957722
34.33999999999991         0.22955650765467991
34.359999999999914        0.21115219514612926
34.37999999999992         0.1960356129728574
34.39999999999992         0.18357796434129042
34.41999999999992         0.173293936278953
34.43999999999993         0.16481360293500907
34.459999999999916        0.15784829267308206
34.47999999999992         0.1521767890066994
34.499999999999936        0.14762903395708757
34.51999999999994         0.14407535485362727
34.53999999999994         0.14141858552754574
34.559999999999924        0.13958838746522667
34.57999999999993         0.13853726650488066
34.59999999999994         0.1382379839135982
34.61999999999993         0.13868210684382903
34.63999999999995         0.1398795564240103
34.65999999999995         0.14185912017370184
34.67999999999996         0.14466997448646826
34.699999999999946        0.14838410814945313
34.71999999999995         0.15310119431120472
34.73999999999995         0.15895322116012647
34.759999999999955        0.16611317637282594
34.77999999999996         0.17480584969901466
34.799999999999955        0.1853227176392873
34.81999999999996         0.19804197799861706
34.83999999999996         0.21345507431252664
34.859999999999964        0.2322004900040564
34.87999999999996         0.25510253843805925
34.89999999999997         0.28320108651769393
34.919999999999966        0.31771647517466767
34.93999999999996         0.35975858144923006
34.959999999999965        0.40925524680262904
34.979999999999954        0.462516962784996
34.99999999999998         0.5106737682604479
35.01999999999997         0.5443909324583139
35.039999999999964        0.5632727193677364
35.05999999999996         0.5724539440797561
35.07999999999996         0.5764579432266024
35.09999999999997         0.5776048505455458
35.11999999999997         0.5765533403425054
35.139999999999965        0.5726444482014067
35.15999999999996         0.5635427890378149
35.17999999999998         0.5446769733930172
35.19999999999995         0.5109658447584702
35.219999999999956        0.4630138301991674
35.23999999999996         0.40972937573954205
35.25999999999994         0.36030667861211935
35.279999999999944        0.3183616617568073
35.29999999999993         0.28393043137966867
35.31999999999993         0.2559084616237356
35.33999999999995         0.23308272400481678
35.35999999999994         0.21441684643450326
35.37999999999994         0.1990877593318232
35.39999999999995         0.18645732792214678
35.419999999999945        0.17603420555084354
35.43999999999995         0.16744029188066076
35.45999999999995         0.16038429671996185
35.479999999999954        0.1546417331325374
35.49999999999995         0.15004004122722958
35.519999999999946        0.14644747492624277
35.53999999999997         0.14376582071731855
35.55999999999996         0.14192352242375456
35.579999999999956        0.1408725098476964
35.599999999999966        0.1405853116874761
35.61999999999996         0.14105354675832757
35.639999999999965        0.142287477918494
35.65999999999997         0.1443165490424021
35.679999999999964        0.14719094234127064
35.69999999999997         0.1509842937613153
35.71999999999998         0.15579780307682417
35.73999999999998         0.16176610065599428
35.75999999999997         0.16906539406268437
35.77999999999998         0.17792462353853206
35.799999999999976        0.18863892736605245
35.81999999999998         0.20159609509604828
35.83999999999998         0.21729528552999744
35.86                     0.2363864957090076
35.87999999999999         0.2597088514349879
35.89999999999999         0.28832083265909014
35.91999999999999         0.3234645314452647
35.93999999999998         0.3662695605930006
35.95999999999999         0.41666282633432816
35.97999999999999         0.4708770270783703
36.000000000000014        0.519773162727624
36.02                     0.5541920011900798
36.04                     0.5735049957320818
36.06                     0.5828701116789377
36.080000000000005        0.586951698239247
36.1                      0.5881215821248871
36.12000000000001         0.5870511892322983
36.13999999999999         0.5830691803008217
36.160000000000004        0.5737964427683124
36.17999999999999         0.5545786915566983
36.19999999999999         0.5202489036594243
36.21999999999999         0.471431896681229
36.239999999999974        0.41729021601512756
36.25999999999998         0.3669706098428623
36.27999999999997         0.3242452921820047
36.29999999999996         0.2891887425510981
36.31999999999997         0.2606711488748422
36.339999999999975        0.23745267937530867
36.359999999999964        0.21846864130491828
36.37999999999999         0.20288178679507304
36.39999999999999         0.19004250284038227
36.41999999999997         0.17945060920161604
36.43999999999999         0.1707212218523851
36.45999999999999         0.16355784707233348
36.47999999999998         0.15773201620162677
36.499999999999986        0.1530681429748865
36.51999999999998         0.14943237395335693
36.540000000000006        0.14672445431166647
36.55999999999999         0.14487188178103141
36.57999999999999         0.14382583547624306
36.6                      0.14355852338532712
36.61999999999999         0.14406169489560774
36.64                     0.14534609223006958
36.66                     0.14744205020176615
36.68000000000001         0.1504010739766795
36.70000000000001         0.1542986299954937
36.72000000000001         0.15923835624690783
36.74000000000001         0.16535806590625973
36.760000000000005        0.17283808090965574
36.780000000000015        0.18191264136285948
36.80000000000002         0.1928853901918768
36.820000000000014        0.20615018993080084
36.84000000000001         0.22221862219683677
36.86000000000003         0.241754874846298
36.88000000000002         0.265614766681736
36.900000000000034        0.29488639124507765
36.920000000000016        0.330836746895413
36.940000000000026        0.3746206660550137
36.96000000000002         0.42616392389269303
36.980000000000025        0.48161769962408857
37.000000000000014        0.5316425983087462
37.02000000000002         0.5668709990667993
37.04000000000003         0.5866475586666012
37.060000000000024        0.5962455071531212
37.08000000000001         0.6004248418530187
37.10000000000003         0.6016215857497943
37.120000000000026        0.6005239278315585
37.14000000000002         0.5964447958506551
37.160000000000025        0.586955858769413
37.18000000000002         0.5672841966366761
37.20000000000002         0.5321590798507553
37.22000000000003         0.4822335547690729
37.24000000000001         0.426878795824945
37.26                     0.3754408342249592
37.28                     0.3317718818727192
37.3                      0.29594638262941175
37.32                     0.26680857508718014
37.339999999999996        0.24308753883696252
37.36                     0.2237002125283298
37.37999999999999         0.2077880607119282
37.40000000000002         0.1946861880782681
37.42                     0.18388295500297486
37.44000000000001         0.17498561157946382
37.46000000000002         0.16768910893920483
37.48000000000002         0.16176108914835036
37.50000000000002         0.15702209839583314
37.52000000000001         0.15333539167995852
37.54000000000002         0.15059861800669538
37.56000000000001         0.14873784538816737
37.58000000000002         0.14770339181441328
37.60000000000003         0.1474670956303322
37.62000000000003         0.14802079703298393
37.64000000000004         0.14937590285903837
37.66000000000003         0.1515639482577477
37.68000000000004         0.1546382384077131
37.70000000000004         0.15867695385833566
37.72000000000005         0.1637865839142814
37.74000000000004         0.17010934701258443
37.76000000000005         0.17783102928495165
37.780000000000044        0.1871929013439394
37.80000000000005         0.19850765587374036
37.82000000000005         0.21218082931152538
37.84000000000004         0.22873909459455471
37.860000000000056        0.24886614495616424
37.880000000000045        0.27344348734034113
37.900000000000055        0.30358073541411495
37.92000000000005         0.34057637609949776
37.940000000000055        0.3856130794934229
37.96000000000006         0.4386558230431337
37.980000000000054        0.4958490338366606
38.00000000000006         0.5473718427023656
38.020000000000046        0.5836783717980328
38.04000000000006         0.6040743697356878
38.060000000000045        0.6139773780854318
38.080000000000055        0.6182903781842576
38.100000000000044        0.6195259968092337
38.120000000000054        0.6183946940620212
38.14000000000006         0.6141880778247035
38.16000000000006         0.6044110971436428
38.18000000000004         0.5842107515442131
38.200000000000045        0.5481054161073156
38.220000000000056        0.49656314051407685
38.24000000000003         0.43949583681680315
38.26000000000003         0.38668201170018973
38.28000000000003         0.3417712373761329
38.30000000000003         0.3049351167268424
38.32000000000003         0.27498345672209645
38.34000000000003         0.2506079711733936
38.360000000000035        0.23069379418040575
38.380000000000045        0.214357171870806
38.400000000000034        0.20091368740695814
38.420000000000044        0.18983672456202652
38.44000000000004         0.1807212366516552
38.460000000000036        0.17325531262603658
38.48000000000004         0.167198699944525
38.50000000000004         0.16236686893171245
38.520000000000046        0.1586194519450188
38.54000000000004         0.15585096512902266
38.56000000000005         0.1539858648591833
38.580000000000055        0.15297337599687047
38.600000000000044        0.15278494697878536
38.62000000000006         0.15341268960291332
38.64000000000006         0.15486892640990335
38.66000000000005         0.1571868179354255
38.68000000000006         0.16042210380272182
38.70000000000006         0.16465608513043825
38.72000000000008         0.1700001130503946
38.74000000000006         0.17660200926770636
38.76000000000007         0.18465499194926835
38.780000000000065        0.19440988394829384
38.80000000000006         0.20619351810926162
38.82000000000007         0.22042431823685021
38.840000000000074        0.23765076436307117
38.86000000000008         0.25858303365267427
38.880000000000074        0.28413658171847417
38.90000000000009         0.31546347224192184
38.92000000000007         0.35391150412806943
38.94000000000008         0.4007080852989827
38.960000000000086        0.455818329595385
38.98000000000008         0.5152629569958268
39.000000000000085        0.5689883946287386
39.02000000000008         0.606702059950606
39.04000000000009         0.6278788116367141
39.06000000000009         0.6381935897816631
39.0800000000001          0.6426981218639333
39.100000000000094        0.6439873330584444
39.12000000000009         0.6428082822846414
39.140000000000086        0.6384229709177306
39.16000000000008         0.628232810494943
39.180000000000085        0.6071946461878237
39.20000000000008         0.5696390398540375
39.22000000000006         0.516096068827837
39.240000000000066        0.4568625559696563
39.26000000000007         0.40199215560829815
39.28000000000006         0.35546023520467757
39.30000000000005         0.3172967036272874
39.32000000000006         0.28626998158119604
39.34000000000006         0.26102629464397425
39.360000000000056        0.24041799970512362
39.38000000000007         0.2235263682746296
39.400000000000055        0.20964046228383534
39.42000000000005         0.19821329271541893
39.44000000000007         0.18882421965444815
39.46000000000006         0.18114940894808965
39.480000000000075        0.17493952598462137
39.50000000000008         0.17000316985089658
39.52000000000008         0.16619470304881606
39.54000000000008         0.16340538037209867
39.56000000000007         0.1615569802561804
39.58000000000009         0.16059737171634803
39.60000000000009         0.16049762547078955
39.62000000000008         0.16125037878627924
39.640000000000086        0.16286950914767057
39.6600000000001          0.1653906870984848
39.68000000000009         0.16887330094747482
39.70000000000009         0.1734036097735831
39.72000000000011         0.17909950284299966
39.740000000000094        0.18611725830494869
39.7600000000001          0.1946609506278113
39.7800000000001          0.20499531443644428
39.80000000000011         0.21746318486310312
39.82000000000011         0.2325089378446497
39.840000000000096        0.25070947391553144
39.860000000000106        0.27281360819257394
39.88000000000011         0.29978711808945746
39.90000000000012         0.33283806074748873
39.92000000000011         0.37338494077919787
39.94000000000012         0.4227189308351703
39.96000000000011         0.4808078346618505
39.98000000000011         0.5434913511491662
40.00000000000012         0.6002378700697563
40.02000000000011         0.640198819664378
40.04000000000011         0.6627093027085271
40.0600000000001          0.6736939380431299
40.08000000000011         0.6784895562377076
40.10000000000011         0.6798650812657193
40.12000000000011         0.6786121386270888
40.140000000000114        0.6739459621974704
40.16000000000011         0.6630998919268933
40.1800000000001          0.6407648852137333
40.200000000000095        0.6010257663171453
40.22000000000009         0.5445594141061132
40.24000000000009         0.482218318912929
40.2600000000001          0.4245272800076554
40.28000000000009         0.3756344221328152
40.30000000000008         0.3355605314287394
40.32000000000009         0.30300679774515943
40.34000000000008         0.2765504315810857
40.36000000000008         0.2549759925257928
40.380000000000095        0.23731810046508922
40.40000000000009         0.22282831296244052
40.42000000000008         0.2109305026036502
40.440000000000104        0.20118067837419862
40.4600000000001          0.19323984089608107
40.480000000000096        0.18684423902515315
40.50000000000009         0.18179258257673708
40.520000000000095        0.1779319263073018
40.54000000000011         0.17514833180844264
40.56000000000011         0.17336017219675542
40.580000000000126        0.17251348172049147
40.60000000000011         0.17257894470822985
40.62000000000011         0.17355027558247346
40.640000000000114        0.17544381225625294
40.66000000000012         0.17829927805389664
40.68000000000011         0.1821817729346421
40.700000000000124        0.1871852131632172
40.720000000000134        0.19343702575958036
40.740000000000116        0.20110714819238273
40.76000000000013         0.21041587796834146
40.78000000000012         0.2216490844283127
40.80000000000012         0.23517661044255483
40.82000000000013         0.2514773959497724
40.84000000000014         0.2711726150528132
40.86000000000013         0.29506766930771927
40.88000000000012         0.324199945870059
40.900000000000155        0.3598744303316362
40.92000000000013         0.4036177999983862
40.94000000000014         0.45681710106715245
40.96000000000014         0.5194083597550484
40.980000000000146        0.5868938063889053
41.00000000000015         0.6483911443102506
41.02000000000015         0.6920966000242033
41.040000000000134        0.7169422553481826
41.06000000000015         0.7291306568513825
41.080000000000155        0.7344582073031513
41.10000000000014         0.7359875798969416
41.12000000000015         0.7346052743850237
41.14000000000014         0.7294495289449867
41.16000000000014         0.7174749970365302
41.180000000000135        0.6928847786635306
41.20000000000013         0.6496139913608611
41.22000000000012         0.5890010305454785
41.24000000000012         0.5224406150021424
41.26000000000011         0.46086520803086567
41.28000000000012         0.40894834625416665
41.30000000000011         0.3665593741890637
41.320000000000114        0.33229282344024963
41.34000000000012         0.3046171522148199
41.36000000000012         0.2822255321642468
41.38000000000012         0.26408095059346604
41.40000000000013         0.24938054029827622
41.42000000000013         0.2375075399971026
41.44000000000014         0.22798910727564436
41.46000000000013         0.22046306647164626
41.48000000000013         0.2146527138276845
41.50000000000013         0.2103481173015574
41.52000000000013         0.20739236811842696
41.54000000000012         0.2056716338828717
41.56000000000013         0.20510842067330973
41.58000000000013         0.2056563658007796
41.6                      0.20729766155437243
