% Model:              Untitled.mph
% Version:            COMSOL 5.6.0.280
% Date:               Sep 14 2021, 16:37
% Dimension:          1
% Nodes:              1001
% Expressions:        1
% Description:        线图
% cln1x                   Height
49.39999999999999         0.22436580287222993
49.419999999999845        0.22269547230506037
49.43999999999985         0.22219617503747333
49.45999999999983         0.2228874318663234
49.47999999999983         0.22481942031002117
49.49999999999981         0.2280759905865112
49.519999999999804        0.23277987922614263
49.5399999999998          0.23910023855553755
49.5599999999998          0.24726327156454458
49.579999999999785        0.25756698463565014
49.59999999999979         0.27040127048372115
49.61999999999979         0.2862750014412572
49.63999999999978         0.3058516891669139
49.65999999999977         0.32999487767559355
49.67999999999976         0.35981978787278623
49.69999999999977         0.3967322553787866
49.71999999999975         0.4423812750680574
49.739999999999746        0.4981904872383215
49.75999999999974         0.5643019683505269
49.779999999999745        0.6361480931684668
49.799999999999734        0.7020103645267761
49.81999999999974         0.7492970862100513
49.83999999999973         0.7763969011370822
49.85999999999973         0.7897083700959672
49.87999999999972         0.7954663476564027
49.899999999999714        0.7970194248046507
49.919999999999725        0.795328253130226
49.93999999999969         0.789405054539343
49.9599999999997          0.7758433231533939
49.979999999999684        0.7483071065852324
49.99999999999967         0.7004527326740282
50.01999999999964         0.6340898209345318
50.03999999999964         0.5613688721988078
50.05999999999962         0.49421229684922346
50.07999999999961         0.4371920411107328
50.09999999999959         0.3903026054174265
50.119999999999585        0.3520632403155932
50.139999999999574        0.32084824051583255
50.15999999999958         0.29526291173969416
50.17999999999957         0.2741953009590837
50.19999999999958         0.25678054407508716
50.21999999999956         0.24235093614299394
50.239999999999554        0.23039143324868255
50.25999999999954         0.22050430478635233
50.27999999999954         0.21238174132450907
50.29999999999955         0.20578790947781456
50.319999999999524        0.2005406009092827
50.339999999999534        0.19650294077993927
50.359999999999516        0.19357479796367316
50.37999999999952         0.1916872478001434
50.39999999999951         0.1907988894703291
50.419999999999504        0.19089374688419414
50.43999999999951         0.19198049972569323
50.459999999999496        0.1940930101221058
50.47999999999949         0.1972921507900809
50.499999999999474        0.20166916040604266
50.51999999999946         0.20735079895927355
50.539999999999466        0.2145067149663096
50.55999999999949         0.22335881225537638
50.579999999999465        0.23419877585414572
50.59999999999946         0.24740254923849173
50.61999999999946         0.2634589321287893
50.639999999999446        0.2830029195100162
50.659999999999435        0.30685877145516954
50.67999999999943         0.33608903238856697
50.699999999999434        0.3720312218975719
50.719999999999416        0.41625147567327314
50.73999999999941         0.4701772824509387
50.75999999999941         0.533765105723607
50.77999999999939         0.6024616656757602
50.7999999999994          0.6650387001654625
50.81999999999942         0.709832719774016
50.83999999999938         0.735388669783099
50.85999999999939         0.7478401824229117
50.87999999999937         0.7532198157625439
50.899999999999366        0.7546743128373924
50.919999999999355        0.7531071989595997
50.93999999999936         0.7476079469239241
50.95999999999934         0.7350017957151973
50.979999999999336        0.7092974337694878
50.99999999999932         0.6643136195740912
51.01999999999931         0.6015131833077709
51.03999999999929         0.532552775945231
51.05999999999928         0.4686599521113701
51.07999999999926         0.4143952504136839
51.099999999999255        0.36980141759817586
51.119999999999244        0.3334869484132672
51.13999999999923         0.30386297088805475
51.159999999999236        0.2795995465937336
51.17999999999924         0.25963755578535824
51.19999999999923         0.24315398452477013
51.21999999999921         0.2295139204468056
51.23999999999921         0.21822794640623933
51.25999999999921         0.2089183752495311
51.2799999999992          0.20129359743991865
51.29999999999919         0.1951289476901079
51.31999999999918         0.19025257346203514
51.33999999999918         0.18653509227937126
51.359999999999175        0.18388215385177667
51.37999999999918         0.18222918674817964
51.39999999999916         0.18153812711559003
51.41999999999917         0.1817950739422812
51.439999999999145        0.18300983931939116
51.45999999999916         0.18521642158555446
51.479999999999144        0.1884748485835793
51.49999999999914         0.19287446925584917
51.51999999999912         0.19853897764169037
51.539999999999125        0.20563360661228577
51.559999999999114        0.2143751278473643
51.5799999999991          0.22504556870765607
51.5999999999991          0.23801082143335195
51.61999999999909         0.25374563623883784
51.6399999999991          0.2728665314720787
51.6599999999991          0.2961699620351543
51.679999999999076        0.3246957173197026
51.69999999999908         0.3597400411070071
51.7199999999991          0.40282512320964586
51.73999999999906         0.45533665006465784
51.75999999999907         0.5172176920624747
51.77999999999906         0.5839895607223677
51.79999999999906         0.6446592963873934
51.81999999999907         0.6879084574243074
51.839999999999065        0.7124679651731294
51.85999999999907         0.7244257466442431
51.87999999999905         0.729577869335298
51.89999999999904         0.7309683117407091
51.91999999999904         0.7294677596192713
51.93999999999905         0.724202902219519
51.95999999999903         0.7121267456522956
51.97999999999902         0.6874412337163003
51.999999999999           0.6440599380160622
52.01999999999899         0.5832533452771624
52.039999999998955        0.516334323140924
52.05999999999895         0.45428975955501455
52.079999999998925        0.40159773939783533
52.09999999999892         0.3583176815009526
52.119999999998925        0.3230667463746829
52.1399999999989          0.29432497801362667
52.15999999999889         0.2707941827289413
52.179999999998884        0.2514430703035255
52.19999999999889         0.2354735429779516
52.219999999998876        0.22226426073672437
52.239999999998865        0.21134298687478145
52.25999999999887         0.20234328469929375
52.27999999999885         0.19498234462501182
52.29999999999886         0.1890423869018007
52.31999999999886         0.18435693601628286
52.33999999999885         0.18080077871815395
52.359999999998855        0.1782827350401104
52.379999999998844        0.17674061545312916
52.399999999998826        0.1761378751148834
52.419999999998815        0.17646168589402542
52.43999999999882         0.1777222620812601
52.4599999999988          0.1799534169620741
52.47999999999879         0.18321457707664296
52.4999999999988          0.1875933521353791
52.51999999999881         0.19321136621875587
52.5399999999988          0.20023078215584178
52.55999999999879         0.20886423743662547
52.5799999999988          0.21938828358220056
52.59999999999878         0.23216164467717842
52.61999999999878         0.24764972830045925
52.63999999999875         0.2664569530658839
52.65999999999875         0.2893676072083398
52.67999999999875         0.3173920751433432
52.69999999999875         0.35180066926834097
52.719999999998734        0.3940778985216941
52.73999999999875         0.4456607993047574
52.759999999998726        0.5063881658322923
52.779999999998715        0.5718687815097244
52.799999999998725        0.6312680010397015
52.819999999998714        0.6734946634144567
52.83999999999874         0.6974058243525936
52.85999999999872         0.7090281399117875
52.87999999999872         0.7140337513832298
52.899999999998705        0.7153855380880674
52.919999999998694        0.7139265699225017
52.93999999999869         0.7088133923088027
52.959999999998686        0.6971011572341919
52.97999999999867         0.6731715053235969
52.99999999999865         0.6309215647062871
53.01999999999864         0.5712497362331409
53.03999999999862         0.5056748426193798
53.059999999998595        0.44484743340295285
53.07999999999858         0.3931907677683717
53.09999999999857         0.3507688866048213
53.11999999999858         0.31622387216945036
53.13999999999856         0.28806319455851237
53.159999999998554        0.2650127451852668
53.17999999999855         0.24606084309603368
53.199999999998546        0.2304228634570173
53.21999999999856         0.21749428634469944
53.23999999999854         0.2068095487954513
53.25999999999853         0.198009638198838
53.279999999998516        0.19081755941377418
53.29999999999851         0.18502037050397288
53.31999999999852         0.18045445474595995
53.3399999999985          0.17699777046486753
53.35999999999851         0.17456121419756232
53.37999999999848         0.17308408485159987
53.399999999998464        0.1725308271666383
53.41999999999848         0.17288916839180632
53.43999999999848         0.17416950440715437
53.459999999998466        0.17640543676839024
53.479999999998476        0.17965556366907573
53.49999999999846         0.18400667779342947
53.51999999999846         0.18957863570463282
53.53999999999844         0.1965313244812044
53.559999999998425        0.20507530275111158
53.57999999999843         0.2154816620971234
53.59999999999843         0.2281046174161256
53.61999999999843         0.2434028640621772
53.63999999999842         0.2619721131753282
53.65999999999841         0.2845854538243116
53.67999999999841         0.3122390206499331
53.6999999999984          0.3461854909462811
53.7199999999984          0.38788908553734114
53.7399999999984          0.4386836074452783
53.75999999999839         0.4985444127800645
53.77999999999838         0.5632098984399243
53.79999999999839         0.6218616871460833
53.8199999999984          0.6632777861777706
53.8399999999984          0.6866313022268853
53.8599999999984          0.6980165475411935
53.879999999998375        0.7029191475797459
53.899999999998386        0.7042441648187991
53.91999999999838         0.7028171640226184
53.93999999999836         0.697812775568068
53.95999999999838         0.6863444894498482
53.97999999999835         0.6628845639974928
53.99999999999834         0.6213816566145763
54.0199999999983          0.5626574241929704
54.039999999998294        0.4979283828378263
54.05999999999827         0.4380039627300814
54.079999999998265        0.38714068819522673
54.09999999999824         0.345361764867146
54.119999999998235        0.31133277925405406
54.13999999999822         0.2835890287388348
54.159999999998206        0.2608828253342931
54.17999999999821         0.24221663507858399
54.199999999998205        0.22681700609853542
54.21999999999818         0.21408815295992664
54.2399999999982          0.20357132304304404
54.259999999998186        0.19491281555307538
54.27999999999818         0.18783978147133953
54.29999999999817         0.18214222098800784
54.31999999999817         0.177659716277172
54.33999999999815         0.17427173965017675
54.35999999999815         0.17189067233555644
54.37999999999817         0.17045694314875892
54.399999999998144        0.16993563507603218
54.41999999999814         0.17031491884312897
54.43999999999813         0.17160523979632555
54.45999999999813         0.1738399620042735
54.479999999998114        0.1770771708918799
54.49999999999812         0.1814028124569108
54.519999999998106        0.18693549955219638
54.5399999999981          0.19383340401263785
54.5599999999981          0.202303836853502
54.57999999999809         0.2126163700861768
54.599999999998076        0.22512064651280828
54.619999999998065        0.24027032068069615
54.63999999999808         0.25865471300102627
54.659999999998064        0.28104238269589754
54.67999999999806         0.3084112516226541
54.69999999999805         0.34200391328642893
54.71999999999804         0.38326909828152084
54.73999999999804         0.4335262948285999
54.759999999998044        0.4927480910228873
54.77999999999803         0.556705031286138
54.79999999999804         0.6146715118898604
54.81999999999807         0.6555507235472356
54.83999999999806         0.6785823753472905
54.85999999999806         0.6897821455270087
54.879999999998056        0.6946142192583954
54.89999999999805         0.6959240805843435
54.91999999999803         0.6945245493436228
54.93999999999803         0.6895977065943797
54.95999999999802         0.6783091408489904
54.979999999998           0.6551956190281402
54.99999999999798         0.6142463366842407
55.01999999999796         0.5562228696962425
55.03999999999793         0.4922174488445658
55.0599999999979          0.4329495099427987
55.07999999999789         0.3826442517402188
55.099999999997884        0.3413270950572858
55.11999999999787         0.3076779557117606
55.139999999997855        0.2802481416560597
55.159999999997865        0.25779865645958544
55.179999999997854        0.2393444515795132
55.19999999999784         0.22411915490960074
55.21999999999784         0.21153820089977457
55.23999999999783         0.20114527034187651
55.25999999999784         0.1925906366283772
55.279999999997834        0.18560454825954018
55.299999999997816        0.17997941690831754
55.31999999999782         0.1755566932981522
55.339999999997815        0.17221728190664637
55.3599999999978          0.16987463866566008
55.37999999999779         0.1684699377702556
55.39999999999779         0.16796888299878127
55.419999999997785        0.1683598861125446
55.439999999997774        0.16965345242270471
55.45999999999777         0.17188273428919262
55.47999999999776         0.17510515030719268
55.499999999997755        0.17940619997673743
55.51999999999775         0.18490336627794365
55.53999999999776         0.19175345436544433
55.55999999999774         0.20016195665333855
55.57999999999774         0.2103960620667834
55.59999999999772         0.22280231773875644
55.61999999999771         0.2378303787282898
55.639999999997706        0.2560644013048764
55.6599999999977          0.2782629525889708
55.67999999999771         0.30540466217516715
55.6999999999977          0.3387228054090881
55.719999999997675        0.379662951321462
55.73999999999768         0.4295395620836481
55.7599999999977          0.4881709456801839
55.77999999999769         0.5515647869178391
55.7999999999977          0.6089850201952997
55.81999999999771         0.6494338602635057
55.83999999999771         0.6721981710479384
55.85999999999771         0.6832612331472382
55.8799999999977          0.6880340930337577
55.89999999999769         0.6893285555648225
55.91999999999769         0.6879469121880544
55.93999999999768         0.6830865244301244
55.959999999997684        0.6719189106293393
55.97999999999767         0.6489849012745017
55.99999999999763         0.6083847119443612
56.01999999999761         0.5510899899728358
56.03999999999759         0.48766300407207236
56.05999999999755         0.42892151756008967
56.07999999999755         0.3790632395721027
56.099999999997536        0.33811506485217163
56.119999999997525        0.3047680412781753
56.13999999999753         0.27758569372726266
56.1599999999975          0.2553396619147939
56.17999999999752         0.23705348933955225
56.199999999997495        0.22196951029819145
56.2199999999975          0.20950393083435986
56.23999999999748         0.1992072091148753
56.25999999999747         0.19073277032526897
56.27999999999747         0.18381329833120302
56.29999999999745         0.17824280975869583
56.31999999999745         0.17386487247943228
56.339999999997445        0.17056109151101462
56.359999999997456        0.16824575756711474
56.379999999997445        0.16686063433557163
56.39999999999743         0.16637180095063334
56.41999999999743         0.16676785263373126
56.43999999999744         0.16805930520315812
56.459999999997414        0.1702791498559313
56.479999999997425        0.17348460111740774
56.49999999999741         0.1777602126179222
56.519999999997395        0.18322265332029247
56.53999999999738         0.19002750802411048
56.55999999999737         0.1983786989837655
56.57999999999737         0.20854000185934413
56.599999999997365        0.22085744123471143
56.61999999999736         0.23577622803567397
56.639999999997364        0.25387598821264307
56.65999999999736         0.2759094487745948
56.67999999999736         0.3028477542289592
56.69999999999736         0.3359148400032667
56.71999999999734         0.3765454439124121
56.73999999999734         0.426044102142853
56.759999999997326        0.4843365320153227
56.779999999997344        0.5471194490859199
56.79999999999733         0.6039089113879674
56.81999999999734         0.6440814920653386
56.83999999999735         0.6667244130189196
56.85999999999735         0.6776786749257623
56.87999999999735         0.6824049275248083
56.899999999997334        0.6836880048969843
56.919999999997344        0.6823222519866634
56.93999999999732         0.677513591105649
56.95999999999732         0.6664614319197636
56.9799999999973          0.6437520774282468
56.99999999999728         0.603516781025762
57.019999999997246        0.5466827651509176
57.039999999997235        0.48386996796055953
57.0599999999972          0.42555365924708843
57.07999999999719         0.3760307355631601
57.099999999997166        0.33537268539930387
57.11999999999718         0.30227489080978154
57.13999999999715         0.2753036095596389
57.15999999999714         0.25323081639479594
57.179999999997136        0.23508742688722167
57.19999999999713         0.22012156405095773
57.21999999999712         0.20775393703719075
57.239999999997124        0.19753850049520147
57.259999999997106        0.18913139878199625
57.279999999997116        0.18226743206298085
57.299999999997105        0.1767425354614949
57.3199999999971          0.1724008699535212
57.33999999999711         0.16912539651081085
57.3599999999971          0.16683109269108382
57.379999999997096        0.1654602001920715
57.39999999999708         0.16497909303024055
57.419999999997074        0.16537651566256945
57.439999999997056        0.16666291657615714
57.45999999999705         0.1688710882122414
57.47999999999705         0.17205788666820135
57.49999999999704         0.17630731587259263
57.51999999999703         0.18173521819542995
57.53999999999703         0.18849603251052646
57.55999999999703         0.19679216946838562
57.57999999999703         0.20688686095277026
57.59999999999703         0.21912152648544347
57.61999999999701         0.23393912914893045
57.639999999997016        0.2519150229101801
57.659999999997           0.27379277006570546
57.679999999996994        0.30054402811223946
57.69999999999698         0.3333810885509006
57.71999999999698         0.3737290390546704
57.73999999999697         0.4228835815228745
57.75999999999697         0.4807694347547329
57.779999999996974        0.543105824650663
57.799999999996984        0.5994697785448512
57.81999999999701         0.6393142695318967
57.839999999997005        0.661747101800002
57.859999999996994        0.6726153648357689
57.87999999999699         0.6772955954609495
57.89999999999697         0.6785648601466054
57.91999999999699         0.6772102908261982
57.93999999999697         0.6724512260559807
57.95999999999696         0.6615034424768574
57.979999999996956        0.6389974055690889
57.99999999999693         0.5990929013641221
58.0199999999969          0.5426873618097335
58.03999999999687         0.4803244925337236
58.05999999999685         0.42241851501475774
58.07999999999683         0.3732437203891148
58.099999999996804        0.3328725572831526
58.11999999999681         0.3000084729355083
58.139999999996796        0.2732263070637594
58.1599999999968          0.25131066261404744
58.179999999996774        0.2332973537522267
58.199999999996784        0.21843914325938646
58.21999999999677         0.2061620029089156
58.239999999996776        0.1960199373309898
58.259999999996765        0.18767346178278324
58.27999999999676         0.18085928216081637
58.29999999999674         0.1753748168482496
58.31999999999675         0.1710653752067546
58.33999999999674         0.1678147861776481
58.35999999999674         0.16553865696213224
58.379999999996734        0.16417965765053621
58.39999999999672         0.16370441799898752
58.41999999999671         0.16410175579751393
58.43999999999672         0.16538209205647586
58.45999999999671         0.167578005369064
58.47999999999669         0.17074615899570347
58.4999999999967          0.1749697237653213
58.519999999996685        0.1803639204366735
58.53999999999669         0.1870821620298845
58.55999999999668         0.19532546701553483
58.57999999999667         0.20535522353940927
58.59999999999666         0.21751049825042357
58.61999999999665         0.23223125123202898
58.639999999996654        0.2500889602575048
58.65999999999664         0.27182544624062643
58.67999999999664         0.29839692822751007
58.69999999999662         0.3310065277082954
58.71999999999662         0.3710613210597584
58.73999999999662         0.41984263358405055
58.75999999999664         0.4774239621593036
58.77999999999661         0.5393390675223322
58.799999999996636        0.5953064928894751
58.81999999999664         0.6348511083923639
58.839999999996635        0.6571038534560318
58.859999999996646        0.6678820386048063
58.879999999996635        0.672523831474383
58.89999999999663         0.6737836627470775
58.91999999999663         0.6724419526507134
58.93999999999663         0.6677192460217638
58.95999999999662         0.6568798037602731
58.97999999999663         0.6346407617856238
58.999999999996575        0.5951195604534038
59.01999999999656         0.5389520409060203
59.03999999999651         0.47700014105991995
59.059999999996485        0.419481514705861
59.079999999996474        0.3706352643573346
59.09999999999645         0.33053449736720236
59.119999999996445        0.29789108410565246
59.139999999996434        0.27128908086891357
59.15999999999644         0.24952104060972224
59.17999999999643         0.23162916415269041
59.199999999996415        0.21687121055771716
59.219999999996425        0.20467568300163727
59.2399999999964          0.19460268862655045
59.25999999999639         0.18631317498286032
59.2799999999964          0.17954567271760083
59.299999999996395        0.17409928315927786
59.319999999996384        0.1698197447950574
59.33999999999638         0.16659211354383158
59.35999999999637         0.16433260184376008
59.379999999996365        0.1629842980907033
59.39999999999635         0.16251407469906917
59.41999999999635         0.16291083538911014
59.43999999999635         0.16418494384682353
59.459999999996334        0.16636877521249843
59.479999999996345        0.16951844472726088
59.49999999999633         0.17371686261074076
59.519999999996315        0.1790783788659205
59.53999999999632         0.1857554228534704
59.559999999996315        0.19394772063760013
59.5799999999963          0.20391627002493298
59.5999999999963          0.21599575779499733
59.619999999996296        0.23062416857581086
59.639999999996284        0.2483692816910041
59.65999999999628         0.2699681598950194
59.67999999999627         0.2963709334463137
59.69999999999629         0.3287731376602719
59.71999999999626         0.3685730726701765
59.739999999996265        0.4170440501668761
59.75999999999626         0.4741527758808129
59.77999999999626         0.5357860172931052
59.79999999999628         0.5915396383604865
59.819999999996284        0.6307232335381128
59.83999999999632         0.6527255225603685
59.85999999999631         0.6634113124654873
59.8799999999963          0.6680177201028615
59.89999999999629         0.6692689223988922
59.91999999999629         0.6679391207290968
59.93999999999627         0.663255011460652
59.95999999999628         0.6525015897523908
59.97999999999625         0.6304317619876316
59.999999999996234        0.5911931795603497
60.019999999996195        0.5354028390953098
60.03999999999617         0.47374722116117635
60.05999999999614         0.41662203042206275
60.079999999996126        0.3681346491484473
60.0999999999961          0.3283157722414183
60.119999999996104        0.2958905090540262
60.139999999996085        0.26945941047603916
60.15999999999607         0.24783129777907356
60.179999999996056        0.2300544678148278
60.199999999996066        0.21539143847411565
60.21999999999605         0.20327439733552924
60.23999999999605         0.19326629979426185
60.25999999999604         0.18503029634508933
60.279999999996036        0.17830662126588043
60.29999999999603         0.17289541268685304
60.31999999999602         0.16864405953804845
60.33999999999603         0.1654379646738836
60.359999999996006        0.1631938984325541
60.379999999996016        0.161855347977761
60.399999999996           0.16138943730179026
60.419999999996           0.16178514850323966
60.43999999999599         0.16305281915373335
60.45999999999597         0.16522462224341272
60.47999999999597         0.1683563217581559
60.499999999995964        0.17253030854703072
60.51999999999596         0.1778602164352491
60.539999999995956        0.18449752484590579
60.55999999999595         0.1926407338127783
60.57999999999595         0.202547923880877
60.59999999999596         0.2145538081405227
60.61999999999593         0.22909272965410757
60.63999999999594         0.24672906949412057
60.65999999999592         0.26819595406639474
60.67999999999593         0.2944402146044478
60.6999999999959          0.3266437747912448
60.7199999999959          0.366199777491414
60.73999999999589         0.4143739202748518
60.7599999999959          0.47113235868275916
60.779999999995916        0.532382890667995
60.799999999995926        0.5877776276371915
60.819999999995964        0.6266927928919038
60.83999999999596         0.6485355471601943
60.85999999999597         0.6591363293733251
60.87999999999596         0.6637114971420337
60.89999999999594         0.6649574833119568
60.919999999995945        0.6636422516210524
60.93999999999593         0.6589927694888243
60.959999999995944        0.6483226914794554
60.97999999999592         0.6264163822964394
60.99999999999587         0.5874496400805213
61.01999999999585         0.5320200688638618
61.039999999995814        0.4707478175764534
61.05999999999579         0.4139732503451551
61.07999999999576         0.3657832334066593
61.09999999999575         0.32620912955592
61.11999999999574         0.293984377381289
61.13999999999572         0.2677188680850735
61.15999999999572         0.24622440178683996
61.17999999999571         0.22855684218447514
61.19999999999571         0.21398384752858585
61.21999999999571         0.20193996169819958
61.23999999999571         0.191993921115309
61.25999999999569         0.18380909274268226
61.2799999999957          0.17712733322100252
61.29999999999568         0.17175003263394473
61.31999999999567         0.16752553826116495
61.33999999999566         0.1643399732070383
61.359999999995665        0.16211062812484725
61.37999999999565         0.16078133779033074
61.39999999999566         0.16031943771564558
61.419999999995646        0.16071403153067604
61.439999999995635        0.16197540335601118
61.45999999999564         0.16413555936649232
61.47999999999563         0.16724993367452204
61.49999999999564         0.17140014500720158
61.519999999995605        0.17669956803624212
61.53999999999562         0.183298578951003
61.5599999999956          0.19139447774791038
61.5799999999956          0.2012438023842173
61.599999999995596        0.21317929076634332
61.61999999999559         0.22763269338251638
61.63999999999558         0.24516500149078424
61.65999999999558         0.26650491357149275
61.67999999999557         0.2925929099250385
61.699999999995555        0.32461472746105613
61.71999999999556         0.36396085155883484
61.73999999999556         0.41189543686643715
61.75999999999556         0.46823729583335066
61.77999999999556         0.5291201311502872
61.79999999999558         0.5841716410123033
61.8199999999956          0.622832100944942
61.8399999999956          0.6445246208807679
61.85999999999561         0.6550509207896581
61.879999999995604        0.6595944607316246
61.8999999999956          0.6608328254712559
61.919999999995575        0.6595283570967212
61.93999999999558         0.6549188947657143
61.95999999999557         0.6443113847913005
61.979999999995556        0.6224749439870353
61.99999999999553         0.5836840878665753
62.019999999995505        0.528757449354171
62.039999999995445        0.46786765505596883
62.05999999999543         0.41143199224272575
62.0799999999954          0.3635293755654908
62.09999999999539         0.3241916477351181
62.11999999999537         0.2921596713621259
62.13999999999538         0.26605145767230554
62.15999999999537         0.2446858091773245
62.17999999999537         0.22712419615540294
62.19999999999535         0.21263865086224626
62.21999999999535         0.20066842112418584
62.239999999995334        0.19078180575175066
62.25999999999534         0.18264604866363357
62.27999999999532         0.17600453871433164
62.299999999995315        0.17065984576493282
62.31999999999531         0.16646104319894742
62.3399999999953          0.16329535708776097
62.35999999999529         0.1610803135074408
62.379999999995285        0.15976009228846433
62.39999999999528         0.15930222601202543
62.41999999999528         0.15969587890590572
62.43999999999529         0.16095128721502225
62.459999999995276        0.16310030031520303
62.47999999999528         0.16619806222299568
62.49999999999526         0.17032600744193238
62.519999999995235        0.17559643058646632
62.53999999999527         0.1821590289632206
62.55999999999521         0.19020997719518834
62.57999999999525         0.20000303452181828
62.59999999999521         0.2118711274904878
62.61999999999521         0.2262426425683782
62.63999999999521         0.24367536233167622
62.65999999999522         0.2648938035808854
62.67999999999521         0.29083303073743944
62.69999999999519         0.322672047357107
62.71999999999517         0.3617935450812656
62.73999999999518         0.4094545901648133
62.759999999995166        0.46557804895817795
62.7799999999952          0.5259927050628893
62.79999999999522         0.5805592105942085
62.819999999995254        0.6190581336690578
62.83999999999525         0.6406908169080565
62.85999999999527         0.6511560235039541
62.87999999999524         0.6556699352252682
62.899999999995266        0.6569013313590916
62.91999999999524         0.6556072968605158
62.93999999999525         0.6510308919067824
62.959999999995226        0.6404968823824871
62.97999999999522         0.6188057324334342
62.99999999999517         0.5802590920461855
63.019999999995136        0.5256605006445267
63.03999999999511         0.4652269078879858
63.05999999999505         0.40909031234551796
63.079999999995046        0.3614164143320673
63.099999999995035        0.32227989765161946
63.11999999999503         0.2904229146170846
63.139999999995005        0.26446581132924174
63.15999999999499         0.2432234020992156
63.179999999994976        0.22576321413804526
63.19999999999498         0.2113614492026411
63.21999999999499         0.19946058157506252
63.239999999994964        0.1896314033117838
63.259999999994974        0.18154308647980233
63.27999999999495         0.17494051145388295
63.299999999994974        0.16962739929070292
63.31999999999496         0.16545388357172888
63.33999999999497         0.16230743511475762
63.35999999999496         0.16010632901416508
63.37999999999496         0.15879507240914909
63.39999999999493         0.15834139295783645
63.41999999999493         0.15873454822280184
63.43999999999492         0.1599846871025963
63.459999999994906        0.16212347794348794
63.4799999999949          0.165205777523334
63.49999999999492         0.16931260188466538
63.5199999999949          0.17455565642730103
63.53999999999489         0.18108381493304646
63.559999999994886        0.1890921610856034
63.57999999999489         0.19883435807423325
63.59999999999487         0.21063942506502967
63.61999999999489         0.2249342842779015
63.639999999994856        0.24227352396613322
63.65999999999486         0.2633771154465051
63.67999999999485         0.2891725804196091
63.699999999994844        0.3208387877915882
63.71999999999483         0.35974785203715137
63.73999999999484         0.4071501040034059
63.75999999999483         0.4629683028956109
63.77999999999483         0.5230512410376448
63.799999999994874        0.5773103784451116
63.819999999994906        0.6155827959624289
63.839999999994916        0.637082902813317
63.85999999999489         0.6474884202820671
63.8799999999949          0.6519724284482595
63.899999999994876        0.6531946864722986
63.919999999994886        0.6519076893075487
63.9399999999949          0.6473596196561832
63.959999999994885        0.6368994539016621
63.97999999999486         0.6153439046888103
63.99999999999483         0.577026242865026
64.01999999999477         0.52273687512106
64.03999999999476         0.4626364056388202
64.0599999999947          0.4068063135498407
64.07999999999467         0.359392494893318
64.09999999999468         0.32046983520085626
64.11999999999465         0.28878723971672654
64.13999999999466         0.2629693035300556
64.15999999999465         0.2418434850843077
64.17999999999465         0.22447991330696626
64.19999999999463         0.21015813212476567
64.21999999999463         0.19832479653144422
64.23999999999461         0.18855002524306552
64.25999999999463         0.18050665918083722
64.27999999999459         0.17394099099163018
64.29999999999458         0.16865783623289682
64.3199999999946          0.1645081664850144
64.33999999999459         0.16138008152539954
64.35999999999457         0.15919231618319996
64.37999999999457         0.15788969499746966
64.39999999999458         0.15744013504781285
64.41999999999457         0.15783294030210238
64.43999999999457         0.15907824193207173
64.45999999999455         0.1612075377972146
64.47999999999455         0.16427537869222647
64.49999999999453         0.16836262167837707
64.51999999999454         0.17357998579964942
64.53999999999454         0.18007578284921627
64.55999999999455         0.18804409730324909
64.57999999999451         0.19773726501964617
64.59999999999451         0.20948258257001048
64.6199999999945          0.22370474666477666
64.6399999999945          0.2409554771628968
64.65999999999447         0.26195106014144187
64.67999999999448         0.28761497425540217
64.69999999999447         0.31910948276582346
64.71999999999447         0.3577943304927178
64.73999999999447         0.40490776612683127
64.75999999999448         0.4604146606422018
64.77999999999452         0.5202883795868728
64.79999999999453         0.5742592813008138
64.81999999999455         0.6123200983010779
64.83999999999459         0.633696870753714
64.85999999999456         0.6440420362671594
64.87999999999457         0.6485008320836287
64.89999999999458         0.6497174683023972
64.91999999999456         0.6484399079894542
64.93999999999454         0.6439208669241777
64.95999999999455         0.633533613701424
64.97999999999452         0.6121859419919956
64.99999999999447         0.5741624816419709
65.01999999999444         0.5200075312966765
65.03999999999438         0.46020667523936387
65.05999999999437         0.40466456965577113
65.07999999999433         0.3574951284714184
65.0999999999943          0.31877341967164263
65.11999999999432         0.28725470257200203
65.1399999999943          0.261570534937353
65.15999999999433         0.2405543590295052
65.17999999999428         0.22328108525362889
65.19999999999428         0.20903396104069438
65.21999999999427         0.1972611947215807
65.23999999999427         0.18753810526838643
65.25999999999425         0.17953740823775297
65.27999999999426         0.17300674342427505
65.29999999999424         0.16775197212032514
65.31999999999425         0.1636250557385502
65.33999999999425         0.1605143066125187
65.35999999999426         0.1583391766162756
65.37999999999423         0.1570447920285233
65.39999999999422         0.1565992419644488
65.41999999999423         0.15699189596061275
65.43999999999421         0.15823284837631352
65.45999999999422         0.1603534524086226
65.4799999999942          0.16340799422295094
65.4999999999942          0.16747665119706523
65.5199999999942          0.17266999335092514
65.53999999999418         0.17913541777518055
65.55999999999418         0.187066060882574
65.57999999999416         0.19671302500475546
65.59999999999415         0.20840383168269763
65.61999999999416         0.22255809185014824
65.63999999999416         0.23972612952340466
65.65999999999416         0.2606207605149275
65.67999999999418         0.2861610345337175
65.69999999999415         0.3175036482745535
65.71999999999414         0.3560018678368352
65.73999999999414         0.4028879887215137
65.75999999999412         0.45812668867654743
65.77999999999415         0.5177221632250709
65.79999999999416         0.5715799446508674
65.8199999999942          0.6093646776719979
65.83999999999419         0.6305464283153822
65.85999999999422         0.6408270898333039
65.8799999999942          0.645262700579263
65.8999999999942          0.6464742674140688
65.91999999999419         0.6452055303429914
65.93999999999417         0.6407133387837819
65.95999999999417         0.6303851643487979
65.97999999999416         0.6091543840867045
65.99999999999413         0.5713298416656416
66.0199999999941          0.5174462673773736
66.03999999999404         0.4578362755633481
66.05999999999402         0.40258789414556156
66.07999999999397         0.3556924114148945
66.09999999999395         0.31718309871575984
66.11999999999395         0.2858268833701226
66.13999999999395         0.26026721846887174
66.15999999999394         0.23935369083719385
66.17999999999394         0.22216496744331912
66.19999999999393         0.2079877593688756
66.21999999999393         0.19627293460646159
66.23999999999393         0.18659788062983018
66.25999999999391         0.17863691486707314
66.27999999999392         0.17213891419274163
66.2999999999939          0.16691069049766816
66.31999999999391         0.16280475055066
66.33999999999386         0.15971036352383647
66.3599999999939          0.15754713613450974
66.37999999999387         0.15626051196148263
66.39999999999388         0.15581878408638225
66.41999999999386         0.15621137227930645
66.43999999999384         0.15744836106571528
66.45999999999385         0.15956096030169864
66.47999999999385         0.16260321187983373
66.49999999999383         0.1666549278123535
66.51999999999384         0.17182616343520535
66.53999999999384         0.17826362081336297
66.55999999999383         0.1861595519096955
66.57999999999386         0.19576393011483129
66.59999999999381         0.20740097897341422
66.61999999999381         0.22149141524283686
66.63999999999382         0.23858192860833521
66.65999999999381         0.2593827000307315
66.6799999999938          0.2848110744655766
66.69999999999379         0.31601239800403613
66.71999999999379         0.35433702613141044
66.73999999999378         0.4010117701820586
66.75999999999377         0.45600112278650873
66.77999999999379         0.5153255837801539
66.79999999999382         0.5689331639591225
66.81999999999383         0.6065357590032472
66.83999999999384         0.62761212443807
66.85999999999385         0.6378360252619126
66.87999999999384         0.6422527953271737
66.89999999999382         0.6434625872211008
66.91999999999382         0.6422049859106841
66.93999999999386         0.6377404731100651
66.95999999999383         0.6274622673121677
66.97999999999382         0.6063406452687987
66.9999999999938          0.5687014782501216
67.01999999999377         0.515070186483208
67.03999999999367         0.4557323276978175
67.05999999999366         0.4007340896232908
67.07999999999362         0.35405083574110563
67.0999999999936          0.315716107663412
67.11999999999358         0.2845023505561582
67.13999999999359         0.25906216921928865
67.15999999999357         0.2382441283538797
67.17999999999357         0.22113345294013878
67.19999999999355         0.2070206507983726
67.21999999999355         0.19535923899522567
67.23999999999354         0.18572766613427258
67.25999999999358         0.17780375767447643
67.27999999999354         0.17133625772284578
67.29999999999352         0.16613286473679748
67.31999999999353         0.16204676323957184
67.33999999999352         0.15896772990392216
67.3599999999935          0.15681573434071072
67.37999999999352         0.15553646475695967
67.39999999999351         0.15509838431283696
67.41999999999351         0.15549104462789187
67.43999999999349         0.15672450764504675
67.45999999999349         0.1588298764052334
67.47999999999348         0.1618609653802905
67.49999999999346         0.16589725449377996
67.51999999999346         0.17104793979112592
67.53999999999346         0.17745972538155963
67.55999999999348         0.18532375784269925
67.57999999999343         0.19488894308159013
67.59999999999344         0.20647814280608243
67.61999999999344         0.2205103271557729
67.63999999999342         0.2375298902452732
67.65999999999342         0.25824401716357553
67.67999999999341         0.2835655037947739
67.6999999999934          0.3146453909364392
67.7199999999934          0.3528337609843043
67.73999999999342         0.3993579806105697
67.7599999999934          0.45414069387310096
67.77999999999344         0.5131136985692871
67.79999999999346         0.5664905906399103
67.8199999999935          0.6039257757168316
67.83999999999354         0.6249055180192757
67.85999999999352         0.6350822899457776
67.87999999999353         0.6394794003364882
67.89999999999351         0.640684851828834
67.91999999999351         0.6394346760553874
67.9399999999935          0.6349928808619348
67.95999999999347         0.6247561829486385
67.97999999999347         0.6036540865128853
67.99999999999343         0.5661057646059701
68.01999999999339         0.5128609326620548
68.03999999999334         0.4538893158382689
68.05999999999328         0.39902190071937915
68.07999999999328         0.35253530649346015
68.09999999999324         0.3143623424625766
68.11999999999323         0.28328057914284294
68.13999999999322         0.25794822860006095
68.15999999999325         0.23721864639947834
68.17999999999323         0.22018087954266574
68.1999999999932          0.20612840088486364
68.21999999999319         0.19451703093347533
68.2399999999932          0.18492788153726292
68.25999999999318         0.17703811102503728
68.2799999999932          0.17059878112600538
68.29999999999318         0.16541838683121254
68.31999999999317         0.16135072375821932
68.33999999999315         0.15828592072355538
68.35999999999314         0.1561445502174357
68.37999999999315         0.15487236281982672
68.39999999999314         0.15443795713827918
68.41999999999314         0.15483094377147918
68.43999999999312         0.15606138939484254
68.45999999999313         0.15816031598895663
68.47999999999311         0.16118135293720742
68.49999999999312         0.16520366877126494
68.51999999999312         0.17033643504771506
68.53999999999309         0.17672517342117153
68.55999999999308         0.18456057631622275
68.57999999999309         0.19409060037740125
68.59999999999307         0.2056350522200344
68.61999999999306         0.2196142462575835
68.63999999999307         0.23656920170412307
68.65999999999306         0.2572043692721747
68.67999999999309         0.2824290194512885
68.69999999999304         0.3133897719351821
68.71999999999304         0.35143155740943893
68.73999999999305         0.3977770389101656
68.75999999999306         0.4523488485629005
68.77999999999308         0.5110795298632173
68.79999999999312         0.5640915100688088
68.81999999999316         0.6014522291442012
68.83999999999318         0.6224230113450541
68.85999999999318         0.6325699474120016
68.87999999999317         0.6369430358297868
68.89999999999317         0.638143773542221
68.91999999999315         0.6368998538639818
68.93999999999316         0.6324788258236523
68.95999999999317         0.622289102964587
68.97999999999311         0.601281259886282
68.99999999999308         0.5638945486194569
69.01999999999305         0.510872256906857
69.03999999999296         0.452145629570614
69.05999999999295         0.3975862181306305
69.0799999999929          0.3512562630041531
69.09999999999287         0.313230426087744
69.11999999999286         0.2822849707608618
69.1399999999929          0.2570747346546779
69.15999999999286         0.2364563025390635
69.17999999999284         0.21951381670761594
69.19999999999284         0.20554672288533207
69.21999999999284         0.19401316566980867
69.23999999999283         0.18449613508046606
69.25999999999283         0.17667433172074595
69.27999999999282         0.17030010992691658
69.2999999999928          0.16518307494402978
69.31999999999282         0.16117800336165017
69.33999999999281         0.15817602868751784
69.35999999999284         0.1560983045427706
69.37999999999279         0.15489158111365328
69.3999999999928          0.154525292255454
