% Model:              Untitled.mph
% Version:            COMSOL 5.6.0.280
% Date:               Sep 14 2021, 16:39
% Dimension:          1
% Nodes:              1062
% Expressions:        1
% Description:        线图
% cln2x                   Height
20.350000000000005        0.1515152306316006
20.36000000000004         0.15149691197946227
20.38000000000005         0.15192394242155213
20.40000000000005         0.15297959458018356
20.42000000000005         0.15468837907500813
20.440000000000047        0.15708965965616142
20.460000000000047        0.16023955127410086
20.480000000000054        0.1642134824072169
20.500000000000057        0.16911074313910776
20.52000000000006         0.17505875885727032
20.540000000000056        0.18222077683104157
20.56000000000006         0.19080530059604617
20.58000000000006         0.20107897769435476
20.60000000000006         0.21338392604014492
20.620000000000065        0.22816090531037186
20.64000000000007         0.24597984240689574
20.66000000000007         0.2675785531141229
20.680000000000074        0.29390706864296434
20.70000000000008         0.32616130446825703
20.720000000000077        0.3657423032173627
20.740000000000084        0.4139232581832525
20.76000000000008         0.47052318435608564
20.78000000000008         0.5316562415657796
20.800000000000075        0.5868877888886012
20.82000000000008         0.6255561045894281
20.840000000000078        0.6469522631967013
20.860000000000092        0.6566605096666585
20.880000000000084        0.6593869234111108
20.900000000000087        0.656711971119431
20.920000000000094        0.6470341061379727
20.940000000000094        0.6255914531585758
20.960000000000097        0.5868631899949717
20.9800000000001          0.5317908821465266
21.000000000000096        0.4707568695055077
21.020000000000113        0.41394031348794524
21.040000000000106        0.3657674331879561
21.06000000000011         0.32616905028703014
21.08000000000011         0.2938794719762627
21.100000000000115        0.2675068616289899
21.120000000000115        0.24585963923431528
21.140000000000118        0.22798916617511944
21.16000000000012         0.21315772109608774
21.180000000000124        0.20079496394603405
21.200000000000124        0.19045948067398855
21.220000000000127        0.18180835105600798
21.24000000000013         0.17457404566916884
21.26000000000013         0.168547123577866
21.280000000000125        0.1635633535984188
21.30000000000014         0.15949397450930383
21.32000000000014         0.15623919869245007
21.340000000000142        0.1537219235423983
21.36000000000014         0.15188462577621237
21.380000000000145        0.15068637520327946
21.400000000000144        0.1501009029160841
21.42000000000015         0.15011539064558863
21.440000000000143        0.15072989816175003
21.460000000000154        0.151957392461623
21.480000000000157        0.15382434079865262
21.500000000000156        0.15637191027081832
21.520000000000156        0.1596578843073569
21.540000000000163        0.16375944686585794
21.560000000000162        0.16877705589211
21.580000000000165        0.17483927705255123
21.60000000000017         0.18211150635339052
21.62000000000016         0.19080342512073378
21.640000000000178        0.2011832583780335
21.660000000000178        0.21359485478850243
21.680000000000174        0.22848093227097274
21.70000000000017         0.2464136972674292
21.720000000000184        0.26813366077602363
21.74000000000018         0.29459405117086895
21.760000000000186        0.3269945100965289
21.78000000000019         0.3667401364675709
21.80000000000019         0.41510744216762235
21.82000000000019         0.4720198732071311
21.840000000000185        0.5332631530135608
21.860000000000184        0.5886900490205021
21.880000000000184        0.6275006384097834
21.900000000000187        0.6489795273783684
21.920000000000186        0.6587267859878276
21.940000000000186        0.661464911323282
21.960000000000196        0.6587807602436884
21.980000000000192        0.6490677692193815
22.000000000000195        0.6275496348622573
22.020000000000195        0.588693218012765
22.040000000000205        0.533450134759033
22.06000000000021         0.47223456375130585
22.080000000000208        0.41533302709911624
22.100000000000225        0.3669745106585865
22.12000000000022         0.32722893044400486
22.140000000000217        0.29484788053153277
22.160000000000217        0.2684013997699514
22.180000000000224        0.24669431477763448
22.200000000000227        0.2287751155221129
22.220000000000226        0.21390384267034254
22.24000000000023         0.20150842656261103
22.26000000000024         0.1911461232019644
22.280000000000236        0.18247298800555442
22.30000000000024         0.17522069145546917
22.320000000000235        0.1691791613337293
22.34000000000024         0.1641836736675101
22.36000000000024         0.1601052315672864
22.380000000000244        0.15684341833351004
22.400000000000244        0.15432104884451364
22.420000000000254        0.15248058148418603
22.440000000000254        0.1512808697973193
22.460000000000253        0.15069558927908985
22.48000000000026         0.15071191681112442
22.500000000000256        0.15132994822182136
22.520000000000262        0.1525627048676611
22.540000000000262        0.15443674470181956
22.560000000000276        0.15699337745618328
22.58000000000027         0.16029058655739087
22.600000000000264        0.16440582159019934
22.620000000000275        0.16943988459895507
22.64000000000027         0.1755222297083431
22.66000000000027         0.1828174701769164
22.680000000000273        0.19153734951957116
22.70000000000028         0.20195055951053187
22.720000000000287        0.21440212287081908
22.740000000000283        0.22933626724077621
22.760000000000286        0.24732713926265917
22.78000000000029         0.2691177511191423
22.80000000000029         0.2956645500845589
22.820000000000288        0.32817123129061065
22.8400000000003          0.3680476298360388
22.860000000000298        0.4165746470648637
22.880000000000308        0.47367624277702297
22.900000000000297        0.5351156640137326
22.9200000000003          0.5905795397421366
22.940000000000293        0.6297058593556623
22.960000000000292        0.6512714988876008
22.98000000000029         0.6610602002383406
23.00000000000029         0.6638109560755656
23.020000000000298        0.6611167429772079
23.04000000000031         0.6513647219843698
23.060000000000308        0.6297619182927657
23.08000000000031         0.5907610597304842
23.10000000000032         0.5353249788860068
23.120000000000317        0.4739037431398474
23.140000000000327        0.4168144148694307
23.16000000000033         0.36829752752654404
23.180000000000337        0.3284313289361989
23.200000000000337        0.2959359723027558
23.220000000000333        0.2694052271740468
23.24000000000034         0.2476290582470979
23.260000000000343        0.22965340822086475
23.28000000000034         0.21473579425043368
23.30000000000035         0.2023021898918133
23.320000000000345        0.19190834397978995
23.34000000000036         0.18320916672442775
23.36000000000035         0.17593543377291374
23.380000000000358        0.16987636596397654
23.40000000000036         0.16486666214984977
23.420000000000364        0.1607768768884257
23.44000000000036         0.1575062522626358
23.460000000000367        0.15497740908361052
23.480000000000366        0.1531324160613356
23.500000000000377        0.15193017900605651
23.52000000000037         0.1513442118178118
23.54000000000038         0.1513616617673797
23.560000000000375        0.15198266303082714
23.580000000000382        0.15322032204818706
23.60000000000038         0.15510130606267747
23.62000000000039         0.15766706098742503
23.64000000000039         0.16097576732478552
23.660000000000387        0.1651051479557993
23.68000000000039         0.17015636569765186
23.700000000000394        0.1762593406395098
23.720000000000393        0.18357993808563622
23.740000000000396        0.19232965107487418
23.7600000000004          0.20277725395446983
23.780000000000403        0.21527122922904773
23.800000000000413        0.23025645868712624
23.82000000000041         0.24830914911922072
23.84000000000041         0.2701749908391777
23.860000000000408        0.29681387506490836
23.880000000000415        0.3294338463972283
23.90000000000041         0.3694498094961611
23.920000000000414        0.41814736580872186
23.94000000000042         0.47545106994018127
23.96000000000042         0.5371121042855036
23.980000000000413        0.5927848171492348
24.00000000000041         0.6319808436280921
24.020000000000408        0.653722217304873
24.04000000000041         0.6635621558874593
24.060000000000414        0.6663268147805923
24.08000000000042         0.6636219653816426
24.100000000000417        0.6538279872482166
24.12000000000043         0.6321340248352363
24.140000000000423        0.5929779400775733
24.16000000000043         0.5373350128405783
24.180000000000437        0.47569373402983817
24.20000000000044         0.41840361079806926
24.220000000000447        0.369717408746342
24.240000000000446        0.3297128636884775
24.260000000000463        0.2971054375070578
24.28000000000046         0.270480657788757
24.300000000000466        0.24863384632055305
24.32000000000046         0.23059784159659175
24.34000000000047         0.21563069542591853
24.360000000000465        0.20315628773187613
24.380000000000468        0.19272874366233808
24.40000000000047         0.1840017191257058
24.420000000000485        0.17670503844675062
24.44000000000047         0.17062718712248184
24.46000000000048         0.16560227805509062
24.48000000000048         0.16150038371416928
24.500000000000487        0.15822036677952347
24.520000000000486        0.1556845658166216
24.540000000000482        0.1538348850656347
24.5600000000005          0.1526299853326843
24.580000000000492        0.15204334232468916
24.600000000000495        0.15206208295618576
24.6200000000005          0.15268631447455003
24.640000000000498        0.15392920562208065
24.660000000000498        0.1558175545988147
24.6800000000005          0.15839299944777094
24.700000000000504        0.1617139562367617
24.720000000000518        0.16585843796383185
24.740000000000506        0.17092798428656888
24.760000000000517        0.17705300839519533
24.78000000000051         0.18440001181353355
24.80000000000052         0.19318130327076152
24.82000000000052         0.2036680755491415
24.84000000000053         0.21620796689824046
24.86000000000052         0.23124586718579823
24.880000000000532        0.2493646434563908
24.900000000000524        0.27131091062724483
24.920000000000528        0.29804826726184586
24.940000000000534        0.3307894042156668
24.960000000000537        0.3709546326651473
24.980000000000537        0.4198345696163071
25.00000000000054         0.47735444494863016
25.020000000000536        0.5392527219123954
25.040000000000543        0.5951495160655955
25.06000000000053         0.6345153229001156
25.080000000000535        0.6563582181166836
25.10000000000053         0.666252827957005
25.120000000000534        0.6690264983919328
25.140000000000533        0.6663099625770802
25.16000000000054         0.6564702639048723
25.180000000000536        0.634677352394688
25.200000000000543        0.5953536853083445
25.22000000000055         0.5394887086032437
25.240000000000556        0.47761203629045945
25.260000000000563        0.420107384227303
25.28000000000056         0.37124031179116407
25.300000000000573        0.3310879698891139
25.320000000000576        0.29836083287281157
25.34000000000058         0.2716390257113029
25.360000000000582        0.24970998931396082
25.380000000000578        0.23161009643430125
25.400000000000585        0.2165926422509846
25.42000000000058         0.20407461106411004
25.44000000000059         0.1936110458687099
25.460000000000587        0.18485425318401214
25.480000000000604        0.17753300731560753
25.5000000000006          0.17143499045761673
25.520000000000596        0.16639371028014782
25.54000000000059         0.16227876275319109
25.560000000000606        0.1589886226710635
25.580000000000606        0.15644531203546547
25.600000000000605        0.15459050369390426
25.620000000000616        0.1533827011898154
25.640000000000622        0.15279529188630267
25.660000000000608        0.15281532916682034
25.680000000000618        0.15344296894689788
25.70000000000062         0.15469140917220056
25.72000000000062         0.1565875580647206
25.740000000000624        0.1591732228406151
25.76000000000062         0.16250706752511476
25.780000000000623        0.16666744285408233
25.800000000000637        0.17175631675011155
25.820000000000636        0.17790463667493703
25.840000000000625        0.1852795765613555
25.860000000000632        0.19409430419698076
25.880000000000635        0.20462111212139084
25.900000000000635        0.21720904318308465
25.920000000000645        0.232307430607168
25.940000000000655        0.2504935765984431
25.960000000000647        0.27252507338817045
25.98000000000065         0.2993667914624844
26.000000000000654        0.332236299952796
26.020000000000657        0.37255958050692956
26.04000000000066         0.4216325124582426
26.060000000000652        0.4793811478343084
26.080000000000645        0.541531108971087
26.100000000000648        0.597667298796523
26.120000000000648        0.6372165138688353
26.140000000000647        0.6591701362994611
26.16000000000064         0.6691181439425145
26.18000000000064         0.6719081672351934
26.200000000000635        0.6691729023588617
26.220000000000645        0.6592895130816483
26.24000000000065         0.6373893864092084
26.26000000000066         0.5978853634759267
26.28000000000067         0.5417831573660584
26.300000000000672        0.4796561548352748
26.320000000000686        0.42192374881224365
26.34000000000069         0.37286468340553414
26.360000000000692        0.3325554146915561
26.380000000000692        0.2997011629966013
26.400000000000695        0.2728763443120409
26.4200000000007          0.25086348095373806
26.440000000000698        0.23269504101577854
26.4600000000007          0.21761934008579936
26.480000000000697        0.205055505041192
26.500000000000707        0.19455504189978517
26.520000000000714        0.18576660765912192
26.540000000000706        0.17841925328008898
26.560000000000716        0.17229978554352507
26.580000000000716        0.16724103260815576
26.60000000000072         0.1631120835517031
26.620000000000722        0.15981103292712726
26.640000000000725        0.15725960385418541
26.660000000000732        0.15539922685994204
26.680000000000728        0.15418822272938384
26.700000000000728        0.15359986722246596
26.72000000000074         0.15362116491872346
26.74000000000074         0.15425225839360862
26.760000000000737        0.1555064699511218
26.78000000000074         0.1574107648878996
26.800000000000736        0.1600071525786897
26.820000000000746        0.16335454890184659
26.84000000000075         0.167531639139228
26.860000000000763        0.17264082950296572
26.880000000000756        0.1788136336607421
26.900000000000755        0.18621795101585115
26.92000000000076         0.19506786879146057
26.940000000000754        0.20563684813371402
26.96000000000076         0.21827543197703508
26.98000000000076         0.23343489200780201
27.000000000000764        0.25169832279742943
27.020000000000774        0.27381994019822414
27.04000000000077         0.3007688998508944
27.06000000000077         0.333774402284956
27.080000000000773        0.37426522196125506
27.100000000000776        0.4235428489114179
27.120000000000775        0.48153418822870747
27.14000000000077         0.5439510692977024
27.160000000000768        0.600340721482455
27.180000000000774        0.6400835736320423
27.200000000000767        0.6621537565372846
27.22000000000077         0.6721577408311258
27.24000000000076         0.6749645964805039
27.260000000000762        0.6722151181232187
27.28000000000076         0.6622843312753873
27.30000000000078         0.6403520148054872
27.320000000000775        0.6005655687167556
27.3400000000008          0.5442115400244268
27.360000000000795        0.4818200308936063
27.380000000000805        0.4238474074938875
27.40000000000081         0.3745858929930639
27.420000000000815        0.33411111674624927
27.440000000000815        0.3011227776913152
27.46000000000082         0.27418931881873865
27.480000000000828        0.25208808617950595
27.50000000000083         0.2338473886294926
27.520000000000827        0.21871232484572037
27.540000000000827        0.2060995578725114
27.560000000000834        0.19555771370869035
27.58000000000084         0.18673686190711108
27.60000000000084         0.1793619593367948
27.620000000000836        0.1732198642632648
27.640000000000857        0.16814268088600715
27.660000000000842        0.1639989311955074
27.68000000000085         0.16068627764133053
27.70000000000085         0.15812613698687866
27.72000000000085         0.15625972061801024
27.740000000000848        0.15504518519811278
27.76000000000086         0.15445568412563046
27.780000000000868        0.15447815570931064
27.800000000000864        0.15511274200437583
27.820000000000864        0.1563727879882028
27.84000000000087         0.1582854359439855
27.860000000000866        0.16089295649696184
27.880000000000873        0.16425438045722898
27.900000000000876        0.16844880843533586
27.92000000000088         0.1735791054470878
27.940000000000886        0.17977737495764082
27.960000000000885        0.18721227051936787
27.98000000000089         0.19609884272058195
28.000000000000888        0.20671178527994738
28.02000000000089         0.21940322283128535
28.04000000000089         0.2346264639126982
28.060000000000898        0.25296723282082517
28.080000000000904        0.27518313856418136
28.100000000000904        0.30224836725626325
28.120000000000907        0.3353865775875937
28.140000000000903        0.3760617028738991
28.1600000000009          0.42555364385397365
28.18000000000089         0.4837991863011256
28.20000000000089         0.5464959758854905
28.220000000000887        0.6031521847356506
28.24000000000088         0.643099566284033
28.260000000000872        0.6652933537739004
28.28000000000087         0.6753568669559267
28.300000000000885        0.6781818155524362
28.320000000000874        0.6754177966478927
28.34000000000088         0.6654312063930085
28.360000000000884        0.6433792649227672
28.380000000000887        0.6035625173319109
28.4000000000009          0.5467727955888722
28.420000000000925        0.4841025905936417
28.44000000000092         0.4258765907163319
28.46000000000093         0.37640165154775607
28.48000000000094         0.3357525813476435
28.500000000000934        0.3026231977479583
28.52000000000094         0.27557559680309046
28.540000000000944        0.2533816588727063
28.56000000000095         0.2350652871306482
28.580000000000943        0.21986812544216214
28.600000000000946        0.20720419673669818
28.620000000000953        0.19662011266607732
28.640000000000956        0.18776371499748534
28.660000000000956        0.1803602836483245
28.680000000000963        0.17419507773473114
28.70000000000097         0.16909872738061546
28.720000000000965        0.16493962257045153
28.74000000000097         0.16161496216507606
28.76000000000096         0.15904580664673798
28.78000000000097         0.1571731111696517
28.800000000000974        0.15595487255921878
28.820000000000977        0.15536415449171592
28.840000000000977        0.1553878494042338
28.860000000000987        0.1560260929295134
28.880000000000983        0.1572922823965662
28.900000000000986        0.1592136829425606
28.920000000000986        0.16183266514608133
28.940000000000992        0.16520868041214332
28.960000000000996        0.1694213399783459
28.980000000000995        0.17457365463499197
29.000000000000995        0.18079848823113565
29.020000000001005        0.1882652830485578
29.040000000001005        0.1971900967425447
29.060000000001004        0.20784891066092395
29.080000000001007        0.2205955006144678
29.10000000000101         0.2358852992771934
29.120000000001014        0.2543067694469311
29.140000000001017        0.2766210473023983
29.16000000000103         0.3038068232747022
29.180000000001026        0.33709335494198406
29.200000000001022        0.3779165892460503
29.220000000001022        0.42766611545330446
29.240000000001018        0.486176218370193
29.260000000001018        0.5491653621007558
29.280000000000996        0.6061027298935749
29.300000000000995        0.6462691146305559
29.32000000000098         0.6685969153412141
29.340000000000988        0.6787253053066414
29.360000000000998        0.6815698778407138
29.380000000000997        0.6787897603958967
29.40000000000099         0.6687420374206595
29.420000000001007        0.6465601003444874
29.44000000000101         0.6065275040092092
29.460000000001013        0.5494679751776242
29.480000000001024        0.48638808574420106
29.500000000001044        0.42800710427395416
29.52000000000105         0.3783099055124583
29.540000000001058        0.33747914735610407
29.56000000000106         0.3042025872629706
29.58000000000106         0.27703578267965767
29.60000000000106         0.25474497204195307
29.620000000001074        0.23634952176534407
29.640000000001073        0.22108749877596473
29.660000000001073        0.20837012361158702
29.68000000000108         0.19774187119193265
29.700000000001076        0.18884895125928833
29.72000000000108         0.18141539111566235
29.740000000001082        0.17522513630425174
29.76000000000109         0.17010876159454635
29.780000000001095        0.16593373812595702
29.800000000001088        0.16259644860623684
29.820000000001084        0.16001780192342763
29.840000000001094        0.15813847572760487
29.860000000001094        0.15691626849558543
29.880000000001104        0.15632412612118055
29.900000000001103        0.156348905174738
29.920000000001096        0.15699077127312028
29.940000000001113        0.1582631978028936
29.960000000001113        0.16019357372256993
29.98000000000112         0.16282446409517518
30.00000000000112         0.16621560334892788
30.02000000000112         0.17044677428560462
30.040000000001122        0.17562212507313307
30.060000000001125        0.1818745287962718
30.080000000001135        0.18937446620899234
30.10000000000113         0.1983390506342876
30.12000000000113         0.2090456141640845
30.14000000000113         0.22184966584803678
30.160000000001133        0.2372088697395652
30.180000000001137        0.25571456813150706
30.20000000000114         0.2781316100067367
30.220000000001146        0.3054434325037994
30.24000000000115         0.3388852002374538
30.260000000001146        0.3798997044770783
30.280000000001145        0.4298006950437364
30.30000000000115         0.48856182656637637
30.320000000001134        0.5519665382330822
30.34000000000113         0.6091975626888464
30.360000000001108        0.6495913827372773
30.380000000001115        0.6720576911455461
30.400000000001103        0.6822528770481675
30.420000000001107        0.6851173651158875
30.44000000000112         0.6823199791889275
30.46000000000112         0.6722078774653235
30.48000000000112         0.6498894665371316
30.500000000001137        0.6096306966340544
30.52000000000115         0.5522786463554588
30.540000000001175        0.4888942851529824
30.560000000001185        0.43015555129929295
30.580000000001185        0.3802743865175178
30.6000000000012          0.33928892327276533
30.6200000000012          0.3058589066486473
30.640000000001194        0.2785678692917474
30.660000000001205        0.25617614734026395
30.680000000001208        0.2376983676167844
30.70000000000121         0.22236888595348628
30.7200000000012          0.20959602340308342
30.740000000001203        0.1989219703872714
30.76000000000121         0.18999118435018006
30.780000000001213        0.18252635707055875
30.800000000001212        0.176310423729203
30.82000000000122         0.17117315623657214
30.84000000000123         0.16698123678439553
30.86000000000122         0.16363099344583348
30.880000000001225        0.1610425050085993
30.900000000001228        0.15915631204158226
30.920000000001227        0.15793000962132328
30.94000000000123         0.15733641208123383
30.96000000000123         0.15736231057181405
30.980000000001233        0.1580078779028029
31.00000000000124         0.15928667477847408
31.020000000001232        0.1612262516877411
31.04000000000124         0.16386939677900775
31.06000000000124         0.1672761374423639
31.080000000001245        0.17152664648972427
31.10000000000124         0.17672527670337265
31.120000000001244        0.18300604920039046
31.140000000001248        0.19054074048464373
31.160000000001258        0.19954649927325802
31.180000000001254        0.2103025201586077
31.20000000000125         0.22316611349752333
31.220000000001253        0.23859726138446677
31.240000000001256        0.25719029545690064
31.260000000001252        0.2797139150671563
31.28000000000126         0.30715647115053507
31.30000000000125         0.3407592313008331
31.32000000000125         0.3819720620036079
31.340000000001236        0.43211531586208085
31.36000000000123         0.4911641056285723
31.38000000000122         0.5548966749861652
31.400000000001207        0.61259772958498
31.420000000001195        0.6530598205261657
31.440000000001202        0.6756733711617364
31.46000000000121         0.6859398260101336
31.48000000000121         0.6888256280434147
31.500000000001222        0.6860099872991477
31.520000000001215        0.6758296969134037
31.54000000000122         0.6533671166860355
31.560000000001224        0.6128706184034682
31.58000000000123         0.5552129496000638
31.600000000001245        0.4915117632666671
31.62000000000125         0.432487080949603
31.64000000000125         0.3823653419593078
31.660000000001258        0.3411742730170384
31.680000000001243        0.307594119354542
31.700000000001246        0.2801742636594294
31.72000000000124         0.2576779708302957
31.740000000001253        0.23911493816862286
31.760000000001266        0.22371566241236576
31.78000000000126         0.21088546904619596
31.800000000001265        0.200164214593141
31.820000000001258        0.1911945075102389
31.84000000000127         0.18369759243705777
31.86000000000126         0.1774553051655605
31.880000000001253        0.17229659457347293
31.900000000001267        0.16808750833207645
31.92000000000128         0.16472376513082848
31.940000000001266        0.16212528319604863
31.960000000001287        0.16023220517725176
31.980000000001272        0.15900181589816492
32.00000000000127         0.15840686399535556
32.020000000001275        0.15843407755050953
32.040000000001285        0.1590836322196685
32.060000000001274        0.1603691573051222
32.08000000000129         0.16231834760497169
32.10000000000129         0.16497422675691617
32.12000000000128         0.16839715427293378
32.14000000000129         0.17266773153201928
32.16000000000129         0.17789085342367103
32.180000000001286        0.1842012327039624
32.20000000000129         0.1917708669983411
32.22000000000129         0.20081908303461293
32.240000000001295        0.21162745769534946
32.2600000000013          0.22455291896446114
32.2800000000013          0.24005884285160836
32.3000000000013          0.25874267510486637
32.3200000000013          0.2813771223953796
32.340000000001304        0.3089556413998394
32.3600000000013          0.34272583216553215
32.3800000000013          0.38414489972816745
32.40000000000131         0.4345400593902947
32.420000000001295        0.49388806211862385
32.440000000001284        0.5579528282091353
32.46000000000128         0.6159765368625401
32.48000000000127         0.6567834937072595
32.500000000001265        0.6794625534453925
32.52000000000127         0.6898051460112271
32.54000000000127         0.6927136816559115
32.56000000000127         0.6898784138467209
32.5800000000013          0.6796251290470452
32.60000000000129         0.6570088814617083
32.6200000000013          0.6162609086233258
32.64000000000131         0.5582830061748583
32.66000000000133         0.49425198441939433
32.68000000000132         0.43493042626717204
32.70000000000133         0.38455915092480414
32.72000000000134         0.3431642885746999
32.74000000000134         0.3094199336143691
32.76000000000133         0.28186933583011664
32.78000000000133         0.2592615729381552
32.80000000000133         0.24061048921912598
32.82000000000133         0.225139238601218
32.84000000000133         0.21225002569875825
32.86000000000134         0.20148028768867896
32.88000000000133         0.19247075022698232
32.900000000001334        0.18494116842148386
32.92000000000134         0.17867217950425174
32.94000000000134         0.1734918102060548
32.96000000000134         0.1692654241417011
32.98000000000134         0.16588824354189127
33.00000000000134         0.16327979910536947
33.020000000001346        0.16137989077068327
33.04000000000136         0.1601456926787981
33.06000000000135         0.15954976225773718
33.080000000001355        0.1595787361730884
33.10000000000135         0.16023282373492745
33.120000000001355        0.16152573467615394
33.14000000000136         0.16348531821807893
33.16000000000136         0.1661548329254574
33.18000000000136         0.16959496833377033
33.20000000000137         0.1738867758258311
33.22000000000138         0.17913574166655127
33.240000000001366        0.18547733384087825
33.26000000000137         0.1930845025340846
33.28000000000137         0.20217778278911924
33.300000000001376        0.2130388909468772
33.32000000000137         0.22602898038997027
33.34000000000138         0.2416157426350712
33.36000000000139         0.2603953498668868
33.380000000001374        0.28314675539631784
33.40000000000138         0.3108688295246053
33.42000000000138         0.3448159116048998
33.44000000000138         0.38645300843761426
33.46000000000138         0.43711464819314005
33.48000000000137         0.496779348536037
33.500000000001364        0.5611958734642621
33.52000000000135         0.6195613109656293
33.54000000000135         0.6606373298050164
33.56000000000135         0.6834889087863928
33.58000000000135         0.6938991298077503
33.60000000000135         0.696837948847696
33.620000000001355        0.6939819946797093
33.640000000001365        0.6836516690213885
33.660000000001375        0.6608732042136385
33.68000000000138         0.6198595741068116
33.70000000000139         0.5615430113201038
33.72000000000139         0.4971630573398554
33.7400000000014          0.4375276490436349
33.7600000000014          0.3868929244573391
33.78000000000141         0.3452832754493467
33.800000000001404        0.31136545482597194
33.82000000000141         0.28367486035163053
33.84000000000141         0.26095717623896325
33.86000000000141         0.2422134016674073
33.88000000000141         0.22666438730128557
33.90000000000141         0.21371382604430242
33.920000000001416        0.2028938533536635
33.94000000000141         0.1938432011274852
33.96000000000142         0.18628007390004228
33.98000000000142         0.17998389203671372
34.000000000001435        0.17478170051650535
34.020000000001424        0.17053807649256889
34.04000000000143         0.16714765244593377
34.06000000000143         0.1645295476283251
34.08000000000143         0.16262328388417283
34.10000000000143         0.16138583132940462
34.12000000000143         0.16078960542464263
34.14000000000146         0.16082121641731145
34.16000000000143         0.16148084721074496
34.180000000001435        0.16278232560761105
34.20000000000144         0.1647536690066337
34.220000000001434        0.1674383982089615
34.24000000000144         0.1708975658731295
34.26000000000144         0.17521270477869574
34.28000000000145         0.18048992614033205
34.30000000000144         0.1868655053984749
34.32000000000146         0.19451342904237726
34.340000000001446        0.20365555689524073
34.36000000000145         0.21457529106915738
34.38000000000145         0.22763594013345675
34.400000000001455        0.24330525498212602
34.420000000001465        0.2621911184459629
34.440000000001454        0.285068919212965
34.46000000000146         0.31294610984978183
34.48000000000145         0.34708431498411896
34.500000000001464        0.38895698193275213
34.52000000000146         0.4399065385180518
34.54000000000145         0.4999134807955849
34.56000000000144         0.5647104930142605
34.58000000000143         0.6234464078089946
34.600000000001415        0.6648150803332676
34.620000000001426        0.6878473517594709
34.64000000000142         0.6983453396271012
34.660000000001425        0.7013101692252601
34.68000000000144         0.6984369251891458
34.70000000000143         0.6880142893506215
34.72000000000144         0.6650559940220883
34.74000000000145         0.6237509503705849
34.76000000000146         0.5650679697648591
34.780000000001465        0.5003142282072441
34.800000000001475        0.4403442137773031
34.820000000001485        0.38942924235380494
34.84000000000148         0.34759153929121783
34.86000000000149         0.3134899778234769
34.88000000000148         0.28565154869530274
34.90000000000149         0.2628146627883761
34.92000000000149         0.24397447615623016
34.94000000000149         0.22834928241565436
34.96000000000151         0.21533460204133056
34.98000000000149         0.20446156232241527
35.000000000001485        0.19536903016089163
35.020000000001495        0.187772104843905
35.04000000000149         0.18144890779952694
35.0600000000015          0.17622547349208242
35.08000000000149         0.17196558457426153
35.100000000001494        0.16856322506198987
35.12000000000149         0.1659370049648632
35.14000000000151         0.1640260881918526
35.1600000000015          0.16278723514034266
35.180000000001506        0.16219276377134365
35.20000000000151         0.16222925232392166
35.220000000001505        0.16289694228044124
35.24000000000151         0.1642097177572381
35.26000000000152         0.16619586620451463
35.28000000000153         0.16889919466465042
35.30000000000152         0.17238117701654296
35.32000000000152         0.1767239022018941
35.34000000000152         0.1820342010546938
35.36000000000153         0.1884492705445361
35.38000000000152         0.19614427205860055
35.40000000000153         0.2053425632596568
35.420000000001515        0.2163294614269306
35.440000000001525        0.2294707283206227
35.46000000000153         0.24523726623848494
35.48000000000152         0.26423763070093964
35.50000000000153         0.28725923640483714
35.520000000001524        0.31531605865651374
35.54000000000153         0.34967130915021066
35.56000000000153         0.3918113162583968
35.58000000000153         0.4430874330476592
35.600000000001515        0.5034825360356502
35.620000000001525        0.568711789009851
35.64000000000152         0.6278705606821626
35.66000000000151         0.6695756224304161
35.68000000000152         0.6928167575452253
35.70000000000151         0.703416626930346
35.72000000000151         0.7064120518872774
35.740000000001515        0.7035127723701526
35.76000000000152         0.6929858501105058
35.780000000001536        0.6697380604711946
35.80000000000154         0.6281964961785376
35.820000000001535        0.5690984893119648
35.84000000000155         0.5039216506669961
35.86000000000156         0.44357378884466475
35.88000000000156         0.39234350483544145
35.900000000001555        0.3502503710823406
35.92000000000158         0.3159441046252984
35.940000000001554        0.28794199796065745
35.960000000001564        0.26497408819851603
35.98000000000157         0.24602879115008472
36.00000000000156         0.23031914191191308
36.020000000001566        0.21723659131648798
36.04000000000157         0.20631011969018104
36.06000000000157         0.19717314729911595
36.08000000000157         0.1895418660128542
36.10000000000158         0.1831919113249981
36.120000000001575        0.1779481653399577
36.14000000000158         0.17367352149258516
36.16000000000158         0.1702612854419372
36.18000000000158         0.1676295511083454
36.20000000000159         0.16571707589162624
36.220000000001576        0.16448032085811426
36.2400000000016          0.16389142936233783
36.26000000000159         0.16393695283116563
36.28000000000158         0.16461722902756037
36.300000000001596        0.165946364838415
36.32000000000159         0.16795286825908246
36.340000000001595        0.17068086083214212
36.3600000000016          0.17419249328937905
36.3800000000016          0.17857047732791598
36.4000000000016          0.18392252872451137
36.4200000000016          0.19038697476839617
36.440000000001604        0.19814041589131443
36.46000000000161         0.20740804199017554
36.4800000000016          0.21847750826043863
36.50000000000161         0.23171756947453262
36.52000000000161         0.24760297272625909
36.54000000000162         0.2667472235009607
36.56000000000162         0.28994410201807774
36.58000000000161         0.31821497661126213
36.600000000001614        0.35284444657584624
36.62000000000161         0.395300704807977
36.640000000001606        0.4469743063524202
36.660000000001595        0.5078419553742698
36.68000000000159         0.5735978689074892
36.70000000000159         0.6332729623235488
36.720000000001576        0.6753900005043004
36.74000000000157         0.6988875333019108
36.76000000000157         0.7096126759541616
36.78000000000159         0.7126459985121941
36.80000000000158         0.7097155538939867
36.820000000001585        0.6990711662463984
36.84000000000159         0.6755769389561719
36.8600000000016          0.6334634851382556
36.88000000000164         0.5740355189892817
36.900000000001626        0.5083455973638834
36.92000000000163         0.4475405368271925
36.94000000000163         0.3959301689010502
36.960000000001635        0.3535306056535109
36.98000000000163         0.318980134384072
37.000000000001634        0.2907840266370643
37.020000000001644        0.26766199102628613
37.04000000000164         0.24859415242262872
37.06000000000165         0.23278705175679026
37.080000000001654        0.21962711965951043
37.10000000000163         0.20863946937324293
37.12000000000165         0.19945522901379623
37.14000000000164         0.19178667343863137
37.160000000001645        0.18540827653684136
37.180000000001655        0.18014424440117424
37.20000000000167         0.17585590934433878
37.220000000001654        0.1724357487795632
37.24000000000166         0.16980124093845858
37.26000000000166         0.16789070669350242
37.280000000001664        0.1666603206757995
37.30000000000166         0.16608205281194327
37.32000000000167         0.16614238190447297
37.340000000001666        0.16684169370360227
37.36000000000166         0.16819431223819842
37.38000000000167         0.17022912661792058
37.40000000000167         0.17299089219581015
37.420000000001664        0.17654230665491288
37.44000000000167         0.1809668292121467
37.46000000000166         0.1863736647909726
37.48000000000168         0.19290245249450544
37.50000000000168         0.20073164859059597
37.52000000000169         0.21008880445891417
37.540000000001676        0.22126458779446292
37.56000000000167         0.23463160989797358
37.58000000000168         0.2506695722644155
37.60000000000168         0.2699983595481307
37.62000000000168         0.29341995675222743
37.640000000001685        0.3219661934014834
37.66000000000168         0.3569346615931361
37.680000000001684        0.3998441366215282
37.700000000001694        0.4519921304548919
37.720000000001676        0.5134666333834522
37.740000000001665        0.5798993839429977
37.76000000000167         0.6402387159267904
37.780000000001664        0.6828863750519035
37.800000000001674        0.7067142540931788
37.82000000000166         0.7176003236166819
37.840000000001666        0.7206811314996615
37.86000000000167         0.7177077413166688
37.88000000000169         0.7069067095764904
37.900000000001675        0.6830869805709865
37.920000000001686        0.6404532958559364
37.94000000000169         0.5803746590529494
37.96000000000171         0.51415315154934
37.980000000001716        0.45265811538046646
38.00000000000171         0.40057094428487383
38.020000000001716        0.3577883502674564
38.04000000000172         0.32293395189517615
38.060000000001715        0.29449770732764
38.080000000001725        0.27118616629553133
38.10000000000172         0.2519688890521616
38.120000000001724        0.23604414887087288
38.14000000000173         0.22279195528403642
38.16000000000174         0.21173244680030953
38.18000000000173         0.20249291340173672
38.20000000000172         0.19478266526918847
38.220000000001725        0.18837420470894412
38.240000000001736        0.18308919420312722
38.26000000000172         0.17878788721527308
38.28000000000173         0.17536204255131618
38.30000000000173         0.17272812754530734
38.320000000001734        0.17082390113516432
38.34000000000175         0.1696051734497537
38.36000000000174         0.16904372831615047
38.380000000001736        0.1691260249437151
38.40000000000174         0.16985257959485064
38.42000000000174         0.17123798184785805
38.44000000000174         0.17331155609888468
38.460000000001735        0.17611871725960823
38.48000000000176         0.179723082083902
38.500000000001755        0.18420953195125095
38.52000000000175         0.1896881407472175
38.54000000000175         0.19630113958325796
38.56000000000175         0.20422921979839476
38.58000000000175         0.21370305637967296
38.60000000000176         0.22501730273530768
38.62000000000176         0.23854967434828558
38.64000000000176         0.2547864325910173
38.660000000001766        0.27435591223633443
38.68000000000176         0.29807097136671346
38.70000000000176         0.3269773086809011
38.72000000000177         0.36238975106237264
38.740000000001764        0.40584705222757206
38.76000000000176         0.458750906204684
38.780000000001756        0.5210530605702425
38.800000000001745        0.588262416223744
38.82000000000174         0.6494796282226114
38.840000000001744        0.6928308965981439
38.86000000000174         0.7170977764347448
38.88000000000174         0.7281978959699901
38.90000000000175         0.7313421535007958
38.92000000000174         0.7283129611033582
38.940000000001746        0.7173073612670998
38.96000000000175         0.6930625512668418
38.98000000000178         0.649748386236622
39.00000000000177         0.5888242302456335
39.02000000000178         0.5217497697258028
39.04000000000179         0.4595874061627769
39.06000000000179         0.406831270551847
39.08000000000179         0.3635193282489533
39.10000000000179         0.32827715209000735
39.120000000001816        0.2995378398061769
39.1400000000018          0.27599017065526493
39.1600000000018          0.2565894989061767
39.180000000001804        0.24052302129320818
39.20000000000181         0.22716218214461897
39.22000000000182         0.21602050023665062
39.24000000000182         0.2067201369636169
39.26000000000182         0.1989664422542768
39.28000000000181         0.19252885427514127
39.30000000000183         0.18722667350866082
39.32000000000181         0.18291848021122128
39.34000000000181         0.1794941908452983
39.36000000000182         0.17686969153104476
39.38000000000182         0.17498186121109133
39.40000000000181         0.17378604166449396
39.42000000000182         0.17325378389992868
39.44000000000184         0.1733715358182148
39.46000000000183         0.17414002091143949
39.480000000001816        0.17557426099008222
39.50000000000184         0.1777042478672767
39.52000000000183         0.18057632659832953
39.54000000000183         0.18425538514878428
39.560000000001835        0.1888279474340504
39.58000000000185         0.1944063784830528
39.60000000000184         0.20113508500378452
39.62000000000184         0.2091978851221806
39.64000000000185         0.21883086917305894
39.660000000001844        0.23033369111406568
39.68000000000185         0.2440911348645166
39.70000000000185         0.2605985592311603
39.72000000000185         0.28049602394247336
39.74000000000186         0.30461147999424487
39.76000000000187         0.3340098849996884
39.780000000001856        0.370030008093816
39.80000000000186         0.4142383812747535
39.820000000001855        0.46806307781924095
39.84000000000184         0.5314642690672641
39.86000000000183         0.5999005368606195
39.88000000000181         0.6621611232408285
39.900000000001796        0.7066651766593095
39.9200000000018          0.7315448485012134
39.9400000000018          0.7429438433723088
39.960000000001806        0.7461766964996587
39.980000000001816        0.7430707282630113
40.00000000000182         0.7317838660729238
40.02000000000182         0.7069563800149566
40.04000000000185         0.662712408952458
40.06000000000185         0.6006381076683662
40.080000000001874        0.5324120342308112
40.10000000000186         0.4692444705839948
40.120000000001866        0.4156730946258183
40.140000000001876        0.37173259155375765
40.16000000000187         0.3359910182478077
40.180000000001876        0.30687943170014004
40.200000000001886        0.28305203155970776
40.220000000001875        0.2634441200231167
40.24000000000188         0.24722733332496621
40.26000000000189         0.23376113732597198
40.280000000001884        0.22254984923108598
40.30000000000188         0.21320856071512326
40.32000000000188         0.20543716125229122
40.34000000000188         0.19900087484140633
40.36000000000188         0.19371575663945945
40.3800000000019          0.18943792507636137
40.40000000000191         0.18605556427770906
40.420000000001885        0.1834830046020025
40.44000000000189         0.18165634430545904
40.46000000000189         0.1805305113289362
40.48000000000189         0.18007682838480454
40.50000000000189         0.18028190941218564
40.52000000000189         0.18114699578211438
40.540000000001896        0.18268800950647524
40.5600000000019          0.18493624880846463
40.5800000000019          0.1879397857730209
40.600000000001906        0.19176571831510084
40.6200000000019          0.19650336427634604
40.640000000001905        0.20226860818329787
40.66000000000191         0.20921042261557143
40.68000000000191         0.2175191944668621
40.70000000000191         0.2274372645095369
40.720000000001924        0.23927263072329372
40.74000000000191         0.2534244678406254
40.760000000001924        0.27040248707274656
40.78000000000192         0.2908665895549866
40.800000000001916        0.3156702720813577
40.82000000000192         0.34591110311436635
40.840000000001915        0.38296841623453437
40.860000000001904        0.4284558264330189
40.880000000001914        0.48384603916546604
40.90000000000192         0.5491129642115411
40.9200000000019          0.6196340897760565
40.9400000000019          0.683946112318618
40.96000000000189         0.7300028497594816
40.98000000000189         0.7560164143963073
41.0000000000019          0.7679209910172636
41.0200000000019          0.7713081046154803
41.0400000000019          0.7680856797496253
41.06000000000191         0.7563553748618927
41.08000000000191         0.7306108952602575
41.10000000000192         0.68492176123497
41.12000000000193         0.6211068530838811
41.14000000000193         0.5512160966457087
41.16000000000193         0.4866942852406553
41.18000000000195         0.4321345251532322
41.20000000000195         0.3875379374710827
41.22000000000195         0.3514152932727951
41.24000000000195         0.3221432131342659
41.260000000001945        0.29834139903560486
41.28000000000195         0.27890404413394615
41.30000000000196         0.2629826623435683
41.320000000001954        0.24991990850601734
41.34000000000195         0.23920862569482418
41.36000000000197         0.23045657629327
41.38000000000196         0.22335966438531638
41.40000000000195         0.21768183995456933
41.420000000001956        0.2132402360908318
41.44000000000196         0.20989397153012362
41.460000000001955        0.207536077826284
41.48000000000197         0.20608748637622937
41.50000000000197         0.20549274476405785
41.520000000001964        0.20571698723367673
41.54000000000198         0.20674396946774856
41.550000000000004        0.20755823664932624
