% Model:              Untitled.mph
% Version:            COMSOL 5.6.0.280
% Date:               Sep 14 2021, 16:38
% Dimension:          1
% Nodes:              1062
% Expressions:        1
% Description:        线图
% cln2x                   Height
20.35                     0.14985400937793097
20.360000000000007        0.1497826671843418
20.38000000000001         0.1501136684467085
20.400000000000013        0.1510858540756343
20.42000000000001         0.1527227616733528
20.440000000000023        0.15506272099080554
20.460000000000022        0.15816071193973502
20.480000000000025        0.1620909074942139
20.500000000000032        0.16695118983726362
20.52000000000004         0.1728673852265725
20.540000000000042        0.18000088964382088
20.56000000000005         0.18855803140032162
20.58000000000005         0.19880286262839209
20.600000000000044        0.2110743567173757
20.620000000000054        0.22580940641623812
20.640000000000054        0.24357311930134257
20.660000000000053        0.2650972424580346
20.680000000000057        0.29132413141218777
20.700000000000053        0.3234400975516653
20.72000000000007         0.3628347444692442
20.740000000000066        0.41076976299603685
20.76000000000007         0.46705994016082975
20.78000000000008         0.5278366934566666
20.800000000000075        0.5827231740320631
20.82000000000008         0.6211302030790473
20.840000000000078        0.642372571225028
20.860000000000074        0.6520086244699821
20.880000000000084        0.6547139947008949
20.90000000000008         0.652057315051168
20.92000000000008         0.6424471492485392
20.940000000000076        0.6211499953179445
20.960000000000075        0.5826682830399731
20.98000000000008         0.5279185478531474
21.00000000000007         0.4672116385134555
21.020000000000064        0.41067020936688686
21.040000000000067        0.3627031191376163
21.060000000000077        0.3232476976402285
21.080000000000073        0.2910505204618959
21.10000000000007         0.26473158632759175
21.120000000000072        0.24310907613683172
21.140000000000082        0.225242021415883
21.16000000000008         0.21039865599681462
21.18000000000008         0.1980132724060558
21.200000000000085        0.18764808843573685
21.22000000000009         0.17896305421251896
21.240000000000087        0.17169292395977265
21.260000000000094        0.1656300815822349
21.280000000000097        0.1606117613242102
21.3000000000001          0.15651037560286704
21.320000000000107        0.15322707843003752
21.340000000000106        0.1506854949356769
21.360000000000117        0.148828654308448
21.380000000000116        0.14761601951884748
21.400000000000116        0.14702157133639326
21.42000000000012         0.14703259943023594
21.440000000000122        0.1476491352196466
21.46000000000012         0.14888397560439592
21.48000000000013         0.1507632760909312
21.50000000000014         0.15332774156546314
21.520000000000135        0.15663452743248546
21.54000000000014         0.16076000254503925
21.56000000000014         0.16580359330339395
21.58000000000014         0.17189257168845154
21.600000000000154        0.17919074212023994
21.620000000000143        0.1879057939581635
21.640000000000153        0.19830347369576598
21.660000000000156        0.21072451981064966
21.68000000000016         0.22560771591825418
21.700000000000163        0.24352025299569255
21.720000000000155        0.26519620805470034
21.74000000000017         0.2915805321261596
21.760000000000172        0.32386235059215474
21.78000000000017         0.36343404790975004
21.800000000000185        0.4115590871458139
21.820000000000178        0.4681549645836193
21.840000000000174        0.5290271827416865
21.860000000000177        0.584089953307939
21.88000000000018         0.6226236697619104
21.900000000000176        0.6439396820178114
21.920000000000176        0.6536109461533446
21.940000000000182        0.6563279389168392
21.960000000000193        0.6536656499255817
21.98000000000019         0.6440296237988793
22.00000000000019         0.6226756254792268
22.020000000000184        0.584096300995668
22.040000000000173        0.5292153938133533
22.060000000000176        0.46836864947589346
22.08000000000018         0.41178040369131497
22.10000000000017         0.36366068564176995
22.120000000000168        0.32408552248011974
22.14000000000017         0.2918196213382062
22.160000000000185        0.265445733635882
22.180000000000177        0.24377918276342422
22.200000000000184        0.22587672838522263
22.220000000000184        0.2110048404942572
22.24000000000019         0.19859645254351313
22.260000000000186        0.18821273988174694
22.280000000000197        0.17951285378881865
22.30000000000021         0.1722309269126385
22.320000000000203        0.16615885646753062
22.340000000000206        0.16113349900071777
22.36000000000021         0.15702712510479958
22.380000000000216        0.15374032701412688
22.40000000000022         0.15119670860644557
22.42000000000022         0.1493393313387034
22.440000000000225        0.14812747807112284
22.460000000000225        0.14753509955176314
22.480000000000228        0.14754949995733138
22.500000000000227        0.14817075858813183
22.520000000000234        0.1494117364914683
22.540000000000234        0.15129868381749426
22.56000000000024         0.153872445002451
22.580000000000243        0.15719036520089763
22.60000000000025         0.16132906086238327
22.620000000000246        0.1663882754434526
22.640000000000256        0.17249613681033024
22.660000000000256        0.17981560000330665
22.68000000000026         0.1885563645324417
22.700000000000262        0.19898454967355972
22.720000000000265        0.21144195190540685
22.740000000000276        0.22636871363985742
22.760000000000264        0.24433377058859224
22.78000000000027         0.2660734429973012
22.800000000000278        0.29253556875347164
22.82000000000028         0.3249129051334183
22.840000000000284        0.3646020809794138
22.860000000000287        0.4128704900781104
22.880000000000287        0.4696360761813141
22.90000000000029         0.5306826742566553
22.92000000000029         0.5857628874256677
22.940000000000285        0.6245964657080577
22.960000000000292        0.6459900043872302
22.98000000000029         0.6556983271255681
23.00000000000029         0.6584267513200783
23.020000000000298        0.6557558241891142
23.040000000000294        0.6460856202979721
23.0600000000003          0.6246570191895898
23.080000000000293        0.5859495206823743
23.10000000000029         0.5308961571984964
23.120000000000285        0.46986489801523806
23.14000000000029         0.41310796917596654
23.16000000000029         0.36484603241374325
23.180000000000287        0.32516354471049325
23.20000000000029         0.2927941682061712
23.220000000000287        0.2663448369869171
23.240000000000297        0.24461643342826397
23.2600000000003          0.22666347507418483
23.280000000000303        0.2117501590260865
23.3000000000003          0.19930765714070728
23.32000000000031         0.1888957880776883
23.340000000000316        0.18017267338088064
23.360000000000316        0.1728716419151652
23.38000000000033         0.16678395583984346
23.400000000000322        0.161745951095904
23.42000000000033         0.1576294933458014
23.44000000000033         0.15433486715351488
23.46000000000034         0.1517855089104983
23.48000000000033         0.1499241055439405
23.50000000000034         0.14871000866727427
23.520000000000348        0.14811701492407928
23.540000000000344        0.1481324043578309
23.56000000000035         0.14875629468026808
23.58000000000035         0.1500016253813893
23.600000000000357        0.1518947431416253
23.620000000000363        0.15447661255067577
23.640000000000366        0.15780475546851727
23.660000000000377        0.16195603430016678
23.68000000000037         0.16703051744076639
23.70000000000037         0.17315675260484809
23.720000000000375        0.18049889454689227
23.740000000000382        0.18926630540156522
23.760000000000385        0.19972508728238778
23.780000000000385        0.21222039088762654
23.80000000000039         0.2271928500482571
23.820000000000405        0.24521326587381664
23.840000000000398        0.26702037730190475
23.8600000000004          0.293565140095709
23.8800000000004          0.3260442635370488
23.900000000000404        0.36585900128632737
23.920000000000407        0.4142810385937678
23.94000000000041         0.47122877806525704
23.960000000000417        0.5324746490237977
23.98000000000041         0.587741249215615
24.000000000000405        0.626626356852991
24.020000000000405        0.6481832074098951
24.040000000000408        0.6579366997741299
24.060000000000407        0.6606770987981302
24.080000000000407        0.6579966934025284
24.10000000000041         0.6482893916365097
24.120000000000406        0.6267799920796301
24.14000000000042         0.5879343217216946
24.160000000000405        0.532696077820435
24.18000000000041         0.47146768639469677
24.200000000000408        0.41453074657425043
24.220000000000415        0.3661170437567174
24.240000000000418        0.32631059815584834
24.260000000000414        0.29384085086282463
24.280000000000413        0.2673070037716599
24.300000000000423        0.24551572339764943
24.320000000000423        0.22750878453773365
24.340000000000423        0.21255118829593087
24.360000000000426        0.20007222569100738
24.38000000000043         0.1896302567688313
24.40000000000043         0.18088227680849817
24.420000000000435        0.1735607622141543
24.44000000000044         0.16745631604682706
24.460000000000445        0.16240474769572358
24.480000000000445        0.1582774870255452
24.50000000000045         0.15497447562220795
24.520000000000454        0.15241889525359092
24.540000000000457        0.1505532891977176
24.56000000000046         0.14933677577471188
24.580000000000457        0.14874312190849606
24.600000000000474        0.14875958997580535
24.620000000000474        0.14938626970549818
24.64000000000047         0.15063616068386654
24.660000000000476        0.15253573292670725
24.680000000000476        0.1551261239163084
24.700000000000486        0.1584650635279436
24.720000000000486        0.1626296701786837
24.740000000000503        0.16772034874444616
24.76000000000049         0.17386608889695265
24.7800000000005          0.1812316156145304
24.8000000000005          0.1900270221279593
24.820000000000505        0.20052072968690826
24.840000000000504        0.2130568903208688
24.86000000000051         0.22807597251288886
24.880000000000525        0.24615522020617014
24.900000000000517        0.2680339947833661
24.92000000000052         0.29466657750702435
24.940000000000527        0.327253861539028
24.960000000000523        0.36720197564689794
24.980000000000533        0.4157871309861928
25.000000000000533        0.4729283038865771
25.020000000000532        0.534386263946709
25.040000000000536        0.5898524634629878
25.060000000000528        0.6288878595106181
25.080000000000524        0.6505340808295295
25.10000000000053         0.6603363233284893
25.12000000000053         0.6630840974974351
25.140000000000533        0.6603937285168168
25.16000000000053         0.6506467266514366
25.18000000000053         0.6290507606465876
25.200000000000532        0.5900571784105706
25.220000000000528        0.5346212530545621
25.240000000000524        0.4731822436076369
25.26000000000053         0.41605305142390664
25.280000000000527        0.36747729867751977
25.300000000000527        0.3275385407330788
25.32000000000053         0.29496171494209755
25.34000000000053         0.26834114847572743
25.360000000000536        0.24647607985979747
25.380000000000546        0.22841219228739854
25.400000000000553        0.21341003181979837
25.42000000000054         0.20089219989748608
25.440000000000552        0.19041815792935682
25.460000000000562        0.18164368891903993
25.480000000000558        0.17430032655875288
25.500000000000554        0.1681779551003201
25.520000000000575        0.16311184329032397
25.540000000000564        0.1589729931305454
25.560000000000574        0.15566099563837346
25.58000000000058         0.1530987457087213
25.60000000000058         0.1512285777773679
25.62000000000058         0.1500094684423718
25.640000000000583        0.14941510580771614
25.660000000000583        0.1494326817303446
25.680000000000593        0.1500623332233597
25.70000000000059         0.15131708062236732
25.720000000000596        0.15322349129783733
25.7400000000006          0.1558228572189063
25.760000000000602        0.15917313583617465
25.7800000000006          0.16335175346044245
25.80000000000061         0.16845949797991355
25.82000000000062         0.1746258341253331
25.840000000000614        0.18201608746103537
25.860000000000618        0.19084112260633684
25.880000000000628        0.2013703519390081
25.900000000000624        0.21394919248166913
25.920000000000634        0.22902237815458415
25.940000000000627        0.24716133343968524
25.960000000000647        0.2691161107873821
25.980000000000636        0.29584188860530375
26.000000000000647        0.3285439901918892
26.02000000000064         0.3686337101895911
26.040000000000642        0.41739205772524296
26.060000000000645        0.47473864331778626
26.080000000000645        0.536421982495362
26.100000000000637        0.5921006582560852
26.120000000000648        0.631296489556388
26.14000000000064         0.6530383522323963
26.16000000000064         0.662886476084173
26.180000000000636        0.6656483665187295
26.200000000000635        0.6629412480787991
26.220000000000635        0.6531576191379522
26.24000000000064         0.6314689222148578
26.26000000000064         0.5923173421853066
26.280000000000644        0.5366707880772043
26.30000000000065         0.47500769369685947
26.320000000000647        0.41767406255589457
26.34000000000065         0.3689259932988112
26.36000000000065         0.32884652889472477
26.38000000000065         0.2961558420062011
26.400000000000652        0.269443078966563
26.42000000000066         0.24750303216858532
26.440000000000662        0.2293778625483514
26.460000000000665        0.21432343172541565
26.480000000000665        0.20176473615615356
26.50000000000067         0.1912578829982411
26.520000000000675        0.1824551321705244
26.540000000000674        0.17508841507195358
26.560000000000684        0.16894682851870846
26.58000000000068         0.16386503152668397
26.600000000000694        0.15971357428807442
26.62000000000069         0.15639170723844179
26.64000000000069         0.15382205456712783
26.660000000000696        0.15194672796152292
26.680000000000696        0.15072453685889786
26.70000000000071         0.15012906726294026
26.720000000000706        0.15014746518376765
26.740000000000723        0.15077985085319748
26.760000000000712        0.15203936056558945
26.780000000000715        0.1539526022722664
26.800000000000722        0.15656104733074225
26.82000000000072         0.15992287318780915
26.840000000000718        0.1641157998941643
26.86000000000073         0.1692410043537724
26.880000000000745        0.17542845551934794
26.900000000000738        0.18284412285925655
26.920000000000737        0.19169968368838963
26.940000000000747        0.20226558025497748
26.960000000000747        0.2148885521751405
26.98000000000075         0.23001504602410733
27.00000000000075         0.24822199227749558
27.020000000000756        0.27025569384447906
27.040000000000767        0.2970751747847226
27.06000000000076         0.3298967943472693
27.080000000000762        0.3701339966934065
27.10000000000077         0.41907280019479815
27.12000000000077         0.4766335108850004
27.14000000000076         0.5385519956525637
27.160000000000757        0.5944527396950123
27.18000000000076         0.6338166797360368
27.20000000000076         0.6556589612052732
27.220000000000766        0.6655552388485704
27.240000000000755        0.6683318539913966
27.26000000000076         0.665613098014734
27.280000000000754        0.6557905374889317
27.300000000000768        0.6340865239348222
27.32000000000076         0.5946798321135747
27.340000000000753        0.5388129707643158
27.360000000000774        0.47691626031292816
27.380000000000773        0.4193698122620113
27.400000000000773        0.37044247425786625
27.42000000000077         0.3302166905651104
27.440000000000772        0.29740767400969836
27.460000000000786        0.27059920260752407
27.480000000000782        0.24858142845268086
27.50000000000078         0.23039280115498023
27.52000000000079         0.21528631758113298
27.5400000000008          0.20268478873885573
27.560000000000795        0.19214164571806405
27.580000000000794        0.18331075036091965
27.600000000000804        0.17592004842800052
27.6200000000008          0.1697587984659189
27.640000000000814        0.16466101611305412
27.660000000000824        0.16049674802207683
27.680000000000817        0.15716486395978976
27.700000000000816        0.15458772048985145
27.720000000000823        0.15270723641612535
27.740000000000823        0.15148207341887088
27.76000000000083         0.15088570482931554
27.780000000000832        0.15090521687288283
27.800000000000846        0.15154072931967008
27.820000000000846        0.15280539367818657
27.840000000000842        0.1547259817291179
27.86000000000084         0.1573442056388978
27.880000000000848        0.1607183258015717
27.90000000000085         0.16492643848109126
27.920000000000858        0.1700701271309326
27.94000000000086         0.17627988315087367
27.96000000000087         0.18372234389209477
27.98000000000087         0.19261003950726435
28.000000000000874        0.20321450289973927
28.02000000000088         0.21588387265568357
28.040000000000873        0.23106639605004534
28.06000000000088         0.24934132741895165
28.080000000000886        0.271457967259424
28.1000000000009          0.2983798490612042
28.120000000000893        0.33131720001765086
28.140000000000896        0.3717178270822196
28.160000000000892        0.4208455022629371
28.18000000000089         0.4786303121596489
28.200000000000884        0.5407956446525598
28.220000000000876        0.5969315400288719
28.240000000000865        0.6364759339491494
28.260000000000865        0.6584272700191565
28.28000000000086         0.6683761366097696
28.30000000000088         0.6711688875679103
28.320000000000867        0.6684375993637566
28.340000000000867        0.658566249916418
28.360000000000873        0.6367572343080219
28.380000000000873        0.5973439891649018
28.400000000000876        0.5410730627308453
28.42000000000088         0.47893039663046744
28.44000000000088         0.42116031182686353
28.460000000000896        0.3720446317680922
28.480000000000892        0.33166508325130584
28.500000000000888        0.2987316822014821
28.52000000000089         0.27182259691750665
28.540000000000905        0.2497231454531569
28.560000000000905        0.23146787552039172
28.580000000000904        0.2163067303238112
28.60000000000092         0.20366018696101548
28.62000000000091         0.19307990122840715
28.640000000000914        0.18421767874002443
28.660000000000913        0.17680194045910155
28.680000000000923        0.17062045097650236
28.700000000000927        0.1655058283777536
28.720000000000933        0.16132805808798814
28.740000000000947        0.15798559706029863
28.76000000000094         0.15540048516190105
28.780000000000946        0.15351441723655743
28.80000000000095         0.15228591668753538
28.82000000000095         0.15168837734027216
28.84000000000095         0.15170884135945814
28.860000000000948        0.1523474180600782
28.880000000000965        0.153617304370228
28.900000000000958        0.155545380746063
28.92000000000096         0.15817343542720197
28.94000000000097         0.16156011965991576
28.960000000000974        0.1657839995017299
28.980000000000974        0.1709467451290975
29.00000000000097         0.17717953953285293
29.020000000000984        0.184649718643675
29.04000000000099         0.19357070470887472
29.060000000000997        0.2042151715171154
29.080000000000993        0.21693272104759437
29.100000000000996        0.23217348418139078
29.120000000001           0.2505191457229763
29.14000000000101         0.27272214031350517
29.16000000000101         0.2997500107270129
29.180000000001016        0.3328179800278085
29.20000000000101         0.3733452943297518
29.220000000001008        0.4227044459594332
29.24000000000101         0.4807231357856415
29.260000000001003        0.5431463914371341
29.280000000000992        0.599528599106347
29.30000000000099         0.639262669190476
29.320000000000974        0.6613289398257812
29.340000000000973        0.6713332724290356
29.360000000000987        0.6741430244801775
29.380000000000987        0.6713985330346465
29.400000000000986        0.6614758737029045
29.420000000000986        0.639556562062714
29.440000000000985        0.5999574442887496
29.460000000000992        0.5434522040830246
29.480000000001006        0.48093376201120697
29.500000000001           0.4230378372071571
29.520000000001016        0.37372521958457433
29.540000000001008        0.33318494547761485
29.560000000001015        0.3001215788056136
29.58000000000101         0.27310740861160526
29.600000000001017        0.2509226976650252
29.62000000000102         0.23259793812846646
29.640000000001027        0.2173798771160932
29.660000000001027        0.20468649694779792
29.680000000001037        0.1940675566906082
29.700000000001033        0.18517341897939443
29.720000000001036        0.17773139185125197
29.74000000000104         0.17152803143731898
29.760000000001043        0.16639599573246058
29.78000000000104         0.16220441661436058
29.80000000000105         0.15885098281114446
29.820000000001063        0.156257625234408
29.84000000000107         0.1543657905253702
29.860000000001055        0.1531338253024892
29.880000000001058        0.15253502273354708
29.900000000001068        0.15255639679486782
29.920000000001068        0.15319808361091444
29.94000000000107         0.15447334425597017
29.960000000001077        0.1564091645669768
29.98000000000108         0.15904750506351628
30.000000000001087        0.16244726854224203
30.020000000001083        0.16668714724809594
30.040000000001093        0.17186989962342622
30.060000000001093        0.17812663853323193
30.080000000001096        0.1856256483913037
30.10000000000111         0.1945812894588189
30.120000000001106        0.20526743629376695
30.140000000001105        0.21803523276552797
30.160000000001105        0.23333679667716414
30.18000000000111         0.2517563804635664
30.20000000000111         0.2740497361246592
30.22000000000112         0.301188659651931
30.24000000000112         0.33439368762832095
30.260000000001135        0.37509024677631614
30.280000000001124        0.42457477930563936
30.300000000001127        0.4828136736665084
30.320000000001123        0.5456160822163044
30.340000000001112        0.6022548411155617
30.3600000000011          0.6421839008379987
30.380000000001107        0.6643670134990556
30.400000000001103        0.6744272286378842
30.4200000000011          0.6772535233104848
30.4400000000011          0.6744942573655334
30.460000000001116        0.6645167714055172
30.480000000001098        0.6424805966193431
30.5000000000011          0.6026858552574496
30.52000000000111         0.5459246815358731
30.54000000000112         0.48313798807753844
30.56000000000112         0.4249169350937929
30.58000000000113         0.37544731617636445
30.60000000000114         0.3347746944256259
30.620000000001127        0.3015762503393011
30.640000000001137        0.2744528712886267
30.66000000000114         0.2521795685965241
30.680000000001144        0.23378262559280338
30.700000000001143        0.21850549607581726
30.720000000001153        0.20576358545723972
30.740000000001157        0.19510462417907046
30.760000000001156        0.18617742932181366
30.78000000000116         0.17870813334898028
30.800000000001162        0.17248240046385663
30.820000000001162        0.16733217472332546
30.84000000000117         0.16312586805983972
30.860000000001165        0.15976117642964138
30.88000000000117         0.15715923699600126
30.90000000000119         0.15526139247953308
30.920000000001178        0.15402580747684502
30.94000000000118         0.15342565631948207
30.96000000000118         0.15344789369906012
30.98000000000119         0.15409266551217984
31.00000000000119         0.15537331331867707
31.02000000000119         0.1573169659763772
31.040000000001207        0.1599657774875645
31.060000000001196        0.1633789042529649
31.080000000001203        0.16763538189185972
31.100000000001202        0.17283810969160615
31.120000000001205        0.179119275024376
31.140000000001212        0.18664835895845616
31.160000000001215        0.1956396193102972
31.18000000000121         0.20636863081764648
31.20000000000122         0.2191881259221046
31.22000000000122         0.2345522672644511
31.240000000001224        0.25304794539248815
31.26000000000123         0.27543431292010134
31.280000000001237        0.3026875117050748
31.30000000000123         0.3360334852619813
31.320000000001237        0.37690393837524067
31.340000000001236        0.42660117967302413
31.360000000001236        0.48509280746068584
31.380000000001225        0.5481847442660481
31.40000000000121         0.6052529820093187
31.420000000001195        0.6452180049777869
31.440000000001202        0.6675273473410139
31.460000000001216        0.6776484817226144
31.48000000000121         0.6804930798767233
31.5000000000012          0.6777183907922877
31.5200000000012          0.6676827881464681
31.5400000000012          0.6455230271715474
31.560000000001192        0.6055228374015283
31.58000000000121         0.5484951556604539
31.60000000000121         0.48543067221795627
31.62000000000123         0.4269585076492303
31.640000000001216        0.377277715385934
31.660000000001222        0.3364237127025857
31.68000000000123         0.3030949099448034
31.70000000000123         0.2758588798654024
31.72000000000123         0.2534942597778658
31.740000000001224        0.23502297959497015
31.760000000001224        0.2196850884036956
31.780000000001245        0.2068933490167427
31.800000000001244        0.19619342833022363
31.820000000001244        0.18723250235886701
31.84000000000125         0.17973543119366875
31.860000000001243        0.1734869155524347
31.88000000000124         0.16831818261933554
31.90000000000126         0.16409708164709197
31.920000000001245        0.16072075414419265
31.94000000000126         0.158110224752922
31.960000000001273        0.15620647044883001
31.980000000001265        0.15496736744688053
32.000000000001265        0.15436603978392235
32.02000000000127         0.15438938506322666
32.04000000000127         0.15503754988871687
32.06000000000127         0.15632393530575245
32.08000000000129         0.15827580105830216
32.10000000000127         0.16093551303404385
32.12000000000128         0.16436252331788592
32.14000000000129         0.16863624338505734
32.16000000000129         0.17386004712897793
32.18000000000129         0.18016673215482568
32.200000000001296        0.18772589252010635
32.22000000000129         0.19675383911485145
32.24000000000129         0.20752835903440062
32.260000000001305        0.2204015742761916
32.280000000001316        0.23583076512199166
32.300000000001305        0.2544055763816401
32.320000000001315        0.2768887094970568
32.34000000000131         0.3042608366474469
32.360000000001314        0.33775353125609847
32.380000000001324        0.37880504629994305
32.40000000000131         0.42872381611216703
32.42000000000131         0.48747877946494134
32.440000000001305        0.550862415368432
32.46000000000129         0.6082116710430349
32.48000000000127         0.6484850774151699
32.500000000001265        0.6708374027827795
32.52000000000127         0.6810230589896866
32.54000000000127         0.6838871020325815
32.56000000000127         0.6810962449326093
32.58000000000127         0.670999533159765
32.600000000001266        0.6487099357834746
32.620000000001276        0.6084943412233101
32.64000000000129         0.5511879429121734
32.66000000000129         0.48783351033137007
32.68000000000129         0.4290995799439855
32.70000000000129         0.37919889200223444
32.7200000000013          0.33816560389333683
32.7400000000013          0.30469268960046786
32.760000000001305        0.2773423980518127
32.78000000000131         0.25487986367456766
32.80000000000131         0.23633170484560376
32.820000000001315        0.22093109472381903
32.84000000000131         0.20808803099375564
32.86000000000131         0.19734603832384975
32.880000000001324        0.18835062302079306
32.900000000001334        0.1808253163231696
32.92000000000133         0.17455375540443102
32.940000000001326        0.1693663579386873
32.96000000000134         0.16513037755335214
32.98000000000133         0.16174251957257924
33.00000000000134         0.15912346178098177
33.02000000000134         0.157213869651561
33.04000000000135         0.15597153351518556
33.060000000001345        0.15536939992912793
33.08000000000135         0.15539428066571367
33.10000000000135         0.156046354355764
33.120000000001355        0.1573390920936934
33.14000000000136         0.15929988872547965
33.160000000001354        0.1619713164603062
33.180000000001364        0.16541312105082345
33.20000000000137         0.16970511563135837
33.22000000000136         0.17495120044334955
33.240000000001366        0.1812848389610863
33.26000000000138         0.18887646321965437
33.28000000000137         0.19794344969557015
33.30000000000136         0.20876354031878636
33.32000000000139         0.22169286040030983
33.34000000000138         0.23719270075789595
33.36000000000139         0.2558510471964341
33.380000000001395        0.27843635816067175
33.400000000001384        0.30593409942671246
33.420000000001394        0.339581819712279
33.44000000000139         0.38082470749834746
33.4600000000014          0.4309777065060595
33.48000000000139         0.4900112188800576
33.50000000000138         0.5537036660126533
33.52000000000137         0.6113509374784436
33.54000000000137         0.6518564827910877
33.56000000000135         0.6743571605260492
33.58000000000135         0.684598799872093
33.600000000001344        0.6874895729364274
33.62000000000135         0.6846812441512004
33.64000000000135         0.6745189774338125
33.66000000000135         0.6520905448819918
33.68000000000135         0.6116456340034269
33.70000000000136         0.5540440580307753
33.72000000000137         0.49038370472520054
33.74000000000137         0.4313741812628949
33.76000000000138         0.38124232489786064
33.78000000000138         0.3400208516708606
33.80000000000138         0.3063962197887127
33.8200000000014          0.27892372054089515
33.84000000000139         0.2563658663621034
33.860000000001406        0.2377370818271602
33.880000000001395        0.2222687148247995
33.9000000000014          0.20937264398512181
33.920000000001394        0.19858739530018585
33.9400000000014          0.1895567154962486
33.9600000000014          0.18200276615176111
33.98000000000141         0.1757081035549215
34.00000000000142         0.17050226438447294
34.02000000000141         0.16625180774763298
34.04000000000141         0.16285292848974195
34.06000000000142         0.16022595230234254
34.08000000000141         0.15831129787499554
34.10000000000142         0.15706657195265988
34.120000000001426        0.15646459330865356
34.14000000000143         0.15649215488918378
34.16000000000143         0.15714940745144623
34.18000000000143         0.15844993113508662
34.20000000000143         0.16042127095634776
34.22000000000144         0.163106233600095
34.240000000001444        0.1665648888246676
34.26000000000144         0.17087747857238364
34.28000000000145         0.17614846082927005
34.30000000000145         0.18251202104901035
34.32000000000146         0.19013951763863163
34.34000000000147         0.199249505804312
34.360000000001456        0.21012122370466568
34.380000000001466        0.2231127065220012
34.40000000000146         0.23868499217584296
34.42000000000146         0.25743735982757326
34.44000000000147         0.28013418375093924
34.460000000001486        0.307768819167046
34.480000000001475        0.34158523821294473
34.50000000000147         0.38303606201559454
34.520000000001474        0.43344318974270846
34.54000000000147         0.4927788094236481
34.56000000000146         0.5568074156819658
34.58000000000144         0.6147827653414365
34.60000000000142         0.6555482878716496
34.620000000001426        0.6782098472201894
34.64000000000142         0.6885299450624294
34.66000000000142         0.691444679498747
34.680000000001435        0.6886233179491338
34.70000000000142         0.6783817177905097
34.72000000000143         0.6557988660302176
34.74000000000143         0.6151006669855811
34.76000000000144         0.5571759949168037
34.78000000000144         0.49318299159594353
34.800000000001454        0.43387486781928214
34.82000000000148         0.3834931114041527
34.84000000000146         0.34206866895023536
34.86000000000146         0.3082808680782597
34.880000000001466        0.28067739096886535
34.90000000000147         0.2580141957508498
34.920000000001465        0.23930045030499172
34.94000000000147         0.22376541603434616
34.9600000000015          0.21081315669836467
34.98000000000147         0.19998146891592364
35.00000000000148         0.19091446592900835
35.02000000000148         0.18333137282902562
35.04000000000148         0.17701358097342082
35.060000000001494        0.17178971861049386
35.08000000000148         0.16752562218107017
35.100000000001494        0.16411689238512922
35.1200000000015          0.16148339907112444
35.14000000000151         0.15956525367747484
35.160000000001496        0.15831988750878145
35.180000000001506        0.15772002951692132
35.200000000001495        0.15775244092590043
35.2200000000015          0.15841732773092349
35.24000000000151         0.15972831597904386
35.260000000001504        0.1617132036931191
35.28000000000153         0.16441505729607198
35.30000000000151         0.1678943312589661
35.32000000000152         0.17223177510056914
35.340000000001524        0.1775325031350409
35.36000000000153         0.18393154080048815
35.38000000000153         0.1916013172809965
35.400000000001526        0.20076175448773692
35.42000000000153         0.21169383772313274
35.44000000000153         0.22475784139744817
35.46000000000154         0.24041767870148179
35.48000000000154         0.2592729592388407
35.50000000000154         0.2820996213061678
35.520000000001545        0.3098969664982199
35.54000000000155         0.343909940290003
35.56000000000155         0.3856032986415259
35.58000000000155         0.4363071821345037
35.60000000000156         0.49599567584885207
35.62000000000154         0.5604156666500467
35.64000000000152         0.6187692429659393
35.66000000000152         0.6598301179233911
35.68000000000151         0.6826724673976529
35.70000000000151         0.6930800987598789
35.72000000000151         0.6960208548474863
35.7400000000015          0.6931764797714812
35.760000000001504        0.6828428840411208
35.7800000000015          0.6599958828617514
35.8000000000015          0.6190976452792668
35.820000000001514        0.5608014541655872
35.840000000001524        0.4964272990674376
35.86000000000153         0.43677815972395195
35.88000000000154         0.38611200285617653
35.90000000000154         0.34445751515685097
35.92000000000153         0.3104856867159322
35.94000000000154         0.2827353634102294
35.96000000000155         0.2599548854845988
35.980000000001546        0.24114730646897506
36.00000000000155         0.22553712016382624
36.02000000000155         0.21252470367062315
36.04000000000157         0.20164600046635284
36.060000000001565        0.19253988919862342
36.08000000000156         0.1849268762701457
36.10000000000157         0.178585999918396
36.12000000000157         0.17334484191324598
36.14000000000157         0.16906843076092823
36.16000000000157         0.16565174802672644
36.18000000000158         0.16301418215719538
36.20000000000158         0.16109546232474464
36.22000000000158         0.15985274693621046
36.2400000000016          0.15925862574265576
36.26000000000159         0.15929985016860726
36.28000000000159         0.15997671167523847
36.30000000000159         0.16130304107789492
36.3200000000016          0.16330683448188887
36.340000000001595        0.16603144234707146
36.3600000000016          0.1695379574338658
36.38000000000162         0.17390769872113931
36.400000000001604        0.17924659713501948
36.42000000000161         0.18569072047871255
36.44000000000161         0.19341382404275675
36.460000000001614        0.20263751702225158
36.480000000001624        0.2136449363902411
36.50000000000162         0.2267991096501953
36.52000000000162         0.2425674849364645
36.54000000000162         0.26155422150134794
36.56000000000163         0.2845411081174472
36.580000000001625        0.31253420187986436
36.60000000000163         0.34679895297522556
36.620000000001625        0.388781199127911
36.64000000000163         0.43984930295232944
36.66000000000163         0.49997079388281374
36.68000000000162         0.5648725480761482
36.7000000000016          0.6236961186208771
36.72000000000158         0.6651292332352631
36.74000000000158         0.68820187182393
36.76000000000157         0.698721620251775
36.780000000001586        0.7016960671833223
36.800000000001575        0.6988232281472679
36.82000000000158         0.6883830918909901
36.84000000000158         0.665312370310395
36.86000000000158         0.6238784457224006
36.880000000001594        0.5652970810156588
36.9000000000016          0.5004552901686026
36.92000000000162         0.440389405994332
36.94000000000161         0.38937687988948344
36.96000000000162         0.34744328427760485
36.98000000000162         0.31324919818440083
37.00000000000161         0.2853225059111251
37.020000000001616        0.26240212167605925
37.040000000001626        0.24348352420182162
37.06000000000165         0.2277852750984605
37.08000000000163         0.21470316681412271
37.100000000001636        0.2037696060702622
37.12000000000164         0.19462142815083108
37.14000000000163         0.18697540052073128
37.160000000001645        0.18060954636031396
37.18000000000165         0.17535088893993192
37.200000000001666        0.17106297730441172
37.22000000000164         0.1676400287392847
37.24000000000165         0.16500086312749015
37.26000000000165         0.1630848043814891
37.28000000000166         0.1618487340894354
37.30000000000167         0.16126506341823602
37.320000000001656        0.16132047442711445
37.340000000001666        0.1620153310453765
37.36000000000166         0.16336367319374717
37.38000000000167         0.16539385203736623
37.400000000001675        0.16814980833967622
37.420000000001686        0.171693130501922
37.440000000001675        0.17610582198451524
37.460000000001685        0.18149522600470536
37.48000000000169         0.1879986185267025
37.500000000001684        0.19579147873369837
37.520000000001694        0.20509760710136063
37.54000000000169         0.21620293271920768
37.56000000000169         0.22947405293065068
37.5800000000017          0.24538299594756033
37.6000000000017          0.264539810396866
37.6200000000017          0.28773384933064433
37.6400000000017          0.31598080004330464
37.66000000000172         0.35055805397282147
37.68000000000171         0.39296059461877103
37.70000000000171         0.444463173663034
37.72000000000171         0.5051436341124236
37.74000000000169         0.5706689905546355
37.76000000000168         0.630105339213844
37.780000000001664        0.672028823917955
37.80000000000166         0.695407047423222
37.82000000000166         0.7060759808047148
37.84000000000166         0.7090953532430185
37.86000000000166         0.7061851609563596
37.880000000001644        0.6956050134138966
37.90000000000166         0.67224115666931
37.92000000000167         0.6303341554178398
37.940000000001675        0.5711522225769599
37.960000000001685        0.5058261340382969
37.98000000000169         0.44511156940432245
38.00000000000169         0.3936552760901878
38.02000000000171         0.35136547670117446
38.040000000001704        0.3168890450973341
38.06000000000169         0.28873952943903375
38.080000000001704        0.26564354320284006
38.10000000000171         0.24658670117942233
38.12000000000171         0.2307798478610098
38.140000000001706        0.21761278449672694
38.16000000000174         0.20661328844742405
38.18000000000172         0.19741461292717943
38.20000000000173         0.1897307575424796
38.22000000000172         0.18333791269341074
38.24000000000173         0.17806066594820227
38.26000000000173         0.17376157633491982
38.28000000000173         0.17033421039980856
38.30000000000173         0.16769642174432828
38.320000000001734        0.16578700521039907
38.34000000000175         0.1645624992892591
38.36000000000173         0.1639951389804518
38.38000000000175         0.16407157601365102
38.40000000000175         0.16479227130628127
38.42000000000174         0.16617152623073683
38.440000000001746        0.16823814159874542
38.460000000001756        0.17103670288179712
38.48000000000177         0.17462966009016814
38.50000000000175         0.1791003387858834
38.52000000000176         0.18455686209137112
38.540000000001754        0.19113900163655936
38.560000000001764        0.19902433482501303
38.58000000000176         0.20843960807833614
38.600000000001764        0.2196745049674127
38.62000000000179         0.2331004264220395
38.64000000000178         0.2491955697662713
38.66000000000178         0.2685779261477855
38.68000000000178         0.29204706556719207
38.700000000001786        0.32063170852936723
38.72000000000179         0.3556254506021441
38.7400000000018          0.3985420756823333
38.760000000001796        0.4507587160813213
38.780000000001785        0.5122167625423534
38.80000000000179         0.5784631085043962
38.82000000000176         0.6387163412585903
38.840000000001766        0.6812890482683436
38.86000000000174         0.7050697126526172
38.88000000000174         0.7159339232182235
38.900000000001725        0.7190101728895372
38.920000000001735        0.716047618935611
38.94000000000173         0.7052780659045614
38.960000000001735        0.6815205565995038
38.98000000000173         0.6389819925672306
39.00000000000174         0.5790134157751375
39.020000000001765        0.5128925265104415
39.04000000000177         0.4515609942825184
39.06000000000178         0.3994781569421274
39.080000000001775        0.35669294010341696
39.10000000000179         0.321855645827704
39.120000000001795        0.2934246372529178
39.1400000000018          0.2701099701845552
39.16000000000179         0.25088400174902
39.180000000001804        0.2349472151728521
39.2000000000018          0.2216812950952472
39.220000000001804        0.21060721387327908
39.2400000000018          0.2013526316985235
39.2600000000018          0.1936307954209389
39.28000000000181         0.1872143332516214
39.30000000000182         0.18192501063354943
39.32000000000182         0.17762341269984974
39.34000000000182         0.1742013508123232
39.360000000001826        0.17157621781828047
39.38000000000182         0.16968602432928404
39.40000000000182         0.1684868980029166
39.420000000001835        0.16795087498244962
39.44000000000184         0.16806461497479738
39.46000000000183         0.1688287936927201
39.48000000000184         0.17025813989556127
39.50000000000183         0.17238212194778327
39.52000000000183         0.17524627907463816
39.54000000000185         0.17891433519802888
39.56000000000184         0.183471229063895
39.58000000000186         0.18902744833710775
39.60000000000184         0.19572483769927718
39.62000000000186         0.20374386226098343
39.64000000000186         0.21331663753128075
39.66000000000185         0.22473776683219118
39.68000000000186         0.23838555470287803
39.70000000000188         0.25474705996743136
39.72000000000189         0.2744516781344142
39.740000000001864        0.29831364323097953
39.760000000001874        0.3273803731950628
39.78000000000187         0.3629687110167799
39.80000000000188         0.4066194379767715
39.820000000001876        0.45973519601712376
39.84000000000187         0.5222651129555436
39.86000000000185         0.5897038768685654
39.88000000000183         0.6509658620377227
39.90000000000181         0.6946573334531032
39.92000000000181         0.719024206811626
39.940000000001795        0.7301712453359882
39.9600000000018          0.7333281346777335
39.98000000000181         0.7302891111200543
40.00000000000181         0.719246792676554
40.02000000000181         0.6949258802909506
40.04000000000181         0.651488525496104
40.06000000000183         0.5904085826256226
40.08000000000183         0.5231753692198335
40.10000000000184         0.4608731139709319
40.12000000000186         0.4080033040320975
40.14000000000185         0.36461215029477245
40.16000000000186         0.3292938571789184
40.180000000001854        0.3005058287429421
40.20000000000186         0.27692452435548826
40.22000000000186         0.25750301784144436
40.24000000000187         0.24142686968176172
40.26000000000189         0.228066341250923
40.28000000000188         0.2169335804970414
40.300000000001866        0.2076492792359695
40.320000000001876        0.19992024437465766
40.34000000000188         0.19351551446887227
40.360000000001875        0.18825465706043812
40.380000000001885        0.18399587205718754
40.40000000000192         0.18062915696535287
40.42000000000189         0.17807036683588717
40.440000000001895        0.1762567866242792
40.460000000001905        0.17514421752480577
40.4800000000019          0.17470458856536467
40.5000000000019          0.17492489351207172
40.5200000000019          0.17580649812265026
40.5400000000019          0.1773651987383539
40.56000000000191         0.1796319095500896
40.58000000000191         0.18265405854213715
40.60000000000192         0.18649780726482526
40.620000000001916        0.19125125779442878
40.64000000000192         0.19702889365469467
40.66000000000191         0.20397762083110316
40.68000000000193         0.2122849188706534
40.700000000001936        0.22218980521501056
40.720000000001946        0.2339960526916133
40.740000000001935        0.2480973792370751
40.76000000000194         0.2649964285655179
40.780000000001934        0.28534397558645114
40.80000000000194         0.3099817020641796
40.82000000000193         0.339991952326614
40.84000000000194         0.3767348264453998
40.86000000000196         0.4218009792327369
40.88000000000195         0.47663983905416113
40.90000000000194         0.5412136571822554
40.92000000000193         0.610928416919317
40.940000000001916        0.6744257202987183
40.960000000001905        0.7198182816898461
40.98000000000189         0.7454120048783779
41.00000000000189         0.7571116272751144
41.020000000001886        0.7604413467497397
41.04000000000189         0.757283632533743
41.060000000001885        0.745775804830896
41.080000000001895        0.7204883078750698
41.1000000000019          0.6755269730738384
41.120000000001895        0.6126174643779562
41.14000000000192         0.5436516605710365
41.16000000000192         0.4799669885394877
41.18000000000193         0.42612242080162976
41.200000000001936        0.3821256099788545
41.22000000000195         0.3465074085150931
41.24000000000194         0.3176658910633818
41.26000000000194         0.294238886493814
41.280000000001955        0.27513706570163665
41.30000000000195         0.2595246075810541
41.32000000000194         0.24675281207336827
41.34000000000195         0.23632298612179148
41.360000000001946        0.227849752893955
41.38000000000195         0.22103562710986363
41.40000000000196         0.21564675789068247
41.42000000000196         0.21149222766901637
41.440000000001966        0.2084350707090072
41.46000000000199         0.20637990974096926
41.48000000000196         0.20525995059425012
41.50000000000197         0.2050290380348036
41.52000000000198         0.20564643313288425
41.54000000000199         0.2070945627478315
41.550000000000004        0.20813061663146873
