% Model:              Untitled.mph
% Version:            COMSOL 5.6.0.280
% Date:               Sep 14 2021, 16:39
% Dimension:          1
% Nodes:              1062
% Expressions:        1
% Description:        线图
% cln1x                   Height
49.45000000000001         0.20758827481279754
49.46000000000005         0.20677375731361886
49.480000000000054        0.20574627468090598
49.50000000000005         0.20552145468793048
49.52000000000006         0.20611556579540774
49.54000000000005         0.20756373037930556
49.56000000000005         0.2099228881093249
49.58000000000006         0.21327373308344863
49.60000000000005         0.2177175022200131
49.62000000000006         0.22339483011385777
49.640000000000065        0.2304902370810816
49.66000000000006         0.23924122358656352
49.68000000000007         0.24995200949529606
49.700000000000074        0.2630147028501895
49.72000000000006         0.2789363765600272
49.74000000000007         0.29837763003610723
49.760000000000076        0.3221840922787843
49.78000000000007         0.3514555159514135
49.800000000000075        0.3875712322246153
49.82000000000008         0.43214519172594035
49.84000000000009         0.4866598690736126
49.860000000000085        0.5511577679538392
49.880000000000074        0.6211750407942552
49.90000000000008         0.6851731033079597
49.92000000000008         0.730792260160999
49.940000000000076        0.7564451170151787
49.96000000000008         0.7681577878755677
49.98000000000009         0.7713847828614964
50.000000000000085        0.7679945313779446
50.0200000000001          0.7560844338317206
50.04000000000009         0.7301629949846873
50.06000000000009         0.6841728348241183
50.080000000000105        0.6196806156993891
50.10000000000011         0.5490387546419646
50.120000000000104        0.4838015753399113
50.14000000000011         0.42846080720815394
50.160000000000124        0.38299879662764846
50.18000000000011         0.3459499743534483
50.20000000000013         0.3157103466234973
50.22000000000012         0.29090545204934676
50.240000000000116        0.27043965659175834
50.260000000000126        0.25346011023813925
50.28000000000012         0.2393055606432622
50.300000000000146        0.22746871322926734
50.32000000000013         0.21755063831598
50.34000000000013         0.20924177754100548
50.36000000000014         0.20229976833648614
50.38000000000013         0.1965344989372719
50.400000000000134        0.1917970087506282
50.420000000000144        0.18797120931357028
50.44000000000014         0.18496778226419902
50.460000000000136        0.1827196623089986
50.48000000000015         0.18117878828890027
50.50000000000015         0.18031386724946305
50.52000000000016         0.180108981486719
50.54000000000015         0.1805628945683697
50.560000000000166        0.18168895924082792
50.58000000000016         0.18351585133976445
50.600000000000165        0.18608872299508275
50.62000000000017         0.18947144065794214
50.64000000000016         0.19374967863781656
50.660000000000174        0.1990352576801319
50.68000000000018         0.20547206397328321
50.70000000000016         0.21324404651941237
50.72000000000018         0.2225859858613455
50.74000000000018         0.23379800118627522
50.7600000000002          0.24726502983726925
50.78000000000019         0.26348285005884076
50.80000000000018         0.28309228390272523
50.82000000000019         0.3069225027491606
50.840000000000195        0.33604110322417513
50.86000000000019         0.37177790467082283
50.880000000000194        0.4156974016497827
50.90000000000018         0.4692260199768252
50.92000000000019         0.5323732042118804
50.940000000000204        0.6007292129397167
50.960000000000186        0.6629854538618926
50.98000000000018         0.7071572068790491
51.00000000000018         0.7318950216768505
51.02000000000018         0.7431655661173919
51.04000000000018         0.7462765657072525
51.0600000000002          0.7430481329204051
51.0800000000002          0.731630673015204
51.10000000000019         0.706753733585739
51.1200000000002          0.662417489400624
51.1400000000002          0.5999789831085778
51.16000000000021         0.5314177767981615
51.180000000000206        0.46804047095589435
51.200000000000216        0.4142606281879701
51.22000000000021         0.37007449314921953
51.24000000000022         0.33406067960766495
51.26000000000022         0.3046619065924214
51.28000000000022         0.2805440523908562
51.300000000000225        0.26064396480507834
51.32000000000023         0.24413426359915372
51.34000000000023         0.23037499679773807
51.36000000000023         0.218870762496185
51.38000000000023         0.20923599064313275
51.400000000000254        0.20117205739936275
51.420000000000236        0.19444290844231807
51.440000000000225        0.1888642082683024
51.46000000000024         0.18429154040648318
51.48000000000024         0.1806123954734977
51.50000000000025         0.17774025124578774
51.520000000000245        0.1756102410744145
51.54000000000026         0.17417602640168803
51.56000000000025         0.17340761829616824
51.580000000000254        0.1732899976693297
51.60000000000024         0.17382244512606995
51.62000000000025         0.17501851891778628
51.64000000000026         0.17690667686452102
51.66000000000026         0.17953148847718925
51.68000000000027         0.18295609443766186
51.70000000000026         0.18726478631245067
51.720000000000276        0.1925675561246081
51.74000000000026         0.19900583439971084
51.760000000000254        0.20676033308121947
51.78000000000027         0.21606162911563745
51.80000000000028         0.2272043964421551
51.82000000000028         0.24056652329726044
51.84000000000028         0.2566346142108363
51.8600000000003          0.2760375507838815
51.880000000000294        0.2995889945234866
51.90000000000029         0.32833577079736825
51.920000000000286        0.363584908950625
51.94000000000029         0.4068689196297212
51.9600000000003          0.45958565022032577
51.98000000000029         0.5217318334134298
52.00000000000029         0.5889392287695243
52.0200000000003          0.6500435374606292
52.040000000000305        0.693281843141579
52.0600000000003          0.7174356796357657
52.080000000000304        0.7284237920026173
52.10000000000031         0.7314565442831904
52.12000000000032         0.7283146585287327
52.14000000000031         0.7171929204483767
52.160000000000316        0.6928264162920857
52.180000000000334        0.6493846699143049
52.200000000000315        0.588331966262518
52.220000000000326        0.5210023255241906
52.24000000000032         0.45872584066066496
52.26000000000033         0.40586844882046813
52.28000000000034         0.3624345859412623
52.30000000000034         0.32702926795707493
52.32000000000035         0.29812307864445625
52.34000000000034         0.2744059241414609
52.36000000000034         0.2548339796068921
52.380000000000344        0.2385950073718873
52.40000000000033         0.22506081479031298
52.42000000000035         0.21374512179198976
52.44000000000033         0.20427015243930924
52.46000000000037         0.1963411917469164
52.480000000000345        0.18972719006435382
52.50000000000036         0.18424794656535415
52.52000000000036         0.1797612523743968
52.54000000000037         0.17615670940318165
52.56000000000037         0.17334943505038605
52.58000000000037         0.1712758114925484
52.60000000000039         0.16989042372266774
52.620000000000374        0.16916394844547405
52.640000000000384        0.16908179861414452
52.66000000000038         0.16964346233902586
52.68000000000039         0.17086248712659496
52.70000000000037         0.17276709877670124
52.72000000000039         0.1754015004069185
52.740000000000386        0.1788278000869876
52.760000000000396        0.1831295639321747
52.7800000000004          0.18841529388323142
52.80000000000039         0.19482459926839465
52.8200000000004          0.2025358338652732
52.84000000000041         0.2117765159018733
52.860000000000404        0.22283736564076528
52.88000000000041         0.2360911516667206
52.9000000000004          0.2520178706214848
52.920000000000435        0.27123785365432457
52.94000000000041         0.2945537025569159
52.96000000000042         0.32299805138773346
52.980000000000416        0.3578694699845932
53.00000000000041         0.4006877625050015
53.020000000000415        0.45275093498712377
53.04000000000042         0.5141464039696847
53.06000000000041         0.5805021864471653
53.080000000000396        0.6407600254143663
53.10000000000041         0.6833169606817492
53.1200000000004          0.7070465560350057
53.14000000000041         0.7178305648218173
53.160000000000394        0.7208077552912981
53.180000000000405        0.7177299693902947
53.20000000000042         0.7068241527211231
53.22000000000042         0.682899914543746
53.240000000000414        0.6401627123258392
53.26000000000044         0.579982261546701
53.28000000000044         0.5136607407878003
53.30000000000045         0.4520656158376554
53.32000000000044         0.3998759643855554
53.34000000000045         0.35698794867384703
53.36000000000045         0.3220252298234802
53.38000000000047         0.2934781552675319
53.40000000000047         0.2700537296924791
53.420000000000464        0.2507219156975162
53.44000000000046         0.23468129857089629
53.460000000000456        0.2213121037324161
53.48000000000047         0.21013458953558878
53.50000000000047         0.20077606925651023
53.52000000000046         0.1929458028678345
53.540000000000475        0.1864161798510486
53.560000000000485        0.1810084803803749
53.58000000000048         0.1765833901516492
53.60000000000048         0.17303171274357573
53.620000000000466        0.17026976697393886
53.64000000000048         0.16823485214938824
53.66000000000048         0.16688221113963575
53.68000000000049         0.16618295461515883
53.70000000000051         0.16612276028562203
53.7200000000005          0.16670124617186988
53.7400000000005          0.16793193967944714
53.760000000000495        0.16984288007977108
53.7800000000005          0.17247790566611965
53.80000000000051         0.1758987132223255
53.82000000000051         0.18018784827733356
53.84000000000052         0.1854525403918544
53.86000000000052         0.19183152503746773
53.88000000000052         0.19950114101036756
53.90000000000052         0.2086866074595648
53.92000000000052         0.21967567579887695
53.9400000000005          0.2328372687087101
53.96000000000052         0.24864639493666174
53.98000000000052         0.26771694282365777
54.00000000000051         0.29084320834383415
54.020000000000536        0.3190471929106149
54.04000000000053         0.35361418732649824
54.06000000000053         0.396048485630046
54.080000000000545        0.44771864409861556
54.10000000000053         0.5085649256081245
54.12000000000054         0.5741559544880225
54.140000000000526        0.6337695691336847
54.16000000000055         0.6758104205514601
54.18000000000053         0.6992198396726671
54.20000000000054         0.7098501549658454
54.22000000000054         0.7127853156207421
54.24000000000054         0.7097546742463852
54.260000000000545        0.699008429195598
54.28000000000054         0.675412061432985
54.30000000000055         0.6332011538570707
54.32000000000055         0.5736816740540006
54.34000000000057         0.508036963103642
54.36000000000057         0.4471351590782644
54.38000000000058         0.3953715512139116
54.400000000000574        0.35290132125295753
54.420000000000584        0.31827761494777934
54.44000000000058         0.29000584237473365
54.4600000000006          0.2668060252131367
54.4800000000006          0.24765860855583724
54.50000000000057         0.2317703982826798
54.52000000000059         0.21852800954116222
54.540000000000596        0.20745666170950144
54.56000000000059         0.19818752861827407
54.5800000000006          0.1904328850428613
54.6000000000006          0.18396748309165778
54.62000000000062         0.1786146772720514
54.64000000000061         0.17423610624747246
54.66000000000062         0.17072393083662532
54.68000000000061         0.16799558693545535
54.70000000000062         0.16598892177602248
54.720000000000624        0.16465971375173807
54.74000000000063         0.1639794545636184
54.760000000000645        0.16393403903822304
54.78000000000062         0.16452313345101532
54.80000000000062         0.16576019316881824
54.82000000000064         0.1676730847813851
54.84000000000063         0.17030536120217543
54.860000000000625        0.17371828417618712
54.88000000000063         0.17799378558940482
54.90000000000066         0.18323859439228876
54.92000000000065         0.18958986336716535
54.94000000000065         0.1972220815002819
54.96000000000065         0.20635976068838213
54.98000000000065         0.2172878687760118
55.00000000000064         0.23037236063683156
55.020000000000664        0.24608439825884568
55.04000000000065         0.2650328769404227
55.06000000000066         0.2880056369507794
55.08000000000068         0.3160164408068499
55.10000000000067         0.3503403160027926
55.12000000000067         0.3924696046006391
55.14000000000066         0.4437614697598521
55.16000000000065         0.504152618461883
55.180000000000646        0.569226701634821
55.20000000000064         0.6283435823126491
55.22000000000064         0.6699827972444717
55.240000000000634        0.6931439470897589
55.260000000000645        0.7036556933454545
55.28000000000065         0.706559275515898
55.300000000000644        0.7035668996181539
55.32000000000065         0.6929474887521074
55.34000000000066         0.6696103660450775
55.36000000000066         0.627812959444373
55.38000000000067         0.5688085982162064
55.40000000000069         0.5036884583858374
55.42000000000069         0.4432571751670369
55.440000000000694        0.3919248985383081
55.46000000000069         0.34975245328387383
55.4800000000007          0.31538283453138116
55.500000000000696        0.2873250399600841
55.520000000000685        0.26429990810707216
55.540000000000724        0.24529593132691488
55.560000000000706        0.2295262392186718
55.580000000000716        0.216382369843833
55.60000000000071         0.20539336914767284
55.62000000000071         0.19619339127093563
55.64000000000073         0.1884970398301657
55.660000000000714        0.18208089256645124
55.6800000000007          0.1767697381903095
55.70000000000071         0.17242634211807276
55.720000000000724        0.16894384548874747
55.74000000000073         0.16624013874214438
55.76000000000074         0.16425369384092933
55.78000000000073         0.1629407699672536
55.80000000000073         0.1622730690822044
55.82000000000073         0.16223666877468268
55.84000000000074         0.16283133101220373
55.86000000000075         0.16407048379171416
55.880000000000734        0.165981819034021
55.90000000000075         0.1686085904631021
55.92000000000074         0.172011653282469
55.940000000000744        0.17627242343265034
55.96000000000074         0.1814969517462468
55.98000000000076         0.18782150205341544
56.00000000000077         0.19542010155064915
56.02000000000075         0.20451371066247367
56.04000000000076         0.21538745597173942
56.060000000000755        0.2284041550919195
56.08000000000076         0.2440318240055459
56.10000000000076         0.26287528697108553
56.12000000000077         0.2857171192600973
56.14000000000079         0.31356432752988256
56.16000000000077         0.347683532292386
56.180000000000774        0.38955731456051906
56.20000000000078         0.44053360199792335
56.22000000000077         0.5005465047747294
56.24000000000077         0.5651975907750951
56.26000000000076         0.6237277143007306
56.28000000000076         0.665118532453152
56.30000000000077         0.6881702136504922
56.32000000000077         0.6985856039358311
56.34000000000077         0.701463485538066
56.36000000000078         0.6985018996231052
56.38000000000078         0.6879847528500832
56.40000000000078         0.6648571143833745
56.42000000000079         0.6233956061755788
56.440000000000786        0.5648126727318148
56.46000000000082         0.5001238863470873
56.48000000000081         0.440080272858413
56.50000000000081         0.3890741350017412
56.52000000000082         0.3471686243009954
56.540000000000816        0.3130149598460775
56.56000000000083         0.2851304913123095
56.58000000000081         0.26225218496039204
56.600000000000826        0.24336587094742104
56.62000000000083         0.22769321858342945
56.64000000000082         0.21462981194089742
56.66000000000083         0.20370784264285957
56.68000000000083         0.19456391373576845
56.700000000000834        0.18691454085810907
56.72000000000083         0.18053779710501555
56.74000000000083         0.17525964406695355
56.760000000000844        0.17094376704684686
56.780000000000854        0.16748402548936672
56.80000000000084         0.16479886489175555
56.82000000000084         0.16282721673981448
56.840000000000856        0.16152552828489486
56.86000000000085         0.16086582604374197
56.88000000000085         0.16083426615903795
56.90000000000086         0.16143064760212766
56.92000000000087         0.16266836546816407
56.94000000000087         0.16457501286051787
56.96000000000087         0.16719363201119752
56.980000000000864        0.1705847183429073
57.00000000000087         0.17482917635403575
57.02000000000088         0.1800324049798931
57.040000000000866        0.1863298688382353
57.06000000000088         0.19389457812788566
57.080000000000865        0.20294718388253888
57.10000000000089         0.21376956969071775
57.12000000000088         0.22672108314013092
57.140000000000896        0.24227024515978685
57.160000000000885        0.2610168532818083
57.18000000000089         0.2837388427738896
57.200000000000905        0.31143727089536893
57.220000000000894        0.3453713149462246
57.24000000000089         0.3870148993943614
57.260000000000886        0.43770782111870815
57.28000000000088         0.4973822805866357
57.30000000000088         0.561657077310189
57.320000000000874        0.6198230522247855
57.34000000000087         0.6609286557423136
57.360000000000866        0.683798981073489
57.38000000000086         0.6941452231459867
57.40000000000088         0.6969951476066464
57.4200000000009          0.6940605172910636
57.440000000000886        0.683632156759684
57.460000000000896        0.6606865484265084
57.48000000000091         0.6195180269279832
57.5000000000009          0.5613044987222194
57.52000000000092         0.4969951095237777
57.54000000000093         0.43729290732396175
57.56000000000094         0.38657399373958345
57.58000000000093         0.3449034657877426
57.60000000000094         0.3109404387026423
57.620000000000935        0.2832106935719482
57.64000000000095         0.2604550852412515
57.660000000000935        0.24167542415566728
57.680000000000945        0.2260878349095382
57.70000000000096         0.21309482585572728
57.72000000000095         0.2022313489597075
57.74000000000095         0.19313615670226175
57.76000000000096         0.18552744619764613
57.78000000000093         0.17918461215509093
57.80000000000096         0.17393465011073828
57.82000000000095         0.169642051070324
57.840000000000984        0.16620129803290656
57.860000000000966        0.16353131687911526
57.880000000000976        0.16157140155081556
57.90000000000097         0.16027828181716403
57.92000000000096         0.1596241007800222
57.94000000000097         0.15959515332092647
57.96000000000098         0.16019125075619822
57.98000000000098         0.16142572482991094
58.00000000000099         0.1633260363537098
58.020000000001           0.1659350248088566
58.04000000000098         0.16931290915803704
58.06000000000099         0.17354018428958778
58.080000000000986        0.17872166257095304
58.100000000000996        0.18499202686785216
58.12000000000099         0.19252331139022338
58.14000000000099         0.2015349583656536
58.160000000001006        0.21230731238432984
58.18000000000101         0.22519976078598392
58.20000000000099         0.24067495971234243
58.220000000001015        0.259327295955901
58.24000000000102         0.2819366475710552
58.26000000000102         0.30949598638718756
58.28000000000101         0.3432578223808372
58.30000000000103         0.3846883569500569
58.320000000001           0.43512015538911797
58.34000000000102         0.49448355315621206
58.360000000000994        0.558411782850519
58.38000000000099         0.6162390678450821
58.40000000000099         0.6570753135217712
58.420000000001004        0.6797790068637785
58.440000000001           0.6900456406612939
58.460000000000996        0.6928738388467014
58.48000000000101         0.6899628208301171
58.500000000001           0.6796150877900999
58.52000000000102         0.6568357882837818
58.54000000000102         0.615936246521454
58.56000000000103         0.558063571967363
58.58000000000104         0.49410543907481796
58.60000000000105         0.4347197606240232
58.62000000000106         0.3842671951365445
58.64000000000106         0.34281454968460995
58.660000000001055        0.30902827079432194
58.680000000001044        0.28144195716455367
58.70000000000106         0.2588032060065188
58.72000000000107         0.24011653026712648
58.74000000000106         0.22460843225067242
58.76000000000109         0.2116825776237551
58.780000000001074        0.2008732078276892
58.80000000000108         0.19182305259984592
58.82000000000106         0.18425185570356614
58.84000000000108         0.17794021930484843
58.86000000000108         0.17271609084739128
58.880000000001075        0.16844471593221502
58.90000000000108         0.16502116851154366
58.92000000000108         0.1623648243459462
58.94000000000109         0.16041530725271108
58.96000000000108         0.15912958184826373
58.9800000000011          0.15847994567031082
59.000000000001094        0.15845276519854506
59.02000000000111         0.15904786359050213
59.04000000000109         0.16027855710042027
59.060000000001104        0.16217210764230622
59.08000000000111         0.16477116430072236
59.1000000000011          0.16813564637136091
59.12000000000111         0.17234566162591353
59.14000000000111         0.17750552610848921
59.160000000001105        0.18374923835632218
59.18000000000111         0.1912479112133351
59.20000000000111         0.20021978877892252
59.220000000001136        0.2109437258713572
59.24000000000112         0.22377722661564445
59.26000000000113         0.23918052698807543
59.28000000000113         0.2577482686528798
59.300000000001134        0.28024619336490453
59.32000000000114         0.30767224626110945
59.34000000000113         0.34126919966498726
59.360000000001136        0.3824958631716665
59.38000000000113         0.4326778882809451
59.400000000001135        0.49174408675812725
59.42000000000113         0.5553426133825297
59.44000000000112         0.6128508431296652
59.46000000000111         0.6534368072369297
59.480000000001105        0.6759873656091613
59.500000000001116        0.6861813935951866
59.52000000000111         0.688990187679488
59.5400000000011          0.6860957527499721
59.56000000000113         0.6758366732079673
59.58000000000112         0.6532068875688449
59.600000000001124        0.6125603743334385
59.62000000000112         0.5550091405762979
59.64000000000113         0.4913828775467887
59.66000000000115         0.43229654155091235
59.68000000000114         0.3820959790337507
59.70000000000115         0.34084955559635155
59.72000000000116         0.3072306259946119
59.74000000000116         0.2797801679982621
59.76000000000115         0.257252133124096
59.78000000000116         0.23865614964834392
59.80000000000118         0.22322273056497016
59.820000000001166        0.2103572479417157
59.84000000000117         0.19959960728695858
59.86000000000118         0.1905931211169495
59.88000000000118         0.18305747691386123
59.90000000000117         0.17677539374486143
59.92000000000118         0.17157570949749043
59.94000000000118         0.1673243609640612
59.96000000000116         0.16391696386462207
59.98000000000119         0.16127332207098607
60.00000000000121         0.15933339114798187
60.02000000000119         0.15805437097882086
60.04000000000121         0.15740870323994663
60.0600000000012          0.15738282282270846
60.08000000000121         0.15797655558588367
60.100000000001224        0.1592031118712422
60.120000000001205        0.1610897485321814
60.14000000000124         0.1636787771213674
60.16000000000123         0.16702986299102168
60.18000000000123         0.17122271772584208
60.20000000000124         0.1763611489928383
60.22000000000124         0.18257852094432855
60.24000000000124         0.1900451226426652
60.26000000000125         0.1989780984073183
60.28000000000127         0.209654856433385
60.30000000000127         0.2224310510878899
60.32000000000126         0.23776458320490715
60.340000000001275        0.2562470975801476
60.36000000000127         0.2786437878138072
60.380000000001274        0.3059384362390817
60.40000000000128         0.3393754897747007
60.420000000001295        0.3804054352029408
60.44000000000129         0.4303465935752012
60.46000000000128         0.48912647277561244
60.48000000000127         0.5524082323842566
60.50000000000126         0.6096117760435649
60.52000000000125         0.6499608258115077
60.540000000001235        0.6723675053569532
60.56000000000125         0.6824935742144843
60.58000000000124         0.6852841643281634
60.600000000001245        0.6824107465142955
60.62000000000125         0.6722219785656627
60.64000000000127         0.6498284501079744
60.66000000000127         0.6095012311214257
60.68000000000127         0.5520850719406657
60.70000000000129         0.48877779697715684
60.7200000000013          0.4299800983270077
60.74000000000132         0.38002262538976656
60.760000000001284        0.33897506142677836
60.780000000001316        0.30551744506538486
60.80000000000132         0.2781979116242391
60.82000000000131         0.2557765689843424
60.840000000001304        0.23726799017856506
60.860000000001314        0.22190655621695007
60.88000000000132         0.20910063892841166
60.90000000000131         0.19839246846685937
60.92000000000134         0.18942649305353026
60.94000000000133         0.18192581548071954
60.96000000000134         0.17567224753433555
60.980000000001326        0.1704961547414111
61.00000000000133         0.16626414438010922
61.02000000000134         0.1628723493669664
61.04000000000132         0.16024096407149466
61.06000000000135         0.1583102374523651
61.08000000000132         0.15703759277194193
61.10000000000135         0.15639563346125002
61.120000000001326        0.15637088204305472
61.140000000001365        0.15696317187399325
61.16000000000136         0.15818564813615493
61.18000000000137         0.16006536943530464
61.200000000001374        0.16264454453986402
61.22000000000136         0.1659826542854886
61.24000000000137         0.17015879234031475
61.26000000000138         0.1752763670614413
61.28000000000137         0.18146810318601747
61.30000000000138         0.1889034883576223
61.320000000001386        0.19779865784456926
61.340000000001396        0.20842968543141138
61.360000000001385        0.22115047707724417
61.380000000001395        0.2364166535544712
61.40000000000139         0.25481696606231097
61.420000000001394        0.2771129072262292
61.440000000001405        0.3042835377238575
61.460000000001415        0.3375584059673236
61.480000000001404        0.37837347469244237
61.50000000000141         0.42811783573652346
61.520000000001424        0.4866227337267587
61.54000000000141         0.5496006101746999
61.5600000000014          0.6065124177136347
61.5800000000014          0.646635238080217
61.6000000000014          0.6689049189084921
61.620000000001404        0.6789665161769002
61.6400000000014          0.6817401655165506
61.66000000000143         0.6788874714359446
61.68000000000141         0.6687670396334603
61.70000000000141         0.6465143505887013
61.72000000000141         0.6064171818357534
61.74000000000141         0.5493046465447091
61.76000000000143         0.4862926059597353
61.780000000001436        0.42777032429634854
61.800000000001454        0.3780449288606829
61.82000000000145         0.3371874105030025
61.84000000000145         0.3038841232588169
61.86000000000146         0.27668996502424986
61.88000000000146         0.25437088536519026
61.90000000000147         0.2359461557259356
61.92000000000147         0.22065383571559444
61.94000000000149         0.20790515279996244
61.96000000000147         0.19724455179258016
61.98000000000148         0.1883182023547812
62.000000000001485        0.18085009261516877
62.02000000000148         0.17462414311778185
62.04000000000149         0.169471105376006
62.06000000000147         0.16525775167970463
62.08000000000151         0.16188102501753326
62.100000000001494        0.15926150134128483
62.12000000000151         0.15733971134255617
62.14000000000151         0.15607327176351507
62.1600000000015          0.15543490907309418
62.18000000000151         0.15541122120872197
62.20000000000152         0.1560020710773346
62.22000000000152         0.1572205677645626
62.24000000000152         0.15909365187914823
62.26000000000154         0.1616633336284382
62.28000000000153         0.16498866769117665
62.30000000000153         0.16914860625545886
62.320000000001535        0.1742462831832073
62.340000000001545        0.18041330119827453
62.36000000000154         0.1878185754490457
62.380000000001544        0.19667724513761717
62.40000000000157         0.2072641316317008
62.42000000000155         0.21993150768655156
62.44000000000156         0.23513285828454233
62.460000000001564        0.2534541337398203
62.48000000000157         0.27565325157715376
62.500000000001585        0.3027047410484533
62.52000000000159         0.3358325217033917
62.540000000001584        0.37646604330454814
62.56000000000156         0.4259058677687614
62.58000000000154         0.48422910862404017
62.60000000000156         0.5469157524843496
62.62000000000153         0.6035486865248174
62.64000000000154         0.6434560476214035
62.66000000000152         0.6655956627307691
62.68000000000154         0.6755961506879411
62.700000000001545        0.6783536986004922
62.72000000000154         0.6755204283224786
62.74000000000156         0.6654642230545171
62.760000000001575        0.6433442595370317
62.780000000001586        0.6034651652971169
62.800000000001575        0.5466340098935032
62.82000000000161         0.48380613681867873
62.840000000001616        0.4255750973384898
62.86000000000161         0.3761550871225315
62.880000000001615        0.33548051527345363
62.90000000000159         0.3023257820110095
62.920000000001615        0.2752523171206071
62.940000000001604        0.253031707342151
62.96000000000164         0.23468774978243212
62.98000000000163         0.21946204304219213
63.00000000000161         0.20676855973883052
63.020000000001644        0.19615387271755444
63.04000000000162         0.18726580524419165
63.06000000000166         0.17982963469871197
63.08000000000163         0.17363028975917555
63.10000000000166         0.16849909963249082
63.120000000001674        0.1643039459182527
63.140000000001656        0.1609420467866637
63.160000000001645        0.15833412889357312
63.18000000000164         0.1564211422021732
63.20000000000167         0.15516089965754104
63.22000000000166         0.1545262509170887
63.240000000001686        0.1545038466566534
63.260000000001675        0.15509354376763063
63.28000000000164         0.1563084059447702
63.30000000000169         0.1581752848559765
63.32000000000168         0.16073603195832326
63.34000000000169         0.16404944690701825
63.36000000000166         0.16819412719643564
63.38000000000169         0.17327242804899431
63.40000000000169         0.17941631000647448
63.4200000000017          0.1867929828590917
63.44000000000169         0.19561693745880293
63.460000000001685        0.20616177108201553
63.480000000001716        0.21877820876745516
63.500000000001705        0.23391773146371123
63.52000000000173         0.2521636661198586
63.540000000001704        0.274270501232375
63.560000000001715        0.301208398917797
63.58000000000172         0.33419587482871593
63.60000000000173         0.37465612327364484
63.62000000000172         0.42388390914757507
63.640000000001706        0.481846941896371
63.66000000000173         0.5443742035440561
63.68000000000172         0.6007329728233662
63.700000000001715        0.640438323568155
63.72000000000172         0.6624570935196735
63.740000000001714        0.6724011641489304
63.76000000000173         0.6751440040336716
63.78000000000172         0.6723288843317026
63.8000000000017          0.66233235385691
63.820000000001706        0.6403360412489647
63.840000000001744        0.6006616291857261
63.860000000001705        0.5440970556283813
63.88000000000173         0.4815482361854313
63.90000000000176         0.4235701552069831
63.92000000000175         0.3743289333737059
63.94000000000179         0.33385447816061936
63.96000000000178         0.3008504154154837
63.98000000000177         0.27389209721155383
64.00000000000178         0.25176541518084683
64.02000000000179         0.23349849501191788
64.0400000000018          0.21833631543069623
64.06000000000178         0.20569546838829422
64.08000000000179         0.19512455571493165
64.1000000000018          0.1862729763616945
64.1200000000018          0.17886723557471101
64.14000000000179         0.1726932218673383
64.1600000000018          0.16758301595421043
64.18000000000184         0.16340508711368223
64.20000000000181         0.16005701465258787
64.22000000000183         0.15746016423233164
64.24000000000183         0.1555554615706652
64.26000000000182         0.15430100396674395
64.2800000000018          0.15366976350741726
64.3000000000018          0.15364845171269811
64.32000000000185         0.15423692434100783
64.34000000000181         0.15544817823800952
64.36000000000183         0.1573089420001063
64.38000000000183         0.15986090213023957
64.40000000000182         0.16316263848551085
64.42000000000185         0.1672924412013366
64.44000000000183         0.17235223201256086
64.46000000000187         0.1784729415726566
64.48000000000185         0.18582176541144266
64.50000000000188         0.19461289697642148
64.52000000000186         0.2051172035396031
64.54000000000187         0.21768457208277409
64.56000000000186         0.23276456588940383
64.58000000000186         0.25093803486664445
64.60000000000188         0.2729562336805684
64.62000000000188         0.29978514420095514
64.64000000000188         0.3326380780517965
64.66000000000187         0.37293222725431313
64.68000000000188         0.4219568088046549
64.70000000000188         0.47967867480127807
64.72000000000186         0.5419403531847238
64.74000000000187         0.5982179389382595
64.76000000000185         0.6376503811737332
64.78000000000185         0.659465937170603
64.80000000000187         0.6693570306798805
64.82000000000187         0.6720861759186417
64.84000000000187         0.6692882680324912
64.86000000000188         0.6593480498319972
64.88000000000187         0.6374685682261175
64.90000000000187         0.5979883539575381
64.92000000000188         0.5416779862888982
64.9400000000019          0.4793961273123764
64.96000000000191         0.42166035551955533
64.98000000000192         0.3726234822141915
65.00000000000193         0.3323163653940532
65.02000000000191         0.29944888269395403
65.04000000000192         0.2726003297825573
65.06000000000193         0.25056379797944484
65.08000000000196         0.23237087227147055
65.10000000000196         0.21726976654751165
65.12000000000195         0.20467958008568918
65.14000000000195         0.19415085124210282
65.16000000000196         0.18533447742573206
65.18000000000194         0.17795813155235973
65.20000000000195         0.17180862102286984
65.22000000000195         0.16671875156970875
65.24000000000198         0.1625575583504601
65.26000000000197         0.15922305879564982
65.28000000000196         0.1566368902889632
65.30000000000197         0.15474037964385443
65.32000000000198         0.1534917340198635
65.34000000000198         0.15286399099365466
65.36000000000199         0.15284396320015803
65.38000000000198         0.15343151390840917
65.40000000000201         0.15463959137899894
65.42000000000199         0.1564948129067225
65.440000000002           0.15903868254718362
65.460000000002           0.16232953802049074
65.480000000002           0.16644537103086546
65.50000000000202         0.17148772392626838
65.52000000000203         0.1775870211087804
65.540000000002           0.1849097793938247
65.56000000000199         0.19366834720270995
65.58000000000202         0.2041339926812101
65.60000000000203         0.21665643943700152
65.62000000000202         0.23168021631921254
65.64000000000203         0.2497852235475203
65.66000000000206         0.2717196998175952
65.68000000000201         0.29844573364365296
65.70000000000203         0.3311717413969078
65.72000000000205         0.37130924286065947
65.74000000000204         0.42014223413823437
65.76000000000205         0.4776367764504778
65.78000000000203         0.5396481696364341
65.80000000000206         0.5956880730895605
65.82000000000201         0.6349401127454417
65.84000000000201         0.6566550641289031
65.86000000000203         0.6664900068602118
65.88000000000201         0.6692063216260201
65.90000000000202         0.6664246236500768
65.92000000000202         0.6565372929148954
65.94000000000202         0.6347675247393857
65.96000000000203         0.5954699489100679
65.98000000000206         0.5393991884554638
66.00000000000206         0.47736934457559566
66.02000000000207         0.41986246743895467
66.04000000000208         0.3710186710721471
66.06000000000209         0.33086968474400313
66.08000000000212         0.29813063979327653
66.1000000000021          0.2713897308344504
66.1200000000021          0.2494385074887987
66.14000000000209         0.2313123365878359
66.1600000000021          0.21626908615360976
66.18000000000211         0.2037269386263181
66.20000000000212         0.1932382423651682
66.22000000000214         0.18445530106835278
66.24000000000211         0.1771068883982024
66.26000000000212         0.17098067128535624
66.28000000000213         0.1659101281493101
66.30000000000214         0.16176482865345476
66.32000000000212         0.15844321864650615
66.34000000000215         0.1558672734288888
66.36000000000217         0.15397856783329467
66.38000000000216         0.15273545747231332
66.40000000000214         0.15211114066476145
66.42000000000213         0.15209243987793947
66.44000000000214         0.1526792284961306
66.46000000000214         0.15388441739755748
66.48000000000215         0.15573452724315648
66.50000000000215         0.15827090476521352
66.52000000000216         0.16155165617042677
66.54000000000218         0.16565445624762173
66.56000000000216         0.17068045869646004
66.58000000000217         0.1767596109657118
66.60000000000217         0.1840578237135615
66.62000000000218         0.19278664013148994
66.64000000000217         0.20321627553860314
66.66000000000217         0.21569314064733636
66.68000000000218         0.23066589234231466
66.70000000000219         0.24870632815839455
66.72000000000219         0.27056176949006777
66.74000000000218         0.29719062329884205
66.76000000000218         0.3297966768290699
66.78000000000219         0.3697860164460176
66.8000000000022          0.4184376172894147
66.8200000000022          0.4757169227462568
66.84000000000219         0.5374921558546735
66.8600000000022          0.5933101471852492
66.88000000000218         0.6323966199779157
66.90000000000218         0.65401484434791
66.92000000000218         0.6637993150257027
66.94000000000217         0.6665105778616552
66.9600000000022          0.6637443841216609
66.98000000000216         0.6539063121198406
67.00000000000222         0.6322385762706827
67.0200000000022          0.5931113443790753
67.0400000000022          0.5372649480342745
67.06000000000222         0.4754716695814105
67.08000000000223         0.41817984302311606
67.10000000000224         0.3695174623951635
67.12000000000226         0.3295170437132997
67.14000000000227         0.2968986671720386
67.16000000000226         0.2702558653991006
67.18000000000225         0.2483847899835132
67.20000000000228         0.2303271235496289
67.22000000000226         0.21533762310568155
67.24000000000227         0.2028387434118704
67.26000000000226         0.192387725065198
67.2800000000023          0.18363626528214105
67.30000000000226         0.17631417838749022
67.32000000000227         0.17020994399810846
67.34000000000226         0.16515767441482793
67.36000000000229         0.1610274305572784
67.38000000000228         0.15771803378912724
67.40000000000227         0.15515174855582636
67.42000000000232         0.15327038463907877
67.4400000000023          0.15203248931491947
67.4600000000023          0.15141139145454646
67.4800000000023          0.15139398366867918
67.5000000000023          0.15198011102430306
67.52000000000231         0.153182660181473
67.54000000000231         0.15502805109695642
67.56000000000235         0.1575574864367924
67.58000000000231         0.16082886695029655
67.60000000000232         0.16491958570912357
67.62000000000232         0.16993041772801415
67.64000000000233         0.17599082886049386
67.66000000000234         0.183266144719102
67.68000000000232         0.19196717511822278
67.70000000000235         0.2023631858584517
67.72000000000233         0.2147993355521856
67.74000000000233         0.2297200164591953
67.76000000000235         0.24769958776733209
67.78000000000236         0.2694845795532877
67.80000000000236         0.29602280696726474
67.82000000000235         0.32851704453092745
67.84000000000239         0.36836839149458517
67.86000000000234         0.41685116551476115
67.88000000000235         0.4739302033135603
67.90000000000235         0.5354855732921753
67.92000000000235         0.5910964949024804
67.94000000000236         0.6300279029383674
67.96000000000232         0.651555262828519
67.98000000000233         0.661297838058772
68.00000000000233         0.6639984196250444
68.02000000000231         0.6612519913583443
68.04000000000232         0.6514466846083229
68.06000000000236         0.6298786433669818
68.08000000000234         0.5909086760409942
68.10000000000234         0.5352712318341777
68.12000000000238         0.47369946007262004
68.1400000000024          0.4166093587024306
68.1600000000024          0.3681171581440569
68.18000000000241         0.3282560445233911
68.20000000000243         0.29575076972262576
68.22000000000241         0.2691999073453088
68.24000000000242         0.24740394210673328
68.2600000000024          0.22940799169080536
68.28000000000242         0.21446948840064575
68.30000000000243         0.2020143183503957
68.32000000000242         0.19159816132493884
68.34000000000245         0.18287522630450817
68.36000000000243         0.17557778922710673
68.38000000000243         0.16949413943261815
68.40000000000245         0.16445898532973718
68.42000000000245         0.16034285329359788
68.44000000000244         0.15704492499477765
68.46000000000245         0.15448773769118462
68.48000000000246         0.15261329784490965
68.50000000000246         0.1513802886199133
68.52000000000247         0.15076214804694896
68.54000000000245         0.15074585389245296
68.56000000000246         0.15133131269077152
68.58000000000246         0.15253135357022027
68.60000000000248         0.15437224614110914
68.6200000000025          0.15689515075738322
68.64000000000247         0.16015773317040552
68.66000000000247         0.1642371282339643
68.68000000000248         0.16923377093149644
68.70000000000248         0.17527668026770074
68.72000000000249         0.18253060680342878
68.7400000000025          0.19120565606062195
68.76000000000252         0.201570203810321
68.78000000000249         0.21396826933020124
68.8000000000025          0.2288427459227033
68.82000000000251         0.2467660478240391
68.84000000000249         0.26847898072613907
68.8600000000025          0.2949351365946809
68.8800000000025          0.3273257046431382
68.90000000000254         0.3670483436584912
68.92000000000252         0.41537376078591387
68.94000000000251         0.4722661799318458
68.9600000000025          0.5336164882695031
68.98000000000249         0.5890337339271913
69.00000000000249         0.6278194771904534
69.02000000000248         0.6492611551698363
69.04000000000248         0.6589640154219752
69.06000000000247         0.6616541719669319
69.08000000000247         0.6589202355721548
69.10000000000248         0.6491564474315442
69.12000000000252         0.6275875107708541
69.14000000000249         0.5886828694600766
69.1600000000025          0.5334094682787397
69.18000000000254         0.4720448492374776
69.20000000000253         0.4151435560163444
69.22000000000256         0.3668107415134406
69.24000000000255         0.3270801849822925
69.26000000000258         0.2946809945283252
69.28000000000256         0.2682164465008607
69.30000000000258         0.2464910599094665
69.32000000000258         0.22855316196710737
69.3400000000026          0.21366268169349406
69.36000000000259         0.20124744233391437
69.38000000000258         0.19086463147801266
69.40000000000259         0.18217028629254994
69.42000000000257         0.17489563262792815
69.44000000000261         0.16883163910183438
69.4600000000026          0.16381292181292953
69.4800000000026          0.1597104473534103
69.5000000000026          0.15642374112081772
69.5200000000026          0.15387560572937792
69.5400000000026          0.15200824743900618
69.56000000000262         0.15078049190751083
69.58000000000263         0.15016586773709797
69.60000000000261         0.15015140698880705
69.62000000000262         0.1507370521396741
69.64000000000263         0.15193562738370348
69.66000000000264         0.15377341176545978
69.68000000000262         0.15629135048370973
69.70000000000265         0.1595468429171064
69.72000000000263         0.16361702972979386
69.74000000000264         0.16860195543802453
69.76000000000266         0.17463025882515798
69.78000000000266         0.18186619810106483
69.80000000000267         0.19051924781912652
69.82000000000266         0.20085698414044018
69.84000000000265         0.21322240277734894
69.86000000000266         0.22805706770484
69.88000000000265         0.245931664020176
69.90000000000266         0.26758475909298496
69.92000000000266         0.2939670706569853
69.94000000000268         0.3262749917209008
69.96000000000268         0.36590948669241075
69.98000000000266         0.41406213411383286
70.00000000000267         0.47078936163649365
70.02000000000267         0.5319580108031469
70.04000000000266         0.5872041448870363
70.06000000000265         0.6258618614668968
70.08000000000263         0.647228394021644
70.10000000000264         0.6568963857329642
70.12000000000263         0.659577736728605
70.14000000000263         0.6568563710118609
70.16000000000264         0.647133389742082
70.18000000000265         0.6256500466139457
70.20000000000265         0.5868898849390917
70.22000000000267         0.5318001667134027
70.24000000000268         0.4706610075541448
70.2600000000027          0.4139650929676157
70.28000000000269         0.36581717551250553
70.30000000000274         0.3262502933664775
70.32000000000272         0.2939967422376175
70.34000000000273         0.2676637262747557
70.36000000000273         0.24605940673256654
70.38000000000278         0.22823525705363296
70.40000000000273         0.21345386991298743
70.42000000000274         0.201145329481564
70.44000000000275         0.1908687701426414
70.46000000000276         0.18228195267579683
70.48000000000275         0.17511812386684075
70.50000000000276         0.1691686962521567
70.52000000000278         0.16427015622730254
70.54000000000275         0.16029536517517137
70.56000000000276         0.15714502689176024
70.58000000000277         0.1547434988209593
70.60000000000278         0.15303465779309797
70.62000000000279         0.15197913534687144
70.64000000000277         0.15155241963807614
70.65000000000002         0.15157095977337245
