% Model:              Untitled.mph
% Version:            COMSOL 5.6.0.280
% Date:               Sep 14 2021, 16:38
% Dimension:          1
% Nodes:              1062
% Expressions:        1
% Description:        线图
% cln1x                   Height
49.45000000000001         0.2081675627568643
49.46000000000002         0.20713140914184125
49.48000000000002         0.20568329961556428
49.500000000000036        0.20506613902833473
49.52000000000005         0.2052971902383495
49.540000000000035        0.20641573033457172
49.560000000000045        0.20846607873619383
49.580000000000055        0.21151722026930292
49.60000000000005         0.2156676836336194
49.620000000000054        0.22105904463596904
49.640000000000065        0.22787583683286636
49.66000000000006         0.23635028568429778
49.68000000000005         0.24678058599742148
49.700000000000074        0.2595527691297823
49.72000000000007         0.2751658057054301
49.740000000000066        0.2942711089652684
49.76000000000007         0.31770229152938806
49.78000000000007         0.3465427634991426
49.800000000000075        0.382153257477705
49.82000000000009         0.42612628898824884
49.8400000000001          0.47992425466198674
49.86000000000009         0.5435830865932224
49.88000000000008         0.612672907270066
49.90000000000008         0.6757630076974179
49.92000000000008         0.7206547476716658
49.94000000000008         0.7458533625945951
49.960000000000086        0.7573460346788452
49.98000000000008         0.7605105760386623
50.0000000000001          0.757180912047255
50.0200000000001          0.7454770260498649
50.040000000000106        0.7199755433026837
50.06000000000009         0.6746523062884117
50.080000000000084        0.6109762998424192
50.10000000000008         0.5411389810038133
50.12000000000008         0.47659258180563935
50.14000000000007         0.421801657812259
50.16000000000008         0.3767600761261323
50.18000000000008         0.3400252578496169
50.2000000000001          0.3100159860753986
50.22000000000008         0.28537693493767374
50.240000000000094        0.2650276444677017
50.26000000000009         0.24812705335295085
50.28000000000009         0.2340230130656615
50.3000000000001          0.22221529795279485
50.32000000000011         0.21231045291522724
50.340000000000124        0.20400319906032685
50.36000000000012         0.19705452766487763
50.380000000000116        0.19127696516886158
50.40000000000012         0.18652360890868402
50.42000000000013         0.18267997713657796
50.440000000000126        0.1796579694212687
50.46000000000013         0.17739142731537605
50.48000000000014         0.17583292982543264
50.50000000000013         0.17495156914142931
50.52000000000013         0.17473154029173749
50.54000000000014         0.17517147309448877
50.56000000000014         0.17628434653638944
50.58000000000013         0.17809824619496778
50.60000000000015         0.18065747014191905
50.62000000000017         0.18402471098670617
50.64000000000016         0.18828406064596812
50.66000000000015         0.19354521102201266
50.68000000000016         0.1999498396013449
50.70000000000018         0.2076790913092534
50.720000000000184        0.2169651102017978
50.740000000000194        0.22809923822126169
50.76000000000019         0.24146109715876538
50.780000000000186        0.25753859094208637
50.80000000000018         0.27696174451255934
50.820000000000185        0.30054585491660274
50.840000000000195        0.32934074705540073
50.8600000000002          0.3646540689012738
50.880000000000194        0.4080240567312379
50.90000000000018         0.4608512289327541
50.9200000000002          0.5231335455786286
50.9400000000002          0.5904968158640913
50.96000000000019         0.6517571210134874
50.98000000000019         0.695121712282059
51.00000000000019         0.7193545165295555
51.020000000000195        0.7303803594580411
51.04000000000019         0.7334227053274097
51.06000000000019         0.7302658093613326
51.0800000000002          0.7190966421966866
51.100000000000186        0.694728641063773
51.1200000000002          0.65120390374783
51.14000000000021         0.5897677983491816
51.16000000000019         0.5222073056632234
51.18000000000019         0.4597038399843339
51.200000000000195        0.40663497691079725
51.22000000000018         0.36300800446245113
51.240000000000194        0.3274270506897895
51.260000000000176        0.29836072943188036
51.280000000000186        0.2744969374833838
51.300000000000196        0.2547901219712877
51.32000000000018         0.23842666171867952
51.34000000000017         0.22477729872861413
51.3600000000002          0.21335495329790038
51.3800000000002          0.20378055660755617
51.400000000000205        0.19576059684995337
51.420000000000215        0.1890630446261775
51.440000000000225        0.18350674923497565
51.46000000000022         0.178949828754337
51.480000000000224        0.1752817759635364
51.50000000000022         0.17241762314916695
51.520000000000216        0.17029364866811258
51.54000000000021         0.1688643302832188
51.56000000000023         0.16810022797466537
51.58000000000025         0.1679866218325039
51.600000000000236        0.16852283678484756
51.620000000000246        0.16972221954663322
51.64000000000025         0.1716127546503946
51.66000000000025         0.17423826558502745
51.68000000000025         0.17766087137804357
51.700000000000244        0.18196356311718476
51.72000000000027         0.18725468962789374
51.74000000000026         0.19367309354924545
51.76000000000026         0.20139592578685706
51.78000000000027         0.2106494399772676
51.800000000000274        0.22172409688526876
51.82000000000026         0.2349912791270502
51.84000000000027         0.2509295753501869
51.86000000000029         0.27015761158709645
51.88000000000029         0.2934757579623121
51.900000000000276        0.32191376870016125
51.920000000000286        0.3567572486932351
51.940000000000296        0.3995135654528002
51.9600000000003          0.45155569087583114
51.9800000000003          0.512869798577434
52.00000000000032         0.5791225126094691
52.0200000000003          0.639270546328787
52.04000000000031         0.6817358016860404
52.0600000000003          0.7054072702987775
52.080000000000304        0.7161627176282044
52.10000000000031         0.7191305137073117
52.12000000000031         0.7160583403966485
52.140000000000306        0.7051750217567839
52.1600000000003          0.6812987408066157
52.18000000000032         0.6386370320765092
52.200000000000315        0.5785482345219238
52.220000000000304        0.5121806578970266
52.24000000000031         0.45074477098848903
52.260000000000296        0.398571941869746
52.2800000000003          0.3556769709314551
52.3000000000003          0.32068916071352555
52.320000000000306        0.29210384143289286
52.340000000000316        0.26863201569607914
52.360000000000326        0.2492467582566813
52.38000000000033         0.2331490718037098
52.40000000000032         0.21972107673575142
52.42000000000033         0.20848453634676783
52.44000000000033         0.19906797476413401
52.46000000000033         0.19118163663663904
52.48000000000033         0.1845983921356208
52.500000000000355        0.17914115346046564
52.520000000000344        0.17467017348458624
52.54000000000034         0.1710770042041888
52.560000000000336        0.168278300089977
52.58000000000033         0.16621159329881388
52.60000000000036         0.1648322960930848
52.62000000000036         0.16411161855093118
52.64000000000037         0.164035268963393
52.660000000000366        0.16460278975241802
52.68000000000037         0.16582753355441193
52.70000000000038         0.16773727295501667
52.720000000000375        0.1703754809470088
52.740000000000364        0.1738032263660515
52.760000000000375        0.17810268770161192
52.7800000000004          0.18338055948386336
52.80000000000039         0.18977414265797232
52.82000000000039         0.19745886594165055
52.8400000000004          0.2066585509711627
52.860000000000404        0.21765921973251043
52.88000000000041         0.23082766033872593
52.90000000000041         0.2466362142577221
52.920000000000435        0.2656953940491866
52.94000000000041         0.2887951836619841
52.96000000000041         0.3169520822261712
52.980000000000416        0.35144445521977796
53.000000000000426        0.3937682821444085
53.020000000000415        0.4451986269591389
53.04000000000042         0.5058122768773995
53.060000000000414        0.5712708832909417
53.08000000000042         0.6306313731670397
53.10000000000043         0.6724648896811594
53.12000000000041         0.6957440766231645
53.14000000000041         0.7063106273018958
53.160000000000416        0.7092265224992184
53.18000000000042         0.7062120550230114
53.2000000000004          0.6955267290481408
53.22000000000042         0.6720574747088182
53.24000000000041         0.6300474588266692
53.2600000000004          0.5707686543835971
53.28000000000041         0.5053518636548195
53.30000000000041         0.4445486790546787
53.32000000000041         0.3930018680793879
53.34000000000044         0.3506186021825648
53.36000000000041         0.316045636410632
53.380000000000415        0.2877968467653167
53.40000000000042         0.2645992735212227
53.42000000000044         0.24543892253871352
53.44000000000043         0.22952695015781413
53.460000000000434        0.21625337847927092
53.480000000000416        0.20514611265743263
53.50000000000044         0.19583846158032145
53.52000000000045         0.18804441070803565
53.54000000000045         0.1815400907837943
53.560000000000464        0.17614975034631175
53.580000000000446        0.17173643535791758
53.60000000000047         0.16819280802643113
53.62000000000046         0.1654366391090768
53.64000000000047         0.1634063371112276
53.66000000000048         0.16205795838029635
53.68000000000048         0.16136314336507523
53.70000000000049         0.16130784835619755
53.720000000000475        0.16189171504207034
53.74000000000048         0.1631280702257002
53.76000000000048         0.16504451161900147
53.78000000000049         0.16768416968022426
53.80000000000049         0.17110773728017487
53.820000000000505        0.1753964173581348
53.8400000000005          0.18065569576373255
53.86000000000051         0.18702209130329053
53.88000000000052         0.19466912762206356
53.9000000000005          0.2038184697222018
53.92000000000051         0.21475337356823013
53.940000000000516        0.2278370474702118
53.96000000000053         0.24353719716167538
53.98000000000053         0.2624583316191246
54.00000000000053         0.28538269809933037
54.02000000000055         0.313316891971487
54.04000000000054         0.3475268998667441
54.06000000000056         0.3894942282959377
54.08000000000054         0.4405649072104256
54.100000000000534        0.5006697835608064
54.120000000000545        0.5654127881750933
54.14000000000055         0.6241805034298405
54.16000000000055         0.6655439423295801
54.18000000000055         0.6885338777741103
54.20000000000054         0.6989624387042789
54.22000000000054         0.7018413810047794
54.24000000000053         0.6988710897281909
54.26000000000054         0.6883330255967451
54.28000000000054         0.6651660045379622
54.30000000000054         0.6236412217338372
54.32000000000054         0.5649717768162948
54.34000000000055         0.500178880294365
54.36000000000055         0.44002089720509024
54.38000000000054         0.3888609448374453
54.40000000000056         0.346863004208011
54.420000000000556        0.3126027370514881
54.440000000000545        0.2846078696384908
54.46000000000055         0.26161742824818407
54.48000000000057         0.24262708280619977
54.50000000000056         0.2268555774951233
54.520000000000564        0.2136988393715342
54.54000000000056         0.20268936358689596
54.56000000000057         0.19346403502684512
54.580000000000574        0.18573963496681362
54.60000000000058         0.1792944875914749
54.620000000000566        0.17395478614730583
54.640000000000576        0.16958442396685136
54.66000000000059         0.1660773421074337
54.68000000000059         0.16335236786464624
54.70000000000059         0.16134840451552898
54.720000000000596        0.16002199928521882
54.740000000000606        0.1593451554738319
54.76000000000061         0.15930404405185994
54.78000000000061         0.15989837440353255
54.80000000000063         0.16114140129794782
54.82000000000061         0.1630605424492777
54.840000000000614        0.16569865460393038
54.86000000000062         0.16911602799898934
54.88000000000062         0.17339329958312943
54.900000000000624        0.17863552165245075
54.92000000000063         0.18497771073618174
54.94000000000066         0.1925916504532005
54.96000000000064         0.2016984506310708
54.98000000000064         0.21257876554850863
55.000000000000654        0.22559308155764937
55.02000000000064         0.2412055873158836
55.040000000000646        0.2600162344379698
55.060000000000656        0.2828013723475036
55.08000000000067         0.3105600679776595
55.10000000000066         0.34454893879956533
55.12000000000067         0.386238587746185
55.14000000000066         0.43696466333631045
55.16000000000067         0.49665483151747325
55.180000000000675        0.5609250388126278
55.20000000000064         0.6192427548780916
55.220000000000645        0.660241590809845
55.24000000000064         0.6830066110202929
55.26000000000066         0.6933277517073467
55.28000000000065         0.6961776121954277
55.30000000000065         0.6932405854031761
55.32000000000065         0.6828144003214627
55.34000000000064         0.659877503721658
55.360000000000646        0.6187235681508776
55.38000000000065         0.5605220378734961
55.400000000000645        0.49620983892807485
55.42000000000066         0.43648440219641677
55.44000000000066         0.38572363185563774
55.460000000000655        0.3439971465454746
55.480000000000665        0.30996919511757326
55.50000000000066         0.2821703763712357
55.520000000000664        0.2593398267812219
55.540000000000674        0.2404806565581916
55.56000000000068         0.2248174487144999
55.5800000000007          0.2117506724874105
55.60000000000068         0.20081635263470668
55.6200000000007          0.19165412294680348
55.64000000000069         0.18398291307116768
55.66000000000069         0.17758273185343662
55.68000000000069         0.17228109652339885
55.7000000000007          0.16794294105913254
55.72000000000072         0.16446312074634065
55.7400000000007          0.16176086352902924
55.76000000000071         0.15977565880448552
55.780000000000705        0.15846450585759345
55.80000000000071         0.1577995948786205
55.820000000000704        0.15776726031103624
55.84000000000072         0.1583672991059396
55.86000000000074         0.15961295607998374
55.88000000000073         0.161531511495204
55.90000000000073         0.1641655472799711
55.92000000000073         0.1675749688896895
55.940000000000744        0.1718399315082378
55.96000000000073         0.1770648678056544
55.98000000000073         0.18338398538907147
56.00000000000077         0.19096871396116766
56.02000000000075         0.20003673395811572
56.04000000000077         0.21086904282706043
56.06000000000076         0.22382320484302978
56.080000000000766        0.23936054349102123
56.10000000000076         0.258077309711762
56.12000000000077         0.2807450610167965
56.14000000000079         0.30835670623327455
56.16000000000077         0.34216116938194646
56.18000000000079         0.3836200963298826
56.20000000000078         0.43406067005328103
56.22000000000079         0.49340844536804135
56.240000000000784        0.5572969742268539
56.26000000000077         0.6150720797626786
56.28000000000078         0.6558625313166498
56.300000000000765        0.6785434626747804
56.32000000000078         0.6887814654702464
56.34000000000078         0.6916095039782443
56.36000000000078         0.6886997086768963
56.38000000000076         0.6783631406053237
56.400000000000766        0.6556103619074545
56.42000000000077         0.6147541113706102
56.44000000000077         0.5569299088080768
56.46000000000077         0.49300655491947437
56.48000000000077         0.4336313949529459
56.50000000000079         0.3831652365505531
56.520000000000785        0.34167963348189745
56.54000000000079         0.3078462845745036
56.56000000000078         0.2802032709102489
56.58000000000079         0.2575051094706896
56.60000000000079         0.23875167840456638
56.62000000000079         0.22317559927450506
56.64000000000081         0.21018101025629027
56.660000000000785        0.19930678898380114
56.68000000000081         0.1901947931274277
56.7000000000008          0.18256568845741977
56.7200000000008          0.17620084250243156
56.74000000000082         0.17092883729953937
56.76000000000082         0.166615442446774
56.78000000000084         0.1631561663765197
56.80000000000083         0.16047074226517632
56.82000000000083         0.1584990822498832
56.840000000000835        0.15719834598521898
56.86000000000083         0.15654103192943516
56.880000000000834        0.15651354320443417
56.90000000000084         0.15711571089977006
56.92000000000083         0.15836074809744072
56.94000000000084         0.1602758458365665
56.96000000000086         0.16290341173177586
56.98000000000086         0.16630304695382356
57.00000000000085         0.1705544530485633
57.02000000000086         0.17576147049561575
57.040000000000866        0.18205758809163275
57.06000000000086         0.18961333244596296
57.08000000000086         0.1986462293816715
57.10000000000088         0.20943421977485305
57.12000000000087         0.22233165300824045
57.14000000000089         0.23780069778010723
57.16000000000089         0.2564330056669213
57.18000000000089         0.2789960674783106
57.200000000000884        0.30647758934090047
57.22000000000088         0.34012001131883246
57.24000000000092         0.3813774543602716
57.2600000000009          0.43157003668048627
57.280000000000896        0.4906214715658974
57.30000000000089         0.5541794698631962
57.32000000000089         0.6116321871387895
57.34000000000088         0.6521673913672859
57.36000000000087         0.6746842775902522
57.380000000000884        0.6848605092454283
57.40000000000088         0.687662032058036
57.4200000000009          0.6847749344792208
57.44000000000088         0.6745150534178442
57.46000000000088         0.6519204968999803
57.48000000000088         0.6113207981746356
57.500000000000895        0.5538227307131959
57.520000000000906        0.4902361064479302
57.540000000000894        0.4311644864659168
57.56000000000091         0.38095361852077153
57.5800000000009          0.33967667864472484
57.60000000000091         0.3060124412360247
57.6200000000009          0.2785065412147037
57.64000000000092         0.2559166262534833
57.660000000000906        0.2372578977634986
57.68000000000091         0.22175697197736158
57.700000000000905        0.20882452144575656
57.72000000000092         0.19800188779777228
57.74000000000094         0.18893284490311235
57.76000000000094         0.18133955905474836
57.78000000000095         0.1750045793219218
57.800000000000935        0.16975741601936198
57.820000000000924        0.1654645620859564
57.84000000000094         0.1620220842964706
57.86000000000093         0.15935014500966033
57.88000000000097         0.1573889806006572
57.90000000000095         0.1560960062331185
57.92000000000097         0.15544381873352303
57.94000000000096         0.15541895140222764
57.96000000000095         0.15602124625232217
57.98000000000097         0.15726385943967275
58.00000000000097         0.15917386321536162
58.02000000000097         0.16179348151906392
58.04000000000097         0.16518206878709546
58.060000000000976        0.16941897420749616
58.080000000000986        0.1746075283890903
58.10000000000098         0.18088052621055756
58.12000000000098         0.1884076129119808
58.140000000001           0.19740523337654733
58.160000000001006        0.2081499590601777
58.18000000000101         0.2209963999694138
58.200000000001005        0.23640112834641938
58.220000000001015        0.25495074824110553
58.240000000001004        0.2774151341580273
58.26000000000101         0.3047744610599831
58.28000000000101         0.3382651625488588
58.30000000000104         0.37933436928003456
58.320000000001016        0.4292956450885866
58.34000000000102         0.4880713179097778
58.36000000000102         0.5513235516368601
58.380000000001026        0.6084817547602903
58.40000000000101         0.6487878440337975
58.420000000001004        0.6711656451916755
58.44000000000101         0.681276305841078
58.460000000000996        0.6840605497141831
58.48000000000102         0.6811941620328662
58.500000000001           0.6710033055907948
58.52000000000101         0.648551243319964
58.54000000000101         0.6081838207855428
58.56000000000101         0.5509830525937078
58.580000000001014        0.4877047752579039
58.60000000000102         0.42891155888432253
58.62000000000102         0.3789348260819657
58.64000000000102         0.33784915267995164
58.66000000000103         0.3043398378657389
58.68000000000102         0.27695946605806426
58.700000000001026        0.25447166273403043
58.720000000001036        0.23589371446312388
58.74000000000103         0.22046211548731248
58.760000000001035        0.20758832458142196
58.78000000000102         0.19681266569925845
58.800000000001056        0.1877826608885909
58.82000000000105         0.18022184273702885
58.84000000000105         0.17391382511012826
58.86000000000106         0.16868895567358
58.88000000000106         0.16441439259971197
58.900000000001064        0.1609867287575732
58.92000000000107         0.15832652800753735
58.94000000000108         0.15637432033679308
58.96000000000107         0.15508772712333355
58.98000000000107         0.1544394801962729
59.00000000000107         0.15441617377008138
59.0200000000011          0.1550176597254395
59.040000000001086        0.15625708529586857
59.06000000000109         0.1581613369841203
59.08000000000111         0.1607724715118222
59.100000000001096        0.16414957481301007
59.1200000000011          0.16837164863643272
59.140000000001095        0.1735415866765661
59.1600000000011          0.17979158613963173
59.18000000000111         0.18729048112532123
59.20000000000111         0.19625365019808444
59.22000000000112         0.20695633070414954
59.240000000001125        0.21975145518941117
59.260000000001135        0.2350934421578315
59.28000000000113         0.2535694838111565
59.30000000000113         0.2759357629185513
59.320000000001116        0.3031779400413542
59.34000000000113         0.33652334846433957
59.360000000001136        0.37741242091945987
59.38000000000115         0.4271524612347805
59.40000000000115         0.4856647168620873
59.42000000000113         0.5486262481552466
59.44000000000113         0.6055075336161239
59.46000000000113         0.6456016823445142
59.48000000000113         0.6678526038013466
59.500000000001116        0.6779040303145291
59.52000000000111         0.6806730544726125
59.540000000001115        0.6778203887239191
59.560000000001104        0.6677065908403781
59.58000000000113         0.6453810378132273
59.600000000001124        0.6052311784520139
59.620000000001134        0.5483101013380268
59.64000000000113         0.48532276836781757
59.66000000000114         0.4267925709526677
59.68000000000112         0.3770371023736607
59.70000000000113         0.3361321969428599
59.72000000000115         0.30276930587128886
59.74000000000114         0.2755075846735473
59.76000000000115         0.253116298141274
59.78000000000115         0.2346172639841264
59.80000000000115         0.2192505224577212
59.82000000000114         0.20642887039456823
59.840000000001154        0.19569801998248737
59.86000000000117         0.18670585628383243
59.88000000000116         0.17917567309165272
59.90000000000117         0.17289307147405256
59.920000000001174        0.1676891848457559
59.94000000000118         0.16343178031918063
59.96000000000118         0.16001792431445172
59.98000000000118         0.15736855562156946
60.00000000000118         0.15542449908078518
60.0200000000012          0.1541435873985791
60.0400000000012          0.15349868294017208
60.060000000001196        0.1534764390278668
60.08000000000119         0.15407670798534065
60.1000000000012          0.15531253642751086
60.1200000000012          0.15721082227458374
60.14000000000121         0.15981330622213494
60.16000000000122         0.16317885467936713
60.180000000001236        0.16738611828418226
60.20000000000122         0.1725375392718634
60.22000000000123         0.17876475327591748
60.24000000000124         0.1862358785831509
60.26000000000124         0.19516533164581654
60.28000000000126         0.20582708122868948
60.30000000000124         0.2185724226146517
60.32000000000126         0.23385371641941669
60.340000000001254        0.25225552131474777
60.36000000000126         0.2745339293774886
60.38000000000127         0.301661062714103
60.40000000000126         0.33486668676966136
60.420000000001295        0.3755837476813066
60.44000000000126         0.4251130461267784
60.46000000000129         0.4833747237475202
60.480000000001276        0.5460591458749076
60.50000000000126         0.6026743340610223
60.52000000000126         0.6425621993449682
60.540000000001264        0.6646882812961534
60.56000000000126         0.6746809489441254
60.58000000000125         0.6774343601024809
60.60000000000126         0.6746000261993111
60.620000000001255        0.6645472450948475
60.64000000000127         0.6424380149861078
60.66000000000126         0.6025771604367676
60.680000000001264        0.5457527459648067
60.70000000000127         0.48304452962222366
60.72000000000128         0.42476694307799373
60.74000000000128         0.37522411314364174
60.76000000000129         0.33449301893318045
60.7800000000013          0.30127099190860507
60.80000000000129         0.2741234779572911
60.8200000000013          0.251825152602478
60.840000000001304        0.23340217820362077
60.8600000000013          0.21809799283336254
60.88000000000131         0.20532802867330274
60.900000000001306        0.1946400405442438
60.92000000000134         0.18568282613444761
60.940000000001326        0.17818293823995304
60.96000000000133         0.17192492450243713
60.98000000000132         0.1667413476117183
61.000000000001336        0.16250056500838453
61.020000000001346        0.159100098779185
61.04000000000135         0.15646123104831539
61.060000000001374        0.15452504030349812
61.08000000000135         0.1532495528659206
61.10000000000135         0.15260777429899403
61.120000000001355        0.1525864387942209
61.140000000001365        0.1531854089636584
61.16000000000136         0.15441767268237558
61.180000000001364        0.156309941710979
61.200000000001396        0.15890387744893747
61.22000000000137         0.16225819498195354
61.24000000000137         0.16645096696254064
61.260000000001384        0.17158429471047498
61.2800000000014          0.17778924705535562
61.3000000000014          0.18523323188470833
61.32000000000139         0.19412977816729385
61.34000000000142         0.20475168404469876
61.360000000001406        0.21744870879221423
61.380000000001424        0.2326711969893837
61.40000000000142         0.25100114785606453
61.42000000000142         0.27319138702712004
61.440000000001426        0.30020987005803285
61.46000000000142         0.33327215844823443
61.480000000001446        0.37379755372940576
61.50000000000143         0.4231580657828559
61.52000000000143         0.48117807227793846
61.54000000000142         0.5435956881405001
61.56000000000144         0.5999556252486009
61.58000000000143         0.6396467480166258
61.60000000000141         0.6616544103909975
61.62000000000141         0.6715915268105077
61.6400000000014          0.6743301721429689
61.66000000000143         0.6715130327799796
61.68000000000141         0.6615175973707464
61.700000000001424        0.6395274577869378
61.72000000000141         0.5998639288971652
61.740000000001416        0.5433066132593034
61.76000000000143         0.48085714310399125
61.780000000001436        0.42282349030835054
61.800000000001454        0.3734860630447443
61.82000000000145         0.3329228355475867
61.84000000000145         0.299836837091332
61.86000000000146         0.27279960590491975
61.88000000000145         0.2505910600904956
61.90000000000146         0.23224156274789265
61.92000000000147         0.21699783197811642
61.94000000000149         0.20427784136189114
61.96000000000147         0.19363131417903068
61.98000000000148         0.18470857693722562
62.000000000001485        0.17723691290238633
62.0200000000015          0.171002868741609
62.0400000000015          0.16583929775716558
62.0600000000015          0.16161464411961346
62.08000000000152         0.15822718669278996
62.1000000000015          0.1555985460414042
62.12000000000151         0.15367005076998372
62.140000000001514        0.15239989834297699
62.160000000001524        0.15176119880539624
62.18000000000153         0.15174074984149166
62.20000000000153         0.15233844046337985
62.22000000000156         0.15356723027190824
62.24000000000156         0.15545373037741173
62.26000000000155         0.1580394254877559
62.28000000000155         0.16138263214931395
62.30000000000155         0.16556132526508763
62.32000000000156         0.17067738712525624
62.34000000000157         0.17686082687208968
62.360000000001584        0.18427857046621676
62.38000000000158         0.19314326086236677
62.400000000001576        0.2037265852190123
62.420000000001586        0.21637686087476365
62.440000000001575        0.2315425390108824
62.46000000000157         0.2498031295553333
62.48000000000159         0.2719082689776313
62.5000000000016          0.29882186952772344
62.5200000000016          0.3317544598879788
62.5400000000016          0.37211949984897086
62.5600000000016          0.42120146617134374
62.580000000001576        0.4790697733772889
62.6000000000016          0.5412303598754068
62.620000000001575        0.5973464166327455
62.64000000000156         0.6368519138651616
62.66000000000153         0.6587490831659154
62.68000000000157         0.6686347878770182
62.70000000000153         0.6713600811030873
62.720000000001555        0.6685595246405908
62.74000000000157         0.6586185313288042
62.760000000001575        0.6367414419241433
62.78000000000157         0.5972659211881511
62.800000000001575        0.5409547785304962
62.820000000001585        0.4786559263797283
62.840000000001574        0.420882580298455
62.86000000000161         0.37182427345088215
62.88000000000163         0.33142249533413615
62.900000000001604        0.29846734178403495
62.920000000001615        0.27153621727495125
62.94000000000162         0.2494140831791066
62.96000000000163         0.23113533867758557
62.98000000000163         0.2159498511349117
63.00000000000164         0.20327803330121588
63.02000000000163         0.1926714972518081
63.04000000000163         0.18378203604657364
63.06000000000166         0.17633807573833166
63.08000000000162         0.17012705629532907
63.10000000000166         0.16498231616964673
63.120000000001674        0.16077334372077293
63.14000000000164         0.15739863597818
63.160000000001645        0.15477991880324035
63.18000000000166         0.15285891002270466
63.20000000000167         0.1515939805402267
63.220000000001676        0.15095834925276513
63.240000000001686        0.150938859443394
63.2600000000017          0.15153538976379097
63.2800000000017          0.15276085581945315
63.30000000000172         0.15464178955374155
63.32000000000168         0.15721953784585874
63.3400000000017          0.16055219371658455
63.360000000001705        0.16471741594769299
63.3800000000017          0.16981635390724512
63.40000000000172         0.17597945036259127
63.420000000001714        0.1833719971735641
63.44000000000172         0.1922060987931161
63.460000000001706        0.20275235262680885
63.48000000000173         0.21535770052813433
63.500000000001705        0.23046882104371377
63.52000000000173         0.24866289516397277
63.54000000000175         0.27068651530315174
63.56000000000173         0.29749970574939955
63.58000000000176         0.33030818611795126
63.60000000000175         0.37051984769895757
63.620000000001774        0.4194140082746941
63.640000000001734        0.47695157770175045
63.660000000001745        0.538984613469792
63.68000000000173         0.5948571287389091
63.70000000000173         0.6341855362530533
63.72000000000172         0.6559773850530826
63.740000000001714        0.6658141545346553
63.76000000000172         0.6685268137968666
63.78000000000171         0.6657421538712407
63.80000000000172         0.6558531298465433
63.82000000000172         0.6340838859358222
63.840000000001744        0.5947877914305089
63.86000000000175         0.5387117797249692
63.88000000000173         0.47665995392637583
63.90000000000176         0.41911073839403584
63.920000000001764        0.37020693397405674
63.940000000001774        0.3299850778064326
63.96000000000179         0.2971641546367182
63.9800000000018          0.2703347309789594
64.00000000000179         0.24829548142874003
64.02000000000179         0.2300846563941278
64.0400000000018          0.21495512834872094
64.06000000000179         0.20232963778613336
64.0800000000018          0.19176159945179086
64.1000000000018          0.18290420630894508
64.12000000000181         0.17548697544006273
64.14000000000182         0.169298199738434
64.16000000000182         0.16417188547446987
64.18000000000183         0.15997804338032223
64.20000000000182         0.15661547969512407
64.2200000000018          0.15400652434320047
64.24000000000184         0.15209283791410125
64.26000000000184         0.15083305630245572
64.28000000000183         0.15020050750048608
64.30000000000186         0.1501820892064504
64.32000000000185         0.15077767948833554
64.34000000000185         0.15200013405835847
64.36000000000185         0.15387587188234816
64.38000000000186         0.15644609173691845
64.40000000000187         0.15976869372923239
64.42000000000188         0.16392106883629023
64.44000000000187         0.16900398535070035
64.46000000000188         0.17514691592747034
64.48000000000188         0.18251522930022684
64.50000000000188         0.19132084190064996
64.52000000000189         0.20183174147351604
64.54000000000187         0.2143942096452546
64.56000000000189         0.22945322627784734
64.5800000000019          0.2475837846583492
64.60000000000191         0.2695296113261125
64.6200000000019          0.296247023105481
64.6400000000019          0.32893710822842825
64.66000000000192         0.36900241032055575
64.68000000000193         0.4177173055062218
64.7000000000019          0.47504201303505134
64.7200000000019          0.5368410108741622
64.74000000000188         0.5926631904964571
64.76000000000188         0.6317438051537589
64.78000000000188         0.6533489875867232
64.80000000000186         0.6631405301357812
64.82000000000187         0.6658416613524993
64.84000000000188         0.6630719146794695
64.86000000000186         0.6532312989118375
64.88000000000189         0.6315627157736887
64.90000000000188         0.5924352111140412
64.92000000000188         0.5365819649861198
64.94000000000189         0.47476538951834923
64.96000000000191         0.4174299945064354
64.98000000000194         0.36870637053270294
65.00000000000192         0.32863184498882697
65.02000000000194         0.295931045204863
65.04000000000191         0.26919787504855125
65.06000000000195         0.24723760272021086
65.08000000000195         0.22909148941537197
65.10000000000194         0.2140152804143462
65.12000000000195         0.2014339372153472
65.14000000000195         0.19090258595058146
65.16000000000196         0.18207574124186907
65.18000000000198         0.17468394965470155
65.20000000000195         0.16851631662385394
65.22000000000197         0.1634074922997823
65.24000000000197         0.1592279917469404
65.260000000002           0.15587701013555574
65.28000000000199         0.1532771075408665
65.30000000000199         0.15137031615376995
65.32000000000198         0.15011535780429627
65.340000000002           0.1494856095929808
65.360000000002           0.14946806183831174
65.38000000000201         0.15006259714251247
65.40000000000201         0.1512820256816102
65.42000000000202         0.15315266468161012
65.44000000000202         0.15571554621423764
65.46000000000203         0.15902834790202608
65.48000000000202         0.16316819054240134
65.50000000000203         0.16823550291050457
65.52000000000204         0.17435930674833314
65.54000000000201         0.18170436204044027
65.56000000000203         0.190480820610031
65.58000000000204         0.20095719827917433
65.60000000000205         0.21347976056082787
65.62000000000205         0.22848861714917748
65.64000000000206         0.24655805478542578
65.66000000000206         0.26842908806661064
65.68000000000208         0.29505452060147463
65.70000000000208         0.327631014313951
65.72000000000207         0.3675559627795462
65.74000000000208         0.4160990040083585
65.76000000000207         0.47321975379312387
65.78000000000208         0.5347948224852948
65.80000000000207         0.5904062483888824
65.82000000000204         0.6293292736045929
65.84000000000201         0.6508485315225602
65.86000000000202         0.6605913371331088
65.88000000000203         0.6632817477293367
65.90000000000201         0.6605261934861869
65.92000000000203         0.650731355377135
65.94000000000203         0.6291580284133671
65.96000000000205         0.5901906493856794
65.98000000000204         0.5345499725958776
66.00000000000206         0.47295854992624514
66.02000000000206         0.41582804577228655
66.04000000000207         0.3672771406154181
66.0600000000021          0.3273438762761244
66.0800000000021          0.2947576431865377
66.10000000000208         0.26812070379770525
66.12000000000208         0.24623633580975846
66.1400000000021          0.22814917339431942
66.16000000000211         0.21312431315353425
66.1800000000021          0.2005855541052111
66.2000000000021          0.19008964254584035
66.22000000000216         0.18129235594873275
66.24000000000213         0.17392523013166045
66.26000000000214         0.1677781404267593
66.28000000000213         0.16268633637696725
66.30000000000214         0.15852080699050428
66.32000000000214         0.15518112970219025
66.34000000000215         0.1525901720616524
66.36000000000217         0.1506901933605069
66.38000000000216         0.14944004848774162
66.40000000000217         0.14881326313781879
66.42000000000216         0.14879682840637798
66.44000000000217         0.14939063491376403
66.46000000000217         0.15060745911137274
66.48000000000218         0.152473531028727
66.50000000000222         0.15502974112264167
66.5200000000022          0.1583335584271775
66.54000000000218         0.16246181710308535
66.56000000000219         0.16751459529004686
66.5800000000022          0.17362048740581226
66.6000000000022          0.18094371356643257
66.62000000000222         0.18969370728270873
66.64000000000225         0.20013804238469823
66.66000000000221         0.21261980458078975
66.68000000000222         0.22758344383188164
66.7000000000022          0.24559535174793165
66.72000000000223         0.26739594120245946
66.74000000000223         0.29393473177869217
66.76000000000222         0.3264042521786355
66.78000000000226         0.36619704478013
66.80000000000224         0.41457826136444287
66.82000000000224         0.47150696726657854
66.84000000000223         0.5328713225877956
66.86000000000223         0.5882848166120979
66.8800000000022          0.6270603543225497
66.90000000000218         0.6484936488677019
66.92000000000219         0.6581910357315178
66.94000000000217         0.6608775299537738
66.9600000000022          0.658135389953156
66.98000000000216         0.6483834123246396
67.00000000000222         0.626899271765687
67.0200000000022          0.5880820776790353
67.04000000000222         0.5326412127362489
67.0600000000022          0.47126172094875984
67.08000000000224         0.41432418377515573
67.10000000000224         0.36593597671383477
67.12000000000225         0.32613579650343266
67.14000000000227         0.2936575238251879
67.16000000000226         0.2671082602345568
67.18000000000227         0.24529544632771635
67.20000000000226         0.22726967249183266
67.22000000000227         0.2122926294841678
67.24000000000225         0.19979215579349102
67.2600000000023          0.1893297407659442
67.2800000000023          0.1805604128583934
67.30000000000229         0.17321664293740877
67.3200000000023          0.1670890361552945
67.34000000000229         0.16201341128669555
67.3600000000023          0.15786119857330225
67.38000000000231         0.1545323113887915
67.40000000000231         0.1519498726639289
67.42000000000233         0.1500563493514164
67.44000000000231         0.14881076911510896
67.46000000000232         0.14818678084128586
67.48000000000233         0.14817144391361955
67.50000000000232         0.14876461943603517
67.52000000000234         0.14997906227279534
67.54000000000234         0.15184090897965313
67.56000000000236         0.15439091921291181
67.58000000000236         0.15768637611885494
67.60000000000237         0.16180385903268527
67.62000000000236         0.16684310290713558
67.64000000000236         0.17293226561835734
67.66000000000236         0.18023503975937338
67.68000000000235         0.18896019896916458
67.70000000000238         0.19937446244285337
67.72000000000239         0.21181978600193643
67.7400000000024          0.22673650313964427
67.76000000000238         0.2446937886923255
67.7800000000024          0.2664315061625096
67.8000000000024          0.2928888971284274
67.8200000000024          0.32525787468086287
67.84000000000243         0.3649264360746506
67.86000000000239         0.4131554841697911
67.88000000000237         0.46990361944125897
67.90000000000238         0.5310702533592857
67.92000000000236         0.5862991436265599
67.94000000000236         0.6249384710738375
67.96000000000235         0.6462930416735951
67.98000000000233         0.6559545573382908
68.00000000000233         0.6586322816275147
68.02000000000233         0.6559086940454508
68.04000000000234         0.6461847754663139
68.06000000000236         0.6247900122251115
68.08000000000237         0.5861130749828054
68.10000000000237         0.5308589247817155
68.12000000000238         0.4696775477640042
68.1400000000024          0.41292043604405015
68.16000000000238         0.36468437867763387
68.18000000000242         0.32500867671390776
68.2000000000024          0.29263141044514884
68.22000000000241         0.26616420862613516
68.24000000000242         0.2444183966554838
68.2600000000024          0.22644764003276138
68.28000000000246         0.2115160219166209
68.30000000000243         0.199054610417133
68.32000000000244         0.1886231495876004
68.34000000000245         0.1798790525200348
68.36000000000244         0.17255716544670568
68.38000000000245         0.1664478161943096
68.40000000000246         0.16138735782637992
68.42000000000246         0.15724763767725156
68.44000000000247         0.15392889196157247
68.46000000000247         0.15135448796430276
68.48000000000248         0.1494670680340184
68.50000000000249         0.1482257788404444
68.52000000000247         0.14760436486997092
68.54000000000248         0.1475899632456489
68.56000000000247         0.1481824965036326
68.5800000000025          0.1493946663177936
68.60000000000251         0.15125246590878075
68.62000000000249         0.1537966267398531
68.64000000000252         0.15708421402715478
68.66000000000251         0.16119157333368714
68.68000000000251         0.16621813192598114
68.7000000000025          0.17229164285105827
68.7200000000025          0.1795752780307202
68.74000000000252         0.18827717596998605
68.76000000000253         0.19866325325278286
68.78000000000253         0.21107443680711788
68.80000000000254         0.22594970448673232
68.82000000000255         0.24385647091557142
68.84000000000253         0.26552911392333917
68.86000000000251         0.2919129508171348
68.88000000000255         0.3241886397605405
68.90000000000256         0.36374118123088706
68.92000000000256         0.4118282320944361
68.94000000000256         0.46840791196554693
68.96000000000252         0.5293898853733354
68.98000000000252         0.584445725237908
69.0000000000025          0.6229565645745262
69.02000000000248         0.6442363969616995
69.04000000000246         0.6538635461564383
69.06000000000247         0.6565324415565552
69.08000000000247         0.6538200690885616
69.10000000000248         0.6441329274578647
69.1200000000025          0.622727889276895
69.1400000000025          0.5841002346822096
69.1600000000025          0.5291895043137193
69.18000000000255         0.46819446977821805
69.20000000000253         0.41160744901689433
69.22000000000254         0.3635150539516854
69.24000000000255         0.32395708184392513
69.26000000000255         0.2916755443195577
69.28000000000259         0.26528631600676256
69.30000000000257         0.2436043601011091
69.32000000000262         0.22568623661773346
69.34000000000259         0.21079827866108683
69.36000000000259         0.19837330399719505
69.38000000000261         0.1879724192807269
69.40000000000262         0.17925476032630216
69.42000000000262         0.17195401741330876
69.44000000000261         0.16586315212819705
69.46000000000264         0.16081836918535472
69.48000000000263         0.15669191966691237
69.50000000000263         0.15338435748495594
69.52000000000261         0.15081929799632135
69.54000000000262         0.14893957375219422
69.56000000000263         0.14770447143380283
69.58000000000264         0.1470878305934433
69.60000000000267         0.1470768529220027
69.62000000000265         0.14767150925925773
69.64000000000267         0.1488845161264512
69.66000000000265         0.1507419035001164
69.68000000000268         0.1532842242658566
69.70000000000266         0.15656832394411646
69.72000000000266         0.16067061768134275
69.74000000000271         0.16569021427398156
69.76000000000269         0.17175457853146092
69.78000000000267         0.17902650575414153
69.8000000000027          0.18771364890609707
69.8200000000027          0.19808130440265795
69.84000000000272         0.21046960177640497
69.86000000000269         0.22531647780466052
69.88000000000274         0.24318798924751
69.9000000000027          0.26481675020835554
69.92000000000272         0.29114580302598164
69.94000000000271         0.32336175563453834
69.96000000000272         0.36285367355895115
69.98000000000272         0.41080093974214604
70.00000000000271         0.4672538611534601
70.0200000000027          0.5280961490665482
70.04000000000269         0.5830210492464424
70.06000000000266         0.6214350888497324
70.08000000000264         0.642658876646178
70.10000000000264         0.6522605830377545
70.12000000000265         0.6549240714711618
70.14000000000264         0.6522234905116866
70.16000000000264         0.6425718996013966
70.18000000000265         0.6212412513323726
70.20000000000265         0.5827408886270548
70.22000000000268         0.5279943984323617
70.24000000000271         0.4672108801880833
70.26000000000272         0.41082396925918724
70.28000000000272         0.36292082895576405
70.30000000000271         0.3235393855547174
70.32000000000274         0.29142339701447667
70.34000000000275         0.26519145705843306
70.36000000000274         0.24366129746747847
70.38000000000278         0.225892044228277
70.40000000000276         0.21115234203275984
70.42000000000276         0.19887708141113936
70.44000000000278         0.18862925357445107
70.46000000000276         0.18006975588398288
70.48000000000278         0.17293442439750195
70.50000000000276         0.16701684211865456
70.5200000000028          0.1621553439811772
70.5400000000028          0.1582243876414194
70.56000000000279         0.15512608144074505
70.58000000000277         0.15278603815223482
70.6000000000028          0.15114926960350475
70.62000000000278         0.15017744160323465
70.6400000000028          0.14984701617020688
70.65                     0.14991872051207378
