% Model:              Untitled.mph
% Version:            COMSOL 5.6.0.280
% Date:               Sep 14 2021, 16:37
% Dimension:          1
% Nodes:              961
% Expressions:        1
% Description:        线图
% cln2x                   Height
22.400000000000002        0.1728479673852592
22.41999999999998         0.17282959736566472
22.43999999999998         0.17372857989488547
22.459999999999987        0.17557341168114396
22.479999999999976        0.17841730329701344
22.499999999999982        0.18234120292030861
22.51999999999998         0.18745845590400875
22.539999999999974        0.19392152605498533
22.55999999999999         0.2019313760391349
22.579999999999988        0.21175035492816677
22.599999999999994        0.22371969809703968
22.62                     0.2382830562505955
22.639999999999986        0.25601758704031763
22.659999999999986        0.27767020298536044
22.67999999999999         0.30421758668042853
22.699999999999996        0.336879863958707
22.72                     0.37709273509362146
22.739999999999995        0.4261645855171592
22.759999999999994        0.48403018676002657
22.779999999999998        0.5464013410655292
22.79999999999999         0.6028024158347159
22.819999999999983        0.6425724873725044
22.839999999999982        0.664658992332895
22.85999999999998         0.6746652245097253
22.87999999999999         0.6774640729896526
22.899999999999995        0.6746966385149409
22.91999999999999         0.6647320302122462
22.939999999999984        0.6426494878568626
22.95999999999998         0.6028607918661578
22.979999999999972        0.5464042619698464
22.999999999999957        0.4839395164751871
23.019999999999957        0.42594979058813304
23.03999999999995         0.3767331012283022
23.05999999999996         0.3363614973730431
23.07999999999996         0.30353020722700264
23.099999999999966        0.27680498104212103
23.11999999999995         0.2549626051923276
23.139999999999954        0.23703271234361842
23.15999999999996         0.22226336154504348
23.17999999999995         0.21007567751619236
23.19999999999996         0.2000241856567062
23.219999999999967        0.19176622688421763
23.23999999999996         0.1850357024851626
23.25999999999996         0.17962996221751118
23.279999999999966        0.17539366609659027
23.29999999999996         0.17221026514074989
23.319999999999965        0.16999520598477352
23.339999999999964        0.1686911809496229
23.359999999999964        0.16826500389427393
23.379999999999967        0.16870583815407147
23.399999999999967        0.17002461083183248
23.419999999999966        0.172254580770619
23.439999999999973        0.1754531190595677
23.45999999999997         0.17970485467915462
23.479999999999972        0.18512684968981014
23.49999999999997         0.1918739511403141
23.519999999999975        0.2001501777860213
23.53999999999998         0.21022046725602117
23.559999999999977        0.22242849784120317
23.579999999999977        0.23722026357620793
23.599999999999987        0.2551751667976648
23.61999999999998         0.27704545103328054
23.639999999999986        0.3038009400697115
23.659999999999982        0.3366621479316954
23.679999999999982        0.37705698417173455
23.69999999999998         0.4262872696161271
23.719999999999978        0.48432705744497373
23.739999999999984        0.547001527490476
23.75999999999998         0.6035499669407856
23.779999999999987        0.643434434190708
23.79999999999998         0.665589838084274
23.81999999999998         0.6756304358088693
23.83999999999998         0.6784424883811258
23.859999999999978        0.6756741172666942
23.87999999999998         0.6656941326413266
23.89999999999997         0.6436658908575174
23.919999999999973        0.6038988666785126
23.939999999999962        0.547204887461493
23.959999999999958        0.4845438276383837
23.979999999999958        0.4265108263746496
23.999999999999947        0.37728488435818763
24.019999999999946        0.3368942947591458
24.039999999999942        0.3040376478801179
24.059999999999945        0.2772863749094862
24.07999999999995         0.2554243477153171
24.09999999999994         0.2374798309788547
24.119999999999944        0.22269983271415195
24.13999999999995         0.2105046781126928
24.15999999999996         0.20044829074783688
24.17999999999995         0.19218694201271128
24.199999999999953        0.18545564462968658
24.21999999999995         0.18005060821582564
24.23999999999995         0.17581633462812812
24.259999999999955        0.17263617174644627
24.279999999999948        0.1704255096144584
24.299999999999955        0.1691270577611163
24.319999999999965        0.1687075550844872
24.339999999999964        0.16915628862239102
24.359999999999957        0.17048429168781531
24.37999999999996         0.1727249802702179
24.39999999999996         0.17593593664111626
24.41999999999996         0.18020205248861532
24.439999999999962        0.18564031188732621
24.459999999999965        0.1924066092512358
24.47999999999997         0.2007052127115728
24.499999999999964        0.21080172985766668
24.519999999999964        0.2230407114879781
24.539999999999967        0.2378693203390597
24.559999999999967        0.25586861672912187
24.57999999999997         0.27779661474052064
24.599999999999966        0.3046184688522064
24.619999999999965        0.33756102759554885
24.639999999999972        0.37805579317512605
24.659999999999975        0.42740791734744055
24.679999999999968        0.48559192572584164
24.69999999999997         0.5484245911501042
24.71999999999997         0.6052924042744507
24.739999999999977        0.6452082939581745
24.759999999999973        0.6673476212743601
24.77999999999997         0.6774077708008259
24.799999999999972        0.6802354352196409
24.819999999999983        0.6774646366566899
24.83999999999997         0.6674403862017882
24.85999999999996         0.645351200278594
24.879999999999956        0.6054713882922336
24.899999999999952        0.5486302503280186
24.91999999999994         0.48581527079486014
24.939999999999934        0.4276430137530872
24.959999999999937        0.3783000437514244
24.97999999999993         0.3378140524398941
24.999999999999932        0.3048810857378011
25.019999999999936        0.2780701979255595
25.039999999999942        0.25615797721186767
25.05999999999994         0.23817211135704638
25.079999999999934        0.2233583595066868
25.099999999999937        0.21113576482348134
25.119999999999933        0.2010562322233321
25.139999999999944        0.19277730112186087
25.159999999999936        0.18603199794545694
25.17999999999994         0.18061603042009428
25.19999999999994         0.17637349639862887
25.21999999999994         0.17318744260211313
25.23999999999994         0.17097304732411062
25.25999999999994         0.16967284767078278
25.27999999999994         0.16925360089588312
25.299999999999944        0.169704505495006
25.31999999999994         0.17103662902797595
25.33999999999994         0.1732834938474639
25.359999999999946        0.17650286634873294
25.379999999999953        0.18077989901819555
25.399999999999945        0.1862315004008252
25.41999999999995         0.19301462070955844
25.439999999999948        0.20133379810475413
25.459999999999944        0.2114553497754521
25.479999999999954        0.22372474234423448
25.499999999999954        0.2385903160392748
25.51999999999995         0.25663467483964486
25.539999999999964        0.27861461248214603
25.559999999999956        0.3055068224928337
25.579999999999952        0.33854264230433256
25.59999999999996         0.37916616683628057
25.619999999999955        0.42869215707298475
25.639999999999958        0.4870528082602041
25.659999999999954        0.549934268927477
25.679999999999957        0.6069717979610395
25.699999999999957        0.6470123998472292
25.719999999999963        0.669227997092004
25.73999999999996         0.679325408769196
25.759999999999952        0.6821647838023503
25.77999999999996         0.6793854060045771
25.79999999999995         0.6693268394965672
25.819999999999954        0.6470740387631638
25.839999999999947        0.6069909793803795
25.859999999999935        0.5501529849025604
25.879999999999924        0.4872907808629457
25.899999999999924        0.42894294266228394
25.919999999999916        0.37942705096541657
25.939999999999923        0.33880444124298803
25.959999999999916        0.3057888287590516
25.97999999999992         0.27891121696668386
25.99999999999992         0.25694500650394314
26.01999999999992         0.23891534728326153
26.03999999999992         0.2240659991134105
26.05999999999992         0.2118144456436153
26.07999999999992         0.20171230256269732
26.09999999999993         0.19341405033161524
26.11999999999992         0.18665333458849917
26.139999999999922        0.18122531070900985
26.159999999999926        0.17697364868468354
26.179999999999914        0.17378105091371024
26.199999999999925        0.1715624461647735
26.219999999999917        0.17026017588531392
26.239999999999927        0.16984100401311034
26.259999999999934        0.1702940373334867
26.279999999999934        0.17163038103434958
26.299999999999923        0.17388365523458185
26.319999999999933        0.1771117912482244
26.339999999999936        0.18140019110915911
26.35999999999993         0.18686652330494863
26.379999999999935        0.19366757580020263
26.399999999999935        0.20200877573049217
26.419999999999934        0.21215722431524095
26.439999999999934        0.2244593837850313
26.459999999999937        0.23936484252421725
26.479999999999933        0.25745768169539884
26.49999999999994         0.27949297586010124
26.51999999999994         0.3064573370207111
26.53999999999994         0.3395822763521369
26.55999999999994         0.380315879024396
26.57999999999994         0.429976634871348
26.59999999999995         0.4884975021170894
26.619999999999944        0.5515562373457586
26.639999999999944        0.6085936178212933
26.659999999999943        0.6488478100767322
26.679999999999943        0.6712280827198015
26.699999999999942        0.6813777967635789
26.719999999999942        0.6842235526244049
26.73999999999994         0.6814289867952084
26.75999999999994         0.6713400503600381
26.779999999999944        0.6490088184595827
26.799999999999933        0.6087955060739431
26.81999999999992         0.5517889128209221
26.83999999999991         0.48875077459558347
26.85999999999991         0.4302437575060677
26.879999999999903        0.3805940737381591
26.8999999999999          0.3398712689095356
26.919999999999902        0.30675805859199456
26.93999999999991         0.2798068858971905
26.9599999999999          0.2577831955711416
26.979999999999908        0.23970758670396358
26.99999999999991         0.22482106854077455
27.019999999999904        0.21253929271914318
27.039999999999907        0.20241349105698747
27.059999999999906        0.1940950297549158
27.07999999999991         0.18731813232142783
27.09999999999991         0.18187738823291513
27.119999999999912        0.177616050188011
27.13999999999991         0.17441650362920824
27.159999999999915        0.17219342690466022
27.17999999999991         0.17088901628238
27.199999999999907        0.1704698401818193
27.219999999999914        0.17092504286135307
27.239999999999917        0.17226576350710265
27.25999999999992         0.174525722154295
27.279999999999916        0.17776302007212866
27.29999999999992         0.18206330759661793
27.319999999999933        0.18754500642476266
27.339999999999918        0.19436473209519065
27.35999999999993         0.2027288015560599
27.379999999999924        0.21290511498410472
27.399999999999928        0.22524116862431118
27.41999999999993         0.24018788856801673
27.439999999999927        0.25833108581450526
27.459999999999933        0.28043130108062053
27.479999999999936        0.30746900215016926
27.499999999999936        0.3406779574211406
27.519999999999932        0.3815014357641995
27.53999999999993         0.43125557458912245
27.559999999999935        0.48991744126283093
27.57999999999993         0.5532714912487857
27.599999999999934        0.6104910293395591
27.619999999999937        0.6508902199161334
27.639999999999937        0.6733609328111663
27.65999999999994         0.6835552055564513
27.679999999999936        0.6864152076486533
27.69999999999994         0.6836111614925837
27.71999999999994         0.6734898195764336
27.739999999999924        0.6511584629354589
27.75999999999992         0.6108866319641003
27.779999999999912        0.5535380235705069
27.7999999999999          0.49019497299212444
27.819999999999908        0.4315457096711883
27.839999999999904        0.3818018148653711
27.85999999999991         0.3409977601855174
27.879999999999903        0.3077911258192962
27.8999999999999          0.2807646100170813
27.91999999999991         0.25867997787874253
27.939999999999895        0.2405549172091082
27.9599999999999          0.22562818892704656
27.97999999999991         0.2133137104340261
27.9999999999999          0.20316043416147828
28.019999999999904        0.1948208135004456
28.039999999999917        0.1880269421249912
28.05999999999991         0.18257280690065122
28.079999999999913        0.17830121411508887
28.099999999999916        0.17509423837185975
28.11999999999992         0.17286633557516476
28.139999999999915        0.17155957571310546
28.159999999999922        0.17114032179789299
28.17999999999993         0.17159775052371662
28.199999999999932        0.17294303931515587
28.219999999999924        0.1752100199966931
28.239999999999924        0.17845698343842833
28.259999999999927        0.18276985722211594
28.279999999999927        0.18826703003427855
28.299999999999923        0.1951062460829121
28.31999999999993         0.20349418313126746
28.33999999999993         0.21369957018135044
28.359999999999935        0.22607099471197986
28.37999999999993         0.24106085150622011
28.399999999999938        0.2592602813681373
28.419999999999934        0.281426335731971
28.439999999999937        0.3085452267571991
28.459999999999944        0.34185464229532103
28.479999999999944        0.3828024138009909
28.499999999999936        0.4327089577528459
28.519999999999943        0.4915521654278256
28.539999999999935        0.5551154976590276
28.559999999999928        0.612688309512507
28.579999999999924        0.6531535353447885
28.59999999999993         0.6756291954537389
28.619999999999926        0.6858536180505571
28.639999999999922        0.6887326565254275
28.659999999999933        0.6859235047787967
28.679999999999925        0.6757538348571936
28.699999999999935        0.6533329418035261
28.719999999999928        0.6129131773910849
28.739999999999913        0.5553743159727499
28.75999999999991         0.49183410906056196
28.77999999999991         0.43300705099055614
28.799999999999905        0.3831137823082921
28.8199999999999          0.34217903396493965
28.8399999999999          0.3088836788378189
28.859999999999896        0.2817804181057682
28.879999999999896        0.25963171980511196
28.89999999999991         0.2414539943682655
28.919999999999906        0.2264842425403724
28.939999999999905        0.21413473528614094
28.95999999999991         0.2039521123168052
28.979999999999905        0.1955898521397495
28.9999999999999          0.1887778397303014
29.019999999999914        0.18330939898278692
29.039999999999903        0.17902682746974657
29.059999999999913        0.17581182147105828
29.07999999999992         0.17357858439713547
29.09999999999992         0.17226899660034464
29.119999999999916        0.17184943152459958
29.139999999999915        0.17230896321117992
29.159999999999922        0.17365880102877032
29.179999999999925        0.17593289059633405
29.199999999999914        0.1791897230195598
29.21999999999992         0.1835152466029492
29.239999999999927        0.18902866706936122
29.259999999999916        0.19588807192381938
29.279999999999923        0.2043008230337708
29.299999999999923        0.21453653830936079
29.319999999999926        0.22694495723571415
29.33999999999993         0.2419799669731976
29.359999999999935        0.26023137037612354
29.37999999999993         0.2824652803426609
29.39999999999993         0.3096703263010358
29.419999999999934        0.3430927369980664
29.439999999999934        0.384193897151653
29.45999999999993         0.43430477316532146
29.479999999999933        0.49336106999692786
29.499999999999936        0.5570218323622278
29.519999999999932        0.6147953782413035
29.539999999999946        0.6554183428595658
29.559999999999945        0.6779911777161794
29.57999999999994         0.6882630952256626
29.599999999999945        0.6911568009358037
29.61999999999994         0.6883361887347272
29.639999999999937        0.6781152641906606
29.65999999999993         0.6555155241074504
29.679999999999925        0.6148598159322406
29.699999999999918        0.5572852555110013
29.719999999999914        0.49365758651129343
29.7399999999999          0.43461833832612573
29.759999999999902        0.3845215035009252
29.779999999999916        0.3434252878669357
29.7999999999999          0.31002757997564795
29.8199999999999          0.28284182304614586
29.839999999999904        0.26062650002381377
29.859999999999907        0.24239478475405457
29.8799999999999          0.22738113358756026
29.899999999999903        0.21499587931494157
29.919999999999906        0.20478512545489966
29.93999999999992         0.19639907318162667
29.959999999999916        0.18956804143292239
29.979999999999908        0.1840846390012738
29.999999999999908        0.1797906157578876
30.01999999999991         0.17656725549912078
30.039999999999917        0.1743283900200697
30.059999999999903        0.17301588129143805
30.079999999999913        0.17259589744951487
30.09999999999992         0.17305750277959506
30.11999999999993         0.17441195750876737
30.139999999999915        0.1766933147031237
30.159999999999915        0.17996025764551726
30.17999999999992         0.18429930237495065
30.19999999999992         0.1898296523263531
30.219999999999924        0.1967101389993498
30.239999999999924        0.20514886503557997
30.259999999999923        0.21541640801773113
30.279999999999937        0.22786373503663399
30.299999999999926        0.24294627038414646
30.319999999999926        0.26125236872850305
30.339999999999936        0.283556701942578
30.35999999999993         0.31084860862058367
30.379999999999928        0.34437846547812784
30.399999999999935        0.38561246702685253
30.419999999999938        0.4358861054622065
30.43999999999994         0.4951361808235895
30.459999999999937        0.5590037792548692
30.479999999999933        0.6168235172237431
30.499999999999936        0.6576918244543039
30.519999999999936        0.6804508626307894
30.539999999999935        0.6907854846371565
30.55999999999993         0.6936883131479983
30.57999999999994         0.6908493866793145
30.59999999999993         0.6805877841212932
30.619999999999937        0.6578886189997823
30.639999999999926        0.617070239021569
30.659999999999915        0.5592884036382395
30.679999999999914        0.4954466998098863
30.699999999999907        0.43621466867272907
30.719999999999906        0.3859559937206949
30.7399999999999          0.34473683714342124
30.75999999999991         0.3112230906743849
30.779999999999905        0.28394908050493156
30.799999999999905        0.26166456138561484
30.81999999999991         0.24337752340134208
30.839999999999907        0.22831913716619645
30.859999999999904        0.21589884676916962
30.879999999999907        0.2056580342289603
30.89999999999991         0.1972476606552302
30.91999999999991         0.19039715140641308
30.93999999999991         0.18489841136148227
30.959999999999916        0.18059264561483163
30.979999999999915        0.17736072748980353
30.99999999999992         0.1751162605178558
31.019999999999918        0.173800724225192
31.03999999999992         0.17338027973147485
31.059999999999913        0.17384395934767022
31.07999999999992         0.17520308121013406
31.099999999999923        0.1774918344527527
31.11999999999992         0.18076910760766898
31.139999999999937        0.1851219789171795
31.15999999999993         0.1906696424051098
31.17999999999992         0.19757167066082754
31.19999999999993         0.20603690461412785
31.219999999999928        0.21633688209217222
31.23999999999993         0.22882381430318147
31.259999999999934        0.24395473590436448
31.279999999999948        0.2623233710165936
31.299999999999926        0.28470048524463987
31.319999999999926        0.3120796291346108
31.339999999999936        0.3457108502081302
31.359999999999935        0.3870562834691067
31.379999999999935        0.4374497843558473
31.399999999999935        0.4968726996799124
31.41999999999994         0.5610734664551618
31.439999999999934        0.6191115468205376
31.459999999999948        0.6601541645211506
31.479999999999933        0.6830221038690846
31.499999999999936        0.6934101796687652
31.51999999999993         0.6963295875339014
31.53999999999992         0.6934781787285546
31.55999999999995         0.6831746214610297
31.57999999999994         0.6604565875798969
31.599999999999934        0.6195487068900619
31.61999999999992         0.5613865953203075
31.63999999999992         0.49720366882452066
31.65999999999991         0.43779826176580766
31.67999999999991         0.38745430867349706
31.69999999999991         0.34609801230972204
31.719999999999906        0.31247368899148714
31.739999999999913        0.2851106507608269
31.75999999999989         0.2627543208239176
31.77999999999992         0.24440920893615442
31.799999999999905        0.22930375930539512
31.819999999999904        0.21684391978582315
31.83999999999991         0.2065725303544437
31.85999999999991         0.19813737961692854
31.879999999999914        0.19126697955531038
31.899999999999906        0.18575255866390386
31.919999999999906        0.18143479127916357
31.939999999999927        0.17819414330279099
31.959999999999926        0.17594399211191974
31.97999999999992         0.17462543795232485
31.999999999999925        0.17420464105080505
32.01999999999992         0.17467059408553134
32.03999999999993         0.1760346574065569
32.059999999999924        0.17833115927982487
32.07999999999992         0.1816192268105784
32.09999999999994         0.18598600173314184
32.119999999999926        0.19155153585166473
32.13999999999993         0.19847578723443002
32.159999999999926        0.20696834289576335
32.17999999999993         0.21730171944024965
32.19999999999993         0.2298294156752091
32.219999999999935        0.24501018980065736
32.23999999999993         0.2634434572896277
32.259999999999934        0.28589685838146545
32.27999999999994         0.31337023636259137
32.29999999999994         0.34711819295562857
32.31999999999993         0.3886081744303423
32.33999999999993         0.4391790382622883
32.359999999999935        0.49881333694513486
32.379999999999946        0.5632567727775364
32.399999999999935        0.6216857488627288
32.41999999999994         0.6628259344433813
32.439999999999934        0.6857183184884336
32.45999999999994         0.6961463951556097
32.47999999999994         0.6990879342175241
32.499999999999936        0.6962289135733181
32.51999999999994         0.6858675749039058
32.53999999999993         0.6630409296544895
32.55999999999994         0.6219554319701014
32.57999999999992         0.5635675885458199
32.59999999999991         0.49915268701284693
32.61999999999991         0.4395389818614639
32.639999999999915        0.3889856037338629
32.6599999999999          0.3475130552589774
32.67999999999991         0.3137839469108791
32.69999999999991         0.28633139435891075
32.7199999999999          0.26390092010646515
32.7399999999999          0.24549526021207568
32.759999999999906        0.23034066692791333
32.7799999999999          0.21783970583759663
32.799999999999905        0.20753667533757508
32.819999999999915        0.19907605358515462
32.83999999999991         0.1921853210402489
32.859999999999914        0.18665494155038675
32.87999999999992         0.18232504403154504
32.899999999999906        0.17907567648770076
32.919999999999916        0.17681983271932875
32.93999999999991         0.17549857912085384
32.959999999999916        0.1750778418289981
32.97999999999991         0.1755465839333774
32.99999999999992         0.1769162198366704
33.01999999999991         0.17922121791706372
33.03999999999992         0.18252094295203333
33.05999999999992         0.18690261859409762
33.07999999999992         0.1924872053438826
33.099999999999916        0.19943511443073275
33.119999999999926        0.20795674685785157
33.13999999999992         0.21832566936283176
33.15999999999993         0.2308967439191313
33.17999999999992         0.24613049575818158
33.19999999999993         0.26462532330934757
33.21999999999993         0.2871584355675798
33.23999999999993         0.3147326346196991
33.259999999999934        0.3486117806361009
33.27999999999994         0.39027772952378736
33.29999999999993         0.4410807405609761
33.31999999999994         0.5009615500782548
33.33999999999993         0.565538968320678
33.35999999999994         0.6242096667205215
33.379999999999946        0.6655444969865423
33.399999999999956        0.6885588915174485
33.41999999999995         0.6990470069533683
33.43999999999995         0.7020071615030162
33.459999999999965        0.6991340377121186
33.47999999999993         0.6887107290974724
33.49999999999994         0.6656827173236824
33.519999999999925        0.6243284546936426
33.53999999999993         0.5658669309403
33.55999999999992         0.5013258262683096
33.5799999999999          0.4414652064126694
33.59999999999991         0.3906445931218723
33.619999999999905        0.34902260777258703
33.6399999999999          0.31517314494001986
33.659999999999904        0.28762383020420446
33.6799999999999          0.2651154469228788
33.699999999999896        0.24664691747412934
33.71999999999991         0.23144150371459596
33.739999999999895        0.21890081906570852
33.75999999999991         0.20856421729508953
33.77999999999991         0.2000767035580592
33.79999999999991         0.19316461287090958
33.819999999999915        0.18761752219376715
33.83999999999991         0.183274910066155
33.85999999999993         0.18001638086805166
33.87999999999992         0.1777545443580451
33.899999999999906        0.17643042619045096
33.919999999999916        0.1760097092086163
33.93999999999992         0.1764813226389013
33.959999999999916        0.17785673640499683
33.97999999999991         0.1801705670536199
33.99999999999992         0.18348242783963636
34.01999999999993         0.1878801808933605
34.03999999999992         0.19348487241275866
34.05999999999993         0.20045778372982084
34.07999999999993         0.2090102238124817
34.09999999999992         0.21941693293731832
34.11999999999992         0.2320342702922144
34.13999999999993         0.24732464170920462
34.159999999999926        0.26588540802006283
34.179999999999936        0.2885029750695159
34.19999999999994         0.31618157999928825
34.219999999999935        0.3501901910879628
34.23999999999994         0.3920166291053892
34.259999999999934        0.4430167797127874
34.27999999999994         0.5031327401580198
34.29999999999994         0.5679643790532568
34.31999999999994         0.6267235868884402
34.33999999999994         0.6683370031125084
34.35999999999994         0.6915591225986639
34.379999999999946        0.7021199920839334
34.39999999999995         0.705091585829939
34.419999999999945        0.7022026714105961
34.43999999999994         0.6917207525947722
34.45999999999994         0.6685697480252163
34.47999999999993         0.6270163177385835
34.49999999999992         0.5683038660199098
34.519999999999904        0.5035059162365174
34.53999999999991         0.443415272748854
34.5599999999999          0.39243737190085987
34.579999999999906        0.350633374348815
34.59999999999991         0.3166488741887023
34.619999999999905        0.28899657860783906
34.63999999999991         0.2664076161662512
34.6599999999999          0.24787501895821307
34.6799999999999          0.23261824876892434
34.69999999999991         0.22003766411571538
34.71999999999992         0.20966753882683833
34.73999999999991         0.20115338119647366
34.75999999999991         0.1942204049816278
34.779999999999916        0.18865729980111487
34.79999999999991         0.18430283766305977
34.819999999999915        0.18103611036734704
34.83999999999991         0.17876946383178935
34.85999999999993         0.17744355555621985
34.87999999999992         0.17702407892657507
34.899999999999935        0.17749993738005157
34.91999999999992         0.1788826669535348
34.93999999999992         0.18120704847983984
34.95999999999992         0.18453296663575317
34.979999999999926        0.18894895411413348
34.99999999999993         0.194576178984154
35.019999999999925        0.20157683283809577
35.03999999999993         0.2101631771395672
35.059999999999924        0.22061119008619423
35.07999999999993         0.23327883307745514
35.09999999999993         0.24863058430675578
35.11999999999993         0.26726980086407426
35.13999999999993         0.28997968043051486
35.15999999999993         0.3177696642488092
35.179999999999936        0.3519095896949367
35.19999999999993         0.3938845728538086
35.219999999999956        0.44505012475489886
35.23999999999994         0.5055051708283574
35.259999999999934        0.5706215930543614
35.279999999999944        0.6296594492477054
35.29999999999995         0.6714951141148459
35.31999999999995         0.6948559493907233
35.33999999999995         0.7054846944383036
35.35999999999995         0.7084768985580642
35.379999999999946        0.7055648048318486
35.39999999999995         0.6950324276334134
35.41999999999994         0.6718327888069595
35.439999999999934        0.6301408397701876
35.45999999999992         0.570988157520634
35.47999999999991         0.5057920183582602
35.499999999999915        0.4454795511285478
35.5199999999999          0.39437745498732346
35.53999999999991         0.35240512398232055
35.5599999999999          0.31828607131775083
35.57999999999991         0.2905265305417923
35.599999999999916        0.267852065624056
35.61999999999991         0.24925126167651598
35.639999999999894        0.2339401199535204
35.659999999999904        0.22131494901077034
35.679999999999914        0.210911125244326
35.69999999999991         0.20237063379624398
35.71999999999992         0.19541749968313696
35.73999999999992         0.1898395096439811
35.759999999999934        0.18547474359776003
35.77999999999992         0.1822017416268075
35.79999999999992         0.17993251402968993
35.819999999999915        0.17860729121734667
35.839999999999925        0.17819179130714374
35.85999999999992         0.17867494370981188
35.879999999999924        0.18006839985187695
35.89999999999992         0.1824071593973391
35.91999999999993         0.18575144823668546
35.939999999999934        0.19019000564583186
35.95999999999993         0.19584506833466586
35.979999999999926        0.20287948973490388
35.99999999999993         0.21150662760633163
36.01999999999994         0.22200388213286212
36.039999999999935        0.23473106810113123
36.059999999999924        0.2501577797169672
36.079999999999956        0.2688860376746545
36.09999999999994         0.2917050361608701
36.11999999999995         0.3196293874162493
36.139999999999944        0.35393535527172965
36.15999999999994         0.39611549759693493
36.17999999999994         0.44753233578297624
36.19999999999994         0.5081750504505088
36.21999999999994         0.5737438356858537
36.23999999999994         0.6332752607204988
36.25999999999996         0.675293257607719
36.27999999999994         0.6987313974146648
36.29999999999993         0.7094265359443752
36.319999999999936        0.7124493152519126
36.33999999999994         0.7095173263808192
36.35999999999994         0.698909951847888
36.37999999999993         0.6755528487362126
36.39999999999993         0.6336057240558355
36.419999999999916        0.5741327541766629
36.439999999999934        0.5086111548117519
36.459999999999916        0.44800915499414673
36.47999999999992         0.3966314041386023
36.4999999999999          0.35449155113052505
36.5199999999999          0.3202282490828467
36.539999999999914        0.2923492416551498
36.5599999999999          0.2695781951397987
36.57999999999991         0.25090031447008765
36.59999999999991         0.23552817069148008
36.619999999999905        0.22285373465573055
36.639999999999915        0.21241317447435754
36.65999999999992         0.20384464247085002
36.67999999999992         0.19687072991055982
36.69999999999991         0.1912781324554936
36.719999999999914        0.1869041128055075
36.73999999999991         0.1836266145544705
36.75999999999992         0.18135714652162258
36.77999999999991         0.18003580855391577
36.799999999999926        0.1796280359751951
36.81999999999993         0.18012276322384155
36.83999999999992         0.18153181783302078
36.85999999999992         0.1838905173563357
36.879999999999924        0.18725936136017185
36.89999999999992         0.1917279831562602
36.91999999999992         0.19741932938123166
36.93999999999993         0.2044973353887104
36.95999999999993         0.21317676351251766
36.97999999999993         0.2237368288176638
36.99999999999993         0.23653968840223694
37.01999999999993         0.2520552943049522
37.039999999999935        0.27089423238232013
37.05999999999994         0.29384943505527444
37.079999999999934        0.3219438134781156
37.09999999999994         0.3564662760835074
37.119999999999955        0.398927771549507
37.139999999999944        0.4507060093902583
37.15999999999995         0.5116362917120829
37.17999999999994         0.5776204938850669
37.199999999999946        0.6375601148495864
37.21999999999995         0.6799046156437588
37.23999999999996         0.70354637101321
37.259999999999955        0.714341131346434
37.279999999999944        0.7173940188016802
37.29999999999996         0.7144433247766573
37.31999999999993         0.7037280290395606
37.33999999999993         0.6800873896408196
37.35999999999993         0.6377441066603995
37.37999999999992         0.5780422625569638
37.39999999999991         0.5122379577581883
37.4199999999999          0.4512518436825638
37.439999999999905        0.399495240696231
37.4599999999999          0.35711944099717585
37.47999999999991         0.3226693665598811
37.49999999999991         0.29464326815639763
37.51999999999991         0.27175666518238334
37.53999999999991         0.25298822521524444
37.55999999999992         0.23754541202045978
37.5799999999999          0.22481764916514954
37.59999999999991         0.21433490539481193
37.61999999999991         0.20573496600326638
37.63999999999991         0.19873861292911668
37.65999999999991         0.19313115770625885
37.679999999999914        0.18874882422407585
37.699999999999925        0.185468679594435
37.71999999999992         0.1832020026250031
37.73999999999992         0.18188839536673962
37.75999999999991         0.18149314495051241
37.77999999999992         0.18200517527943127
37.799999999999926        0.1834364751405087
37.81999999999992         0.18582273419612835
37.83999999999995         0.1892252384536982
37.85999999999993         0.1937341820468523
37.879999999999924        0.19947372729952645
37.89999999999994         0.2066092444064083
37.91999999999994         0.2153573539149884
37.93999999999992         0.22599966572394034
37.959999999999916        0.23890140950986422
37.97999999999994         0.25453375538304623
37.99999999999993         0.2735168895856439
38.019999999999946        0.2966483221863365
38.039999999999935        0.32495931862578037
38.05999999999993         0.3597491743789635
38.07999999999994         0.4025408810369469
38.09999999999994         0.4547235300548465
38.11999999999994         0.5162487143869555
38.139999999999944        0.5826527751364057
38.15999999999996         0.6429533587104014
38.17999999999994         0.6857995684575945
38.19999999999994         0.7097925219539302
38.219999999999956        0.720730260990896
38.239999999999945        0.7238154398546571
38.25999999999995         0.7208319230187998
38.279999999999944        0.709994259819632
38.29999999999993         0.6860983387648657
38.31999999999993         0.6433452642619105
38.33999999999993         0.5831329421115787
38.359999999999914        0.5168125758714358
38.37999999999993         0.4553702993877233
38.399999999999906        0.4032732933101752
38.41999999999991         0.3605714381329402
38.439999999999905        0.3258757261457977
38.45999999999991         0.29766272528036936
38.47999999999991         0.2746326028043741
38.4999999999999          0.2557536207404666
38.519999999999925        0.24022792175818083
38.539999999999914        0.227435069564243
38.559999999999924        0.21690380949168384
38.57999999999992         0.20826892052962426
38.599999999999916        0.2012488941895943
38.61999999999991         0.19562729433132592
38.63999999999992         0.1912390321238558
38.65999999999992         0.1879603399674939
38.67999999999992         0.18570155314450051
38.69999999999994         0.1844020622522103
38.71999999999993         0.18402699476667392
38.739999999999924        0.1845653391299556
38.759999999999934        0.18602935288750955
38.77999999999993         0.18845521630484827
38.79999999999992         0.19190516534961158
38.819999999999936        0.19647021895427935
38.83999999999993         0.20227614466914873
38.85999999999993         0.20949024146009262
38.879999999999946        0.2183316165380268
38.899999999999935        0.22908508351347637
38.919999999999945        0.24212000114144563
38.939999999999934        0.25791556132581467
38.95999999999994         0.2770941242732678
38.97999999999994         0.3004633721711438
38.99999999999994         0.329063988716259
39.01999999999996         0.36420461522703873
39.039999999999935        0.4074152868568371
39.059999999999945        0.4600939079546958
39.07999999999995         0.5223552891708726
39.099999999999945        0.589486369677826
39.11999999999994         0.6505016844499955
39.13999999999994         0.6939216692621073
39.15999999999995         0.718274033111739
39.17999999999994         0.7293869443805902
39.19999999999994         0.7325238766088339
39.21999999999994         0.7294883362480659
39.23999999999994         0.7184983141458949
39.259999999999934        0.694344304222413
39.27999999999993         0.6511155239779651
39.299999999999926        0.590048296469806
39.31999999999992         0.5229213365942802
39.339999999999904        0.46098947966822323
39.35999999999991         0.4083978069311149
39.37999999999991         0.36530475584584604
39.39999999999991         0.33030456318687196
39.41999999999992         0.3018566453771771
39.43999999999991         0.2786465941824247
39.45999999999991         0.2596310644740371
39.47999999999992         0.24400120614788132
39.49999999999992         0.23113418536017408
39.51999999999992         0.22055069553550974
39.539999999999914        0.21188147209533845
39.55999999999992         0.20484193969980155
39.57999999999991         0.19921334467364818
39.59999999999994         0.1948288718946481
39.619999999999926        0.19156362936232676
39.63999999999992         0.18932683167428327
39.659999999999926        0.1880575693905005
39.67999999999993         0.18772081146453798
39.69999999999993         0.18830570267730415
39.71999999999993         0.1898249765847386
39.739999999999945        0.1923156335862649
39.759999999999934        0.19584092663044103
39.77999999999994         0.2004937943939357
39.79999999999994         0.20640204998966535
39.819999999999936        0.213735805848354
39.83999999999993         0.22271780250853046
39.85999999999994         0.23363753566256296
39.879999999999946        0.24687041005155946
39.89999999999995         0.2629062156464927
39.91999999999995         0.2823728075259167
39.93999999999994         0.3060928844790422
39.959999999999944        0.3351237208183536
39.97999999999995         0.370794544778331
39.99999999999995         0.41465920063060147
40.01999999999995         0.4681380828783561
40.03999999999995         0.5312380943188671
40.05999999999993         0.5995545219932398
40.07999999999994         0.6617935218641968
40.09999999999995         0.7059853521747268
40.11999999999993         0.7307813388234218
40.13999999999994         0.7421389591222226
40.15999999999994         0.7453588729046386
40.179999999999936        0.7422567744320123
40.19999999999993         0.7310243212601881
40.21999999999993         0.7063691380594915
40.23999999999994         0.6623405232959185
40.25999999999992         0.6002892469504839
40.27999999999993         0.5321859740531734
40.29999999999991         0.4693240909129168
40.31999999999991         0.4161046368153288
40.339999999999904        0.37251565930372244
40.35999999999991         0.3371322379756674
40.3799999999999          0.30839718372026653
40.399999999999906        0.284979030658985
40.41999999999991         0.26581912141721215
40.43999999999991         0.25009403891603615
40.45999999999992         0.23717558661759602
40.47999999999991         0.22657407501618756
40.49999999999991         0.21791443019471837
40.51999999999992         0.21090771672729183
40.53999999999991         0.20533198473918096
40.55999999999992         0.20101815596509667
40.57999999999991         0.1978397204244896
40.599999999999916        0.19570532973618732
40.61999999999992         0.19455364112503737
40.63999999999992         0.19434996790648193
40.65999999999994         0.19508437897103362
40.67999999999992         0.19677112953131518
40.69999999999992         0.19944934922065344
40.71999999999993         0.20318491879893064
40.739999999999924        0.20807475297466083
40.75999999999993         0.21425128294036513
40.77999999999993         0.22189071365882632
40.799999999999926        0.2312235703132778
40.81999999999993         0.2425492924373971
40.839999999999925        0.2562560151879251
40.85999999999993         0.27284712634513597
40.87999999999993         0.29297630140397707
40.89999999999995         0.31749190300057767
40.91999999999994         0.3474874833500432
40.93999999999994         0.3843395895104475
40.95999999999996         0.42966045872155934
40.97999999999993         0.48483443197405335
40.99999999999994         0.5499818271504014
41.01999999999994         0.620573677462295
41.03999999999994         0.6850473358827468
41.05999999999995         0.7310330575874665
41.07999999999995         0.7569525621118256
41.09999999999995         0.7688634954391214
41.11999999999994         0.7722612850310124
41.13999999999996         0.7690613897268223
41.15999999999994         0.7573780654899087
41.179999999999936        0.7317242787320585
41.19999999999993         0.6861924789835357
41.21999999999992         0.6226261074392976
41.23999999999992         0.5530946496427375
41.25999999999991         0.4889553362779343
41.279999999999916        0.4350073797478859
41.299999999999905        0.39107733016338597
41.31999999999991         0.3556755073875949
41.339999999999904        0.32718639229513374
41.359999999999914        0.30423323231936683
41.37999999999992         0.2857245910456872
41.39999999999991         0.2708165326182202
41.419999999999916        0.2588619516683025
41.43999999999992         0.24936589691385122
41.45999999999992         0.24195033988768405
41.47999999999992         0.23632756119671294
41.49999999999994         0.23228046252347515
41.51999999999992         0.22964816983698805
41.539999999999914        0.2283155884825956
41.559999999999924        0.22820622989538925
41.57999999999992         0.22927693893376855
41.59999999999992         0.23151521450342158
