% Model:              Untitled.mph
% Version:            COMSOL 5.6.0.280
% Date:               Sep 14 2021, 16:37
% Dimension:          1
% Nodes:              1001
% Expressions:        1
% Description:        线图
% cln2x                   Height
21.60000000000001         0.154480875879059
21.619999999999926        0.1548471781194399
21.639999999999926        0.15605368593791044
21.65999999999993         0.15813095188642945
21.67999999999993         0.16113220486909474
21.699999999999925        0.16513626102345125
21.719999999999917        0.17025194480866612
21.73999999999991         0.17662442276835943
21.759999999999923        0.1844440146852283
21.779999999999912        0.19395827187950052
21.799999999999915        0.20548838657235724
21.819999999999915        0.21945127947874896
21.83999999999991         0.2363919228590022
21.85999999999991         0.25700816001029786
21.87999999999991         0.2822095711009534
21.899999999999906        0.3131381102992177
21.91999999999991         0.3511302588125303
21.939999999999916        0.3974038335124709
21.959999999999912        0.45192561774973566
21.97999999999991         0.5107510107408141
21.999999999999908        0.5639122639884211
22.01999999999991         0.6012095425920502
22.03999999999991         0.6221314925061667
22.059999999999913        0.6323042276737915
22.079999999999906        0.6367263438511511
22.099999999999905        0.6379725607869561
22.119999999999898        0.6367720075734732
22.139999999999908        0.6323946355571212
22.159999999999886        0.6222640045086533
22.179999999999882        0.601378253900954
22.199999999999868        0.5641062475230303
22.21999999999986         0.5109550026609779
22.239999999999842        0.4521260322281033
22.259999999999835        0.39759270473049024
22.27999999999983         0.35130435837168567
22.299999999999834        0.313296804483424
22.319999999999833        0.2823533493940677
22.339999999999826        0.2571378034904003
22.35999999999983         0.23650814022087502
22.379999999999836        0.21955705863794692
22.39999999999982         0.2055790736599986
22.41999999999982         0.194036389976181
22.43999999999982         0.18450928273058534
22.459999999999827        0.17667623094761217
22.479999999999826        0.17028937537707456
22.499999999999822        0.16515810080698015
22.519999999999822        0.16113694422299724
22.539999999999814        0.15811677757761092
22.559999999999818        0.15601846393214192
22.579999999999814        0.15478839601482555
22.599999999999813        0.15439556600493137
22.619999999999813        0.15482991525677414
22.639999999999812        0.15610183593358976
22.659999999999812        0.1582426176856869
22.67999999999981         0.16130648584676757
22.699999999999807        0.16537303902078615
22.719999999999803        0.17055199656722184
22.739999999999803        0.17698950608520225
22.759999999999813        0.18487699792111795
22.779999999999806        0.1944633165950428
22.7999999999998          0.20607119757247305
22.8199999999998          0.22011944165328456
22.839999999999804        0.23715225938847254
22.859999999999804        0.2578766029827936
22.879999999999797        0.2832049268508064
22.899999999999796        0.3142878828192673
22.919999999999792        0.35247532727574604
22.939999999999788        0.3989179114091701
22.959999999999795        0.45367081863319336
22.979999999999787        0.5127421398150729
22.999999999999783        0.5661269566048356
23.019999999999776        0.6035855203031564
23.039999999999765        0.6246009538725442
23.059999999999764        0.6348202139185115
23.07999999999976         0.6392629018311178
23.099999999999767        0.6405153024317028
23.119999999999767        0.6393128170365551
23.139999999999763        0.6349192539748868
23.159999999999766        0.6247310703873107
23.179999999999758        0.6036767092892602
23.199999999999747        0.5661725454380517
23.219999999999736        0.5129778670456496
23.23999999999973         0.45391948888865025
23.259999999999717        0.3991750133135291
23.279999999999717        0.3527077927966919
23.299999999999716        0.31455351416805
23.319999999999705        0.28349078809969946
23.33999999999971         0.25817828772390317
23.359999999999705        0.23746956897725416
23.379999999999704        0.22045380347619506
23.39999999999971         0.20642459327204832
23.419999999999703        0.19483785543348167
23.439999999999703        0.18527474890013823
23.459999999999706        0.17741247319464842
23.4799999999997          0.17100175275071028
23.499999999999694        0.16585213920022646
23.519999999999698        0.16181699839368496
23.539999999999694        0.15878677259279697
23.55999999999969         0.15668201301819443
23.57999999999969         0.15544892700564486
23.599999999999692        0.1550564257282969
23.619999999999692        0.15549445522231714
23.63999999999969         0.15677346663943867
23.659999999999688        0.15892499488416667
23.67999999999969         0.16200334560451216
23.69999999999969         0.16608853925082095
23.719999999999686        0.17129078556081367
23.739999999999686        0.17775688263168016
23.759999999999685        0.18567822918588403
23.77999999999969         0.19530612528451607
23.799999999999685        0.20696408841012354
23.819999999999677        0.22107270312037075
23.83999999999968         0.23817848553799162
23.85999999999968         0.25899135712168536
23.879999999999676        0.2844276014984909
23.899999999999675        0.3156426801515283
23.919999999999675        0.3539920908880795
23.93999999999967         0.400708779662027
23.95999999999968         0.4557174680193361
23.97999999999967         0.5149259586304022
23.999999999999662        0.5683890470473554
24.019999999999662        0.6060967572318144
24.039999999999658        0.6273005753432225
24.059999999999654        0.6375700039704464
24.079999999999657        0.6420354259231323
24.099999999999653        0.6432952322291227
24.11999999999966         0.6420883283161797
24.139999999999652        0.6376749066379475
24.15999999999966         0.6274390874031328
24.179999999999644        0.6062870553003784
24.199999999999633        0.5686145357553528
24.21999999999963         0.5151759232798155
24.239999999999615        0.4559823836498042
24.259999999999604        0.4009838053657521
24.279999999999596        0.35427643939762893
24.299999999999596        0.31592927337639903
24.3199999999996          0.2847361105805873
24.339999999999588        0.25931746426468005
24.359999999999587        0.23852211219441216
24.379999999999594        0.2214353929920203
24.399999999999597        0.2073479206672189
24.41999999999959         0.19571332094680108
24.439999999999586        0.18611100787223028
24.459999999999585        0.17821681987065818
24.47999999999958         0.17178081969030892
24.49999999999958         0.16661078018784165
24.519999999999587        0.1625600184680067
24.539999999999587        0.15951849427537887
24.55999999999958         0.15740640679584256
24.57999999999958         0.15616968939060757
24.599999999999586        0.15577722802806687
24.619999999999578        0.15621890737045574
24.639999999999578        0.15750527872284537
24.659999999999574        0.15966804751404404
24.679999999999573        0.16276176463173775
24.699999999999573        0.1668668140622597
24.719999999999576        0.17209391393840293
24.739999999999576        0.17859054144778208
24.759999999999568        0.1865498640774268
24.779999999999582        0.19622297525079116
24.799999999999564        0.20793550433688474
24.819999999999574        0.22210994531735176
24.839999999999563        0.23929513231210187
24.859999999999562        0.26020047465879753
24.879999999999562        0.2857532892998226
24.899999999999565        0.3171111200735296
24.919999999999565        0.35563556892287257
24.93999999999956         0.40256515428830586
24.95999999999957         0.4578247016008989
24.979999999999556        0.5173054312548321
24.999999999999563        0.571020149038836
25.019999999999563        0.6089128603008429
25.03999999999957         0.630216900623025
25.059999999999558        0.6405552285066368
25.079999999999558        0.6450431083327169
25.099999999999557        0.6463084033720965
25.119999999999553        0.6450969608681415
25.139999999999556        0.6406622427663251
25.159999999999553        0.6303750724968457
25.179999999999545        0.6091175487306124
25.19999999999953         0.5712629200415086
25.21999999999952         0.5175747437374255
25.239999999999508        0.4581103060007231
25.259999999999497        0.40286191062592197
25.279999999999493        0.35594269295905895
25.29999999999949         0.3174300222069382
25.31999999999949         0.2860862704206392
25.339999999999485        0.26055007910592093
25.359999999999484        0.23966073008526056
25.379999999999487        0.22249767202828916
25.399999999999483        0.20834951530088205
25.419999999999483        0.19666296463987418
25.43999999999948         0.1870180354639362
25.459999999999482        0.17908911341397893
25.479999999999475        0.17262513035998098
25.499999999999478        0.16743297414507652
25.519999999999477        0.1633652660674193
25.53999999999947         0.1603114505321865
25.559999999999476        0.1581913609649925
25.579999999999483        0.15695071812009026
25.599999999999476        0.15655817156223847
25.61999999999947         0.15700362516940197
25.639999999999475        0.1582977024680729
25.659999999999474        0.16047230136203713
25.679999999999474        0.16358245093814724
25.69999999999947         0.16770868022760646
25.719999999999466        0.1729623600278284
25.73999999999947         0.1794916888546057
25.75999999999948         0.1874907852675386
25.779999999999472        0.19721198038970952
25.799999999999468        0.20898250610346703
25.819999999999464        0.2232269250947561
25.839999999999463        0.24049673045675282
25.85999999999947         0.2615079039075923
25.87999999999946         0.28718358257768956
25.89999999999947         0.31868573233213626
25.919999999999455        0.35737402627348425
25.939999999999454        0.4045653581850795
25.95999999999946         0.46009469366444966
25.97999999999946         0.5198683308372202
25.99999999999945         0.573854076268358
26.019999999999445        0.6119463802062841
26.039999999999456        0.6333680463619188
26.05999999999945         0.6437657361332216
26.07999999999944         0.6482805396217844
26.09999999999944         0.6495546597895465
26.119999999999447        0.6483352667155309
26.139999999999446        0.6438747146545953
26.159999999999442        0.6335457606062267
26.179999999999435        0.612254696849969
26.199999999999427        0.5742825132990687
26.21999999999942         0.5201556817041603
26.239999999999394        0.460399966466091
26.259999999999394        0.4048832099286348
26.279999999999387        0.35773644063891963
26.29999999999938         0.31903698272703584
26.31999999999938         0.2875412347329387
26.339999999999378        0.2618813274992349
26.359999999999378        0.24089096409333047
26.379999999999374        0.2236451586496416
26.399999999999384        0.20942720187292438
26.419999999999376        0.19768534582686917
26.439999999999372        0.1879949839846602
26.459999999999372        0.18002892819987573
26.47999999999937         0.17353493803574113
26.499999999999375        0.16831927887156636
26.51999999999937         0.16423323485613117
26.539999999999367        0.16116610053546213
26.559999999999366        0.1590373033897173
26.579999999999373        0.15779229935186487
26.599999999999365        0.15739959326307618
26.619999999999365        0.15784905211913358
26.639999999999365        0.15915136501434377
26.65999999999936         0.16133860203734787
26.679999999999364        0.1644659186956301
26.699999999999363        0.1686145512445768
26.71999999999936         0.1738963596694613
26.739999999999355        0.18046031797779868
26.759999999999362        0.1885024308734743
26.77999999999936         0.1982749398867555
26.799999999999354        0.21010738432366224
26.819999999999357        0.2244265228870661
26.839999999999364        0.24178670480243264
26.859999999999356        0.2629076168585425
26.87999999999935         0.2887171761793221
26.899999999999352        0.3203833225919831
26.91999999999935         0.3592726660394868
26.939999999999362        0.4066303296634709
26.959999999999347        0.46242367138932916
26.979999999999343        0.5226265614622635
26.999999999999343        0.5770593310098958
27.01999999999934         0.6152865279411605
27.03999999999934         0.6367449067088266
27.059999999999338        0.6472066405035157
27.079999999999345        0.651750416369261
27.099999999999344        0.6530339441474666
27.119999999999333        0.651808923745755
27.139999999999336        0.6473231922256121
27.159999999999336        0.6369340830914296
27.179999999999325        0.6155202598462005
27.19999999999932         0.5773368206888112
27.21999999999931         0.522934237528476
27.239999999999295        0.4627501888548072
27.259999999999277        0.4069703376228337
27.279999999999276        0.35962547254609106
27.299999999999276        0.32075054916160944
27.319999999999272        0.28910062487943183
27.339999999999268        0.2633083085704793
27.359999999999268        0.24220982707674749
27.379999999999253        0.22487542904318583
27.399999999999267        0.2105847114503814
27.41999999999926         0.19878305295197987
27.439999999999266        0.18904361858350682
27.459999999999262        0.18103749569641725
27.47999999999926         0.1745111151229723
27.499999999999265        0.16926946797702494
27.519999999999257        0.16516373747011318
27.53999999999926         0.16208226043306984
27.559999999999256        0.15994405120754224
27.57999999999926         0.15869430716134275
27.599999999999255        0.1583012779198841
27.61999999999925         0.15875485725340321
27.639999999999247        0.16006580810511623
27.659999999999254        0.16226639175841628
27.679999999999247        0.1654120811279849
27.699999999999246        0.1695845722951535
27.719999999999246        0.1748963544698912
27.739999999999245        0.18149724000506262
27.759999999999255        0.1895834367059548
27.779999999999248        0.19940997526578824
27.79999999999924         0.21130758434043884
27.819999999999244        0.22570539492639136
27.83999999999924         0.243160980980919
27.85999999999924         0.26440175042911995
27.87999999999924         0.2903537020447922
27.89999999999923         0.32219429219906337
27.91999999999923         0.3612974980965417
27.939999999999234        0.40891516920714516
27.959999999999244        0.4650150409911763
27.979999999999237        0.5255517206853789
27.99999999999924         0.5802947264479892
28.019999999999243        0.6187508406469697
28.039999999999246        0.6403532764947877
28.05999999999925         0.6508691817212037
28.07999999999925         0.6554463709362806
28.09999999999925         0.6567425769199583
28.119999999999255        0.6555140385820244
28.139999999999244        0.6509979269207863
28.159999999999233        0.6405435361131434
28.17999999999922         0.6189971422757028
28.199999999999218        0.5805869637710578
28.21999999999921         0.525876016279981
28.239999999999185        0.4653598289759295
28.259999999999184        0.40927496162867105
28.279999999999173        0.36167158089482915
28.299999999999162        0.322584360473901
28.319999999999155        0.2907623752075722
28.339999999999158        0.2648318859813211
28.359999999999154        0.2436185860229936
28.379999999999157        0.2261894169765988
28.399999999999153        0.21181878395789275
28.41999999999915         0.19995352514115267
28.43999999999915         0.19016189611067963
28.45999999999915         0.1821131574281123
28.479999999999144        0.17555232544051955
28.499999999999147        0.1702833005634221
28.51999999999914         0.16615644253960685
28.539999999999136        0.16305949903077538
28.559999999999135        0.16091106621502416
28.57999999999915         0.1596560215276717
28.599999999999145        0.15926252987555092
28.619999999999138        0.15972036345475824
28.63999999999914         0.16104036145638925
28.65999999999914         0.16325499043454916
28.679999999999136        0.16641988824001572
28.69999999999914         0.17061751031315156
28.719999999999136        0.17596090013778498
28.739999999999135        0.18260075329183068
28.75999999999914         0.1907344299167587
28.77999999999914         0.2006184536369631
28.79999999999913         0.21258548324758686
28.81999999999913         0.22706714615116425
28.839999999999133        0.24462424786435902
28.85999999999913         0.26598522078399994
28.87999999999913         0.2920901752983267
28.899999999999125        0.32412447986122545
28.919999999999128        0.36347848027926194
28.939999999999127        0.41141692310487304
28.959999999999134        0.4677614904476752
28.979999999999126        0.5286512454836805
28.999999999999133        0.5837232930919218
29.01999999999913         0.6224233188646363
29.039999999999136        0.6441703868955254
29.059999999999135        0.6547595320452703
29.079999999999128        0.6593697249068835
29.09999999999913         0.6606763795398409
29.11999999999913         0.6594409447101547
29.13999999999913         0.6549007917589477
29.159999999999123        0.6443621067603301
29.17999999999912         0.6225919665824121
29.199999999999104        0.5838605264710998
29.219999999999086        0.5289941529674663
29.23999999999908         0.46812603067244646
29.259999999999067        0.41171808471517296
29.279999999999067        0.3638408773879817
29.299999999999056        0.3245287578619941
29.319999999999048        0.2925237229296773
29.339999999999048        0.2664442551948049
29.359999999999054        0.24510931525743423
29.379999999999047        0.22758042407171544
29.399999999999057        0.2131296748246617
29.419999999999053        0.20119638138541932
29.43999999999904         0.19134891535765133
29.45999999999904         0.18325459299094207
29.479999999999034        0.17665690572947843
29.499999999999034        0.17135829510412523
29.51999999999904         0.16720886945875932
29.539999999999033        0.1640952966825833
29.559999999999036        0.16193570942141083
29.579999999999046        0.1606746946570139
29.599999999999035        0.16028026020087366
29.619999999999038        0.16074213011667846
29.639999999999038        0.1620712041552265
29.659999999999037        0.16430014609755442
29.679999999999026        0.16748511692779228
29.69999999999903         0.17170881864389398
29.71999999999903         0.17708511810325733
29.739999999999032        0.18376565548584264
29.759999999999025        0.1919490247459872
29.779999999999028        0.20189202629553438
29.799999999999027        0.213931445118851
29.81999999999902         0.2285006201420614
29.83999999999902         0.24616374467652236
29.859999999999015        0.26765363145229726
29.87999999999902         0.29391601075102763
29.899999999999014        0.32614328180899665
29.919999999999014        0.36573396217365917
29.939999999999014        0.41396026529972446
29.959999999999024        0.4707481128409512
29.97999999999902         0.5318903339821076
29.99999999999902         0.5871482458000272
30.019999999999026        0.6261845914811035
30.039999999999036        0.648175366394765
30.059999999999025        0.6588415177762917
30.07999999999903         0.6634863208481591
30.09999999999904         0.6648037700845886
30.119999999999035        0.6635607510982879
30.139999999999027        0.6589890156524114
30.159999999999016        0.64837580374856
30.179999999999012        0.6264551025287415
30.199999999998997        0.5874689065345933
30.219999999998986        0.5322470591137296
30.239999999998968        0.4711285161298337
30.25999999999896         0.41435819833088705
30.27999999999895         0.36614864910861417
30.29999999999895         0.326576649098867
30.31999999999894         0.2943716940998326
30.33999999999894         0.26813654125105263
30.359999999998937        0.2466745076134999
30.379999999998947        0.22904148534491897
30.399999999998943        0.21450513799769963
30.419999999998936        0.20250138776927798
30.43999999999894         0.19259600912543404
30.459999999998935        0.18445434075437986
30.47999999999893         0.17781833006115172
30.49999999999893         0.17248949580617018
30.519999999998934        0.1683163732247809
30.539999999998933        0.1651853402388462
30.559999999998926        0.16301401484590436
30.579999999998932        0.16174663874813383
30.59999999999893         0.16135103907761295
30.619999999998917        0.1618169411409241
30.639999999998928        0.16315530562952696
30.659999999998924        0.16539900637661545
30.679999999998927        0.16860455270240077
30.699999999998923        0.1728551679416094
30.71999999999892         0.1782654405574308
30.739999999998926        0.1849879708085597
30.75999999999893         0.193222606930919
30.77999999999892         0.20322909394920108
30.799999999998917        0.21534423926276156
30.819999999998917        0.23000498216200382
30.839999999998913        0.24777885134232375
30.85999999999891         0.26939936194125447
30.879999999998912        0.2958251467546257
30.899999999998908        0.32825261169549536
30.919999999998907        0.36808865424899
30.939999999998914        0.41661315490975803
30.959999999998914        0.47375254133062916
30.97999999999891         0.5352784322712906
30.999999999998916        0.5908966379921847
31.019999999998923        0.6302048505040263
31.039999999998926        0.6523502566599276
31.059999999998922        0.6631141918634014
31.079999999998925        0.6677937473724085
31.09999999999893         0.6691198581426189
31.119999999998925        0.6678656558066245
31.13999999999892         0.6632627396956438
31.159999999998913        0.6525692735680748
31.179999999998905        0.6304874986363093
31.199999999998894        0.5912316400087188
31.219999999998876        0.5356512751972885
31.239999999998865        0.47415047955775
31.25999999999885         0.4170298554151003
31.279999999998843        0.3685233451703967
31.299999999998835        0.32870732250925583
31.319999999998835        0.29630293732249996
31.33999999999884         0.26990352571309856
31.359999999998827        0.24830938311308398
31.379999999998834        0.23056880867321858
31.399999999998833        0.2159442862210751
31.41999999999883         0.20386933265970145
31.439999999998836        0.19390386761820155
31.45999999999883         0.18571304694652918
31.479999999998828        0.17903724150933883
31.499999999998835        0.17367674415242176
31.519999999998827        0.16947913997059716
31.539999999998834        0.16633009038037544
31.559999999998833        0.16414669368944448
31.579999999998826        0.1628728400235574
31.59999999999883         0.16247615602553675
31.619999999998807        0.16294627575403742
31.639999999998814        0.16429428857925846
31.659999999998828        0.16655330972849391
31.679999999998827        0.16978041216340364
31.69999999999882         0.17405909051127486
31.719999999998826        0.17950479513146225
31.739999999998812        0.1862711276867902
31.75999999999881         0.1945592489585868
31.779999999998797        0.2046306066571806
31.7999999999988          0.21682420970406166
31.819999999998792        0.2315798431850785
31.8399999999988          0.24946871567088974
31.859999999998806        0.2712322979022454
31.879999999998798        0.29782640917018427
31.899999999998798        0.3304538079566838
31.919999999998797        0.37052145692218696
31.93999999999879         0.41931137543711205
31.959999999998782        0.4768994235539196
31.97999999999879         0.5388268700541602
31.999999999998792        0.5948215287858949
32.019999999998795        0.634413008545821
32.03999999999879         0.6567285942364784
32.0599999999988          0.6675789614400209
32.079999999998805        0.6722972427983707
32.09999999999879         0.6736353169078019
32.11999999999879         0.6723725259264364
32.139999999998786        0.6677287725708727
32.15999999999878         0.6569672562768772
32.17999999999878         0.6348025496311197
32.199999999998774        0.5953469370875404
32.219999999998755        0.5392307945765398
32.23999999999874         0.4773175200703157
32.25999999999872         0.4198300129436742
32.2799999999987          0.3710126801615529
32.299999999998704        0.3309414943927867
32.319999999998714        0.2983295425480568
32.339999999998696        0.27176132442777573
32.359999999998685        0.25002951462640877
32.37999999999869         0.23217630639076836
32.39999999999869         0.21745941717611844
32.4199999999987          0.205307321133824
32.439999999998676        0.1952801366019297
32.45999999999868         0.1870388975514289
32.47999999999868         0.1803223063657105
32.49999999999868         0.17492941674100312
32.51999999999868         0.17070705688801951
32.539999999998685        0.16753972491366323
32.55999999999868         0.1653442654672226
32.57999999999867         0.16406420756210377
32.59999999999867         0.1636669745807837
32.61999999999867         0.16414214358285828
32.63999999999867         0.1655008903816687
32.65999999999867         0.16777657348099245
32.679999999998664        0.1710265044628701
32.69999999999867         0.17533504971027977
32.71999999999867         0.18081834338437752
32.73999999999865         0.18763102616600982
32.75999999999866         0.19597561400227392
32.77999999999865         0.20611666124546543
32.799999999998654        0.21839336260008646
32.81999999999865         0.23324942863878478
32.83999999999866         0.2512599507547092
32.85999999999864         0.2731714071693846
32.87999999999865         0.2999460151792162
32.89999999999866         0.33279448980139753
32.919999999998645        0.37313300604149324
32.93999999999864         0.4222520062603911
32.959999999998644        0.4801222945847298
32.97999999999865         0.542592477782441
32.99999999999866         0.5991481332418755
33.01999999999867         0.6389613717345016
33.03999999999869         0.6613755972714649
33.059999999998674        0.6723095516634703
33.07999999999867         0.6770693807231363
33.099999999998666        0.6784200298038611
33.11999999999866         0.6771474257158189
33.13999999999866         0.6724645517983164
33.159999999998654        0.6616117932773459
33.179999999998635        0.6392654157068899
33.19999999999863         0.5995079197206526
33.219999999998606        0.5429936932978933
33.23999999999858         0.48055328899882177
33.25999999999858         0.4227070273612961
33.279999999998566        0.3736113141865711
33.29999999999856         0.33329809620403283
33.31999999999856         0.30047805510338244
33.339999999998554        0.2737320645243239
33.35999999999855         0.2518558747489931
33.37999999999856         0.23388457362863535
33.399999999998535        0.2190708921844664
33.419999999998545        0.2068394398787559
33.43999999999855         0.1967473403160326
33.45999999999854         0.18845328052930266
33.47999999999854         0.18169412249215283
33.499999999998536        0.17626753021140323
33.51999999999853         0.17201912213945228
33.53999999999853         0.16883309800402788
33.55999999999854         0.16662548461936902
33.57999999999853         0.16533944793255323
33.59999999999854         0.1649422129393591
33.61999999999853         0.16542327504271953
33.63999999999852         0.16679394681691648
33.65999999999852         0.16908784665531865
33.67999999999852         0.1723627171296637
33.699999999998525        0.17670355759315196
33.71999999999852         0.18222737475228779
33.73999999999852         0.18908996395950106
33.75999999999852         0.19749533308294684
33.779999999998516        0.20770861256559744
33.79999999999851         0.22007358670100463
33.81999999999851         0.23503626532754035
33.839999999998504        0.25317605181535197
33.85999999999851         0.2752453847615318
33.879999999998496        0.3022158362249364
33.899999999998506        0.3353000597307115
33.919999999998495        0.37592725212783384
33.9399999999985          0.4253967861582546
33.959999999998516        0.483680428687919
33.9799999999985          0.5466035110738817
33.999999999998515        0.603588074494323
34.01999999999853         0.643727886035859
34.03999999999853         0.6663402764916178
34.059999999998524        0.6773699903325934
34.07999999999853         0.6821777051888595
34.09999999999854         0.6835448866844219
34.11999999999852         0.682264286392261
34.139999999998516        0.677540847854038
34.159999999998504        0.6665821175435935
34.1799999999985          0.6440370885659034
34.19999999999849         0.6039526602032199
34.21999999999848         0.5470121216386252
34.23999999999846         0.4841240907370956
34.259999999998435        0.425870516967476
34.27999999999842         0.37643012390877983
34.29999999999842         0.3358337787282828
34.31999999999841         0.3027833286592302
34.33999999999841         0.2758532540591428
34.35999999999841         0.2538244420731648
34.379999999998404        0.2357277982955252
34.3999999999984          0.2208114025468196
34.4199999999984          0.2084945710496052
34.439999999998406        0.19833442954055414
34.459999999998395        0.18998526734703963
34.479999999998405        0.18318203308260875
34.499999999998394        0.1777208764759975
34.5199999999984          0.17344626746232442
34.53999999999841         0.17024157809861193
34.5599999999984          0.16802228455423845
34.579999999998385        0.16673119343297962
34.59999999999839         0.16633532813094123
34.61999999999839         0.1668241822189383
34.63999999999838         0.16820916569947808
34.659999999998384        0.1705242013251869
34.67999999999839         0.17382752472591034
34.69999999999839         0.17820456104559715
34.71999999999838         0.18377369839526997
34.73999999999838         0.19069180075607856
34.75999999999838         0.19916451073063907
34.77999999999838         0.20945907199044672
34.79999999999839         0.2219219834152288
34.81999999999837         0.23700274466643848
34.839999999998376        0.255285253319331
34.859999999998365        0.27752772498901357
34.87999999999837         0.3047083507776758
34.89999999999837         0.33805994521689986
34.91999999999836         0.3790278120257259
34.93999999999837         0.4289269559069137
34.95999999999836         0.48768688975647095
34.97999999999838         0.5509966414377901
34.999999999998366        0.6084547413598874
35.01999999999836         0.6489613666420685
35.03999999999838         0.6717995742984322
35.059999999998375        0.6829455822502337
35.079999999998364        0.6878054796399421
35.09999999999837         0.6891886531497221
35.11999999999837         0.6878964381426992
35.13999999999836         0.68312564447007
35.15999999999837         0.6720466821432177
35.17999999999836         0.6491976069326313
35.19999999999834         0.6086734905242328
35.21999999999832         0.5514295961804485
35.23999999999831         0.4880620840405566
35.25999999999828         0.4293627402950776
35.27999999999829         0.3795457935375818
35.29999999999828         0.3386408079653091
35.31999999999827         0.30533984573967904
35.33999999999827         0.27820669727155456
35.35999999999826         0.2560129988595443
35.37999999999826         0.23778222067188162
35.399999999998265        0.22275663119745148
35.419999999998254        0.21035239933341246
35.43999999999826         0.20011999929699603
35.45999999999827         0.19171294063685843
35.47999999999825         0.1848640645198493
35.49999999999824         0.17936789843883688
35.51999999999825         0.1750674624495991
35.539999999998244        0.17184561279586405
35.55999999999824         0.1696168727222826
35.57999999999823         0.1683236551067178
35.59999999999824         0.1679328217077466
35.619999999998235        0.1684338755834144
35.63999999999825         0.16983840873710299
35.659999999998234        0.17218071720722547
35.67999999999823         0.1755196231415648
35.69999999999824         0.1799416639725834
35.71999999999824         0.18556592599106833
35.739999999998226        0.1925509466464331
35.75999999999822         0.20110429868825105
35.77999999999822         0.2114957093755215
35.79999999999822         0.22407290369652916
35.81999999999822         0.2392926061631202
35.83999999999822         0.2577425522675493
35.85999999999822         0.2801876344579957
35.87999999999821         0.3076145253910589
35.899999999998215        0.34126652046430533
35.91999999999821         0.38260094109976445
35.939999999998214        0.43294374044350775
35.95999999999821         0.49222602082546263
35.97999999999822         0.5560994295782163
35.999999999998245        0.6139476353550469
36.01999999999824         0.6549707156387771
36.039999999998244        0.678166589781396
36.05999999999824         0.689463293021912
36.07999999999824         0.6943863140010007
36.09999999999824         0.6957885794938695
36.119999999998235        0.6944817694009545
36.13999999999823         0.6896526151774708
36.15999999999823         0.6784380583395415
36.179999999998216        0.6553230493182429
36.199999999998205        0.6143707509407708
36.2199999999982          0.5565818349646243
36.23999999999816         0.49275832448956286
36.25999999999816         0.43352241384353096
36.27999999999814         0.38322745230520616
36.29999999999814         0.34194473384201257
36.31999999999813         0.30834900590893655
36.33999999999811         0.2809862392270689
36.359999999998124        0.2586062597854397
36.379999999998105        0.24022473850250325
36.399999999998116        0.22507724860293493
36.41999999999811         0.21257477378562128
36.43999999999811         0.20226377378310073
36.45999999999811         0.19379465146935096
36.47999999999811         0.18689785701936304
36.49999999999812         0.1813660937923787
36.519999999998106        0.17704120122264216
36.5399999999981          0.17380457566455687
36.5599999999981          0.17157027822689225
36.57999999999811         0.17028022814370672
36.5999999999981          0.1699010630137361
36.6199999999981          0.17042236671975372
36.639999999998096        0.17185600776779927
36.65999999999811         0.1742368083972836
36.679999999998095        0.177624370152687
36.699999999998106        0.18210630939110545
36.71999999999809         0.18780315046679602
36.7399999999981          0.1948753074917356
36.75999999999809         0.2035327758725974
36.77999999999809         0.21404839601823364
36.799999999998086        0.2267758421531034
36.81999999999809         0.2421737800906269
36.83999999999808         0.260837730344517
36.859999999998074        0.2835403939786795
36.8799999999981          0.3112765665872418
36.89999999999809         0.3453094732246383
36.91999999999808         0.3871083131294576
36.93999999999807         0.4380128941350374
36.95999999999807         0.49795622196115813
36.979999999998086        0.5625563425348096
36.99999999999809         0.621103598027685
37.019999999998085        0.6626753623523209
37.03999999999809         0.6862133363864691
37.0599999999981          0.6976924081835123
37.07999999999809         0.7026916298326179
37.09999999999809         0.704114334683277
37.119999999998086        0.7027855822308873
37.13999999999808         0.6978798637473903
37.15999999999809         0.6864999605356106
37.17999999999808         0.6630499673275227
37.199999999998056        0.6215590655077035
37.21999999999804         0.5630855991002085
37.23999999999802         0.4985543828270078
37.259999999998           0.43867986117699187
37.27999999999799         0.387847852491
37.29999999999799         0.3461269707579492
37.31999999999799         0.31217763443496643
37.339999999998           0.28452699123698005
37.35999999999799         0.2619180581130691
37.37999999999797         0.24335307516429755
37.39999999999798         0.22805848119757233
37.41999999999797         0.21543851591358074
37.43999999999797         0.20503552217812804
37.45999999999796         0.19649381338755625
37.47999999999798         0.18954223541203594
37.49999999999796         0.18397120402517647
37.519999999997964        0.17962084450195648
37.539999999997974        0.1763713102705089
37.559999999997956        0.17413581635938263
37.57999999999796         0.17285576971844757
37.599999999997955        0.17249757100390534
37.61999999999795         0.1730508231241407
37.639999999997954        0.17452779361214166
37.65999999999796         0.17696402781985987
37.679999999997946        0.18042021108532422
37.69999999999794         0.18498571570659653
37.71999999999795         0.19078255290223234
37.73999999999794         0.19797384364625573
37.759999999997945        0.2067728200091736
37.77999999999795         0.21745647148728825
37.79999999999795         0.23038378755649916
37.81999999999794         0.2460202478730944
37.839999999997936        0.2649701099804954
37.859999999997925        0.28801724659087424
37.879999999997935        0.3161713439407535
37.89999999999793         0.3507017234885663
37.91999999999793         0.39309169720986
37.93999999999794         0.44469286372320377
37.959999999997926        0.5054852747964815
37.97999999999793         0.5711638514659313
37.99999999999793         0.6306493923206558
38.01999999999794         0.6729680139004497
38.039999999997946        0.6969769859814048
38.059999999997956        0.7087004845597673
38.079999999997966        0.7138085140925183
38.09999999999795         0.7152631864402903
38.119999999997944        0.7139077444812868
38.13999999999795         0.7088993282069782
38.159999999997936        0.6972937073479809
38.17999999999793         0.6734723856483783
38.19999999999792         0.6313306013113537
38.219999999997896        0.5717732593919473
38.23999999999788         0.5061851792909839
38.25999999999785         0.4455814951421076
38.27999999999784         0.3940435086295411
38.29999999999784         0.35174758870399236
38.31999999999785         0.3173351645057156
38.339999999997836        0.28931293537029884
38.35999999999783         0.26640618117420123
38.379999999997835        0.24760283277052647
38.39999999999783         0.2321180947631295
38.419999999997835        0.21934747737248753
38.43999999999782         0.2088256383281425
38.45999999999782         0.20019394609162317
38.479999999997816        0.19317593262854602
38.499999999997804        0.18755902715951314
38.519999999997815        0.1831813099234704
38.53999999999781         0.17992086200532437
38.559999999997814        0.17769008857908272
38.57999999999781         0.1764297588635835
38.59999999999781         0.1761060606028345
38.61999999999781         0.176708777511164
38.639999999997805        0.1782507321128827
38.6599999999978          0.1807684591219872
38.67999999999781         0.18432413243228213
38.6999999999978          0.1890089093290954
38.7199999999978          0.1949479711938324
38.73999999999779         0.2023077501477216
38.7599999999978          0.21130596896971246
38.77999999999781         0.22222536732028328
38.799999999997794        0.23543434675122438
38.81999999999779         0.2514045551897838
38.83999999999779         0.27075382476294424
38.85999999999779         0.2942815369861776
38.879999999997786        0.32301697194165435
38.89999999999779         0.35825349103310694
38.91999999999778         0.4015017427642166
38.93999999999779         0.45413816300118365
38.9599999999978          0.5161476532838492
38.97999999999779         0.5831798127946357
38.9999999999978          0.6441492049342548
39.01999999999781         0.6874430163352484
39.03999999999782         0.7120308970927814
39.059999999997814        0.7240848305972297
39.079999999997824        0.7293528325776563
39.09999999999783         0.7308519638918639
39.11999999999782         0.7294573965860933
39.13999999999781         0.7243016923519224
39.1599999999978          0.7123596775470079
39.17999999999779         0.6878889081324936
39.19999999999778         0.6447208994904989
39.21999999999775         0.5838899318349762
39.23999999999774         0.517011416568292
39.259999999997724        0.4551716649622498
39.279999999997706        0.4027200898172236
39.2999999999977          0.35966967290324614
39.319999999997684        0.3246416785617845
39.339999999997694        0.29612015217889404
39.35999999999768         0.27281728194407523
39.37999999999769         0.25370032568794926
39.39999999999768         0.23796889701859392
39.419999999997685        0.2250064149110059
39.439999999997696        0.21433820082009625
39.45999999999767         0.2055984592605695
39.47999999999767         0.198505249804557
39.49999999999768         0.19284186955123903
39.51999999999767         0.18844313772398427
39.539999999997676        0.1851853988946783
39.55999999999768         0.18297933230286828
39.57999999999766         0.18176493035475463
39.599999999997685        0.181508208938385
39.61999999999768         0.18219932825403487
39.63999999999766         0.18385215239964645
39.659999999997666        0.18650484159135863
39.67999999999767         0.19022191486539364
39.699999999997665        0.1950977006125084
39.71999999999767         0.20126155024705414
39.73999999999766         0.20888527367200338
39.75999999999766         0.21819348001343758
39.77999999999764         0.22947770976336623
39.79999999999765         0.24311557870897477
39.81999999999764         0.2595964704526326
39.839999999997666        0.2795554209597608
39.85999999999765         0.30381604423796604
39.879999999997644        0.33343931793870335
39.89999999999764         0.36975044805521684
39.91999999999764         0.41430268669185066
39.93999999999763         0.4685109631833773
39.95999999999764         0.5323677944364288
39.979999999997645        0.6014426775721238
39.999999999997655        0.6644118529316219
40.01999999999767         0.7093120823098192
40.03999999999767         0.7349175790772904
40.05999999999767         0.7475008672061623
40.07999999999767         0.7530002173533648
40.09999999999767         0.7545694689953052
40.119999999997674        0.7531176719559779
40.139999999997656        0.7477401433168542
40.15999999999767         0.7352822028208678
40.179999999997655        0.7098306091064792
40.199999999997644        0.6651175806887261
40.219999999997626        0.6023759641467591
40.23999999999761         0.5335710612261793
40.259999999997575        0.47002334148404695
40.27999999999757         0.4161560866150395
40.29999999999755         0.37196906845927696
40.31999999999755         0.3360419288397144
40.339999999997545        0.30681826178293714
40.35999999999754         0.28296558600059085
40.37999999999754         0.26342346259598
40.39999999999753         0.2473684296066616
40.41999999999753         0.23416577259828297
40.43999999999753         0.22332580490983833
40.45999999999752         0.21447422004361036
40.479999999997524        0.20731948176169232
40.499999999997534        0.20163877043506462
40.51999999999753         0.19726248376826944
40.53999999999753         0.19406389573593666
40.55999999999753         0.1919517924616932
40.579999999997526        0.19086531912695748
40.59999999999752         0.1907706263017778
40.61999999999752         0.1916590431390251
40.639999999997514        0.1935465516956242
40.659999999997524        0.19647455696447547
40.67999999999753         0.20051198685667715
40.69999999999751         0.205758975802192
40.719999999997505        0.21235190866044237
40.739999999997515        0.2204730217010695
40.75999999999751         0.2303589158918206
40.77999999999751         0.24231684359907243
40.7999999999975          0.2567444743137006
40.8199999999975          0.27415683579981637
40.839999999997495        0.29522178867087334
40.859999999997505        0.32080486061272434
40.87999999999749         0.3520199921306457
40.899999999997505        0.3902668690160326
40.91999999999749         0.437181012198356
40.93999999999749         0.49425040440284507
40.959999999997486        0.5614360492357999
40.9799999999975          0.6340299953702866
40.99999999999751         0.7005673138391912
41.01999999999753         0.7483404107954095
41.039999999997534        0.7757714997454052
41.059999999997544        0.789306866968302
41.07999999999754         0.795229215278491
41.099999999997536        0.7969221623670639
41.11999999999753         0.7953713736018214
41.13999999999753         0.7896144269894497
41.159999999997524        0.7762811731638042
41.17999999999751         0.749085864457352
41.199999999997495        0.701732109397881
41.21999999999746         0.636060450543182
41.23999999999746         0.5643452956233105
41.259999999997426        0.49812377648856676
41.279999999997415        0.44228645234830155
41.299999999997404        0.3966712462955548
41.31999999999741         0.35977388984093256
41.33999999999741         0.3299554504041667
41.3599999999974          0.3058152637547716
41.379999999997395        0.2862402578226949
41.3999999999974          0.2703676924532764
41.41999999999739         0.25753431934915144
41.43999999999739         0.24723138765118072
41.45999999999739         0.23906901275195977
41.47999999999738         0.23274918638851788
41.49999999999739         0.22804570582244102
41.519999999997395        0.22478941820780463
41.53999999999739         0.22285752814599727
41.55999999999737         0.2221663413151069
41.57999999999737         0.2226656183308539
41.600000000000016        0.22433571437704433
