% Model:              ModelBH.mph
% Version:            COMSOL 5.6.0.280
% Date:               Oct 14 2021, 21:17
% Dimension:          1
% Nodes:              994
% Expressions:        1
% Description:        线图
% cln1x                   Height
49.24999999999999         0.20688805299128804
49.260000000000076        0.20544799482204076
49.280000000000086        0.2034112462071575
49.300000000000104        0.2024960672840736
49.32000000000011         0.20275436116555526
49.34000000000012         0.2043085514133803
49.36000000000011         0.2073685661616665
49.38000000000013         0.2122576743816862
49.400000000000134        0.21944560805019925
49.420000000000144        0.22957188891875802
49.440000000000154        0.2433818196477094
49.460000000000164        0.26134382000362355
49.48000000000015         0.28234919603693454
49.50000000000016         0.3028345748406618
49.520000000000174        0.31886777022405477
49.540000000000205        0.32817750372576987
49.560000000000194        0.3308680590046372
49.58000000000019         0.32745256764738917
49.60000000000019         0.31732081952235525
49.62000000000021         0.30024553556599604
49.6400000000002          0.27841575946228886
49.66000000000021         0.25580647542495666
49.680000000000234        0.2360374218655911
49.70000000000021         0.2202226555663872
49.72000000000022         0.2079705309639989
49.74000000000024         0.19855578705317323
49.760000000000254        0.1913385329097623
49.78000000000025         0.18583300338314696
49.80000000000025         0.18168963971788915
49.82000000000027         0.17866421394589346
49.840000000000266        0.17659239343086894
49.86000000000028         0.17537238715500963
49.88000000000028         0.17495453080129608
49.90000000000029         0.17533646969945177
49.92000000000031         0.17656323703780286
49.940000000000296        0.17873226359697975
49.96000000000031         0.1820040082035594
49.98000000000032         0.18661946010546512
50.00000000000033         0.19292506848704963
50.02000000000034         0.20140768868300138
50.04000000000033         0.21270919932054927
50.060000000000365        0.22755511121471958
50.08000000000035         0.2463227875517339
50.10000000000036         0.26785162235501525
50.12000000000035         0.2885254430951336
50.140000000000356        0.3045199424565313
50.160000000000366        0.3137482166016062
50.18000000000036         0.31648231640196234
50.20000000000038         0.3133415238975036
50.22000000000038         0.30370290153241564
50.240000000000386        0.28724530188300657
50.260000000000396        0.26601865174183026
50.280000000000406        0.24393720360987628
50.300000000000416        0.22455106504170097
50.320000000000405        0.20905036202594346
50.34000000000043         0.19707342142802808
50.36000000000043         0.18790504235679087
50.38000000000044         0.18090810533059523
50.400000000000446        0.17559957354702269
50.42000000000046         0.17163243070312156
50.44000000000047         0.16876470881634711
50.46000000000046         0.16683425608800362
50.48000000000047         0.16574145536807355
50.500000000000476        0.16543876496793103
50.520000000000486        0.16592585217632988
50.54000000000049         0.16724965886164744
50.56000000000051         0.1695090415003174
50.58000000000051         0.17286658492705306
50.60000000000052         0.17756441989692173
50.62000000000053         0.18395044367321675
50.640000000000526        0.19250858552071995
50.66000000000054         0.20387495114866094
50.68000000000056         0.21875797931731972
50.70000000000054         0.2375013085226816
50.72000000000055         0.258900470649292
50.740000000000556        0.27933074107454053
50.76000000000056         0.2950410579525933
50.78000000000056         0.3040468756076769
50.800000000000566        0.30669825948109564
50.82000000000058         0.3036453576838221
50.84000000000057         0.29422197803092975
50.860000000000575        0.2780671482305109
50.88000000000058         0.25716272490123815
50.9000000000006          0.23524979612939928
50.92000000000062         0.21595253702941244
50.94000000000062         0.2004867799647363
50.96000000000063         0.18852147968354144
50.980000000000636        0.17935735244674875
51.00000000000064         0.17236414812872136
51.02000000000065         0.16706143364454754
51.04000000000065         0.16310305077475473
51.06000000000068         0.16024726391040248
51.080000000000666        0.15833197916102484
51.10000000000067         0.1572576536908518
51.12000000000067         0.15697671577599365
51.14000000000069         0.15748904406274453
51.16000000000069         0.1588417052832993
51.1800000000007          0.161133997044702
51.20000000000071         0.1645279223704385
51.22000000000071         0.1692653365231667
51.24000000000071         0.1756925948923516
51.26000000000073         0.18428958420916985
51.28000000000072         0.19568308473765395
51.30000000000074         0.21056232152085957
51.32000000000075         0.22923758099319433
51.34000000000075         0.25046664242250083
51.36000000000075         0.27062841703002727
51.380000000000734        0.28607603428837935
51.40000000000074         0.294848624862646
51.42000000000074         0.29742623524158784
51.440000000000765        0.29446690273704434
51.46000000000077         0.28527874731513553
51.48000000000077         0.2694365270103656
51.50000000000078         0.24882926392267982
51.52000000000079         0.22712055056080607
51.540000000000816        0.20793081715833336
51.56000000000083         0.19251117691248254
51.58000000000084         0.1805618053214078
51.60000000000083         0.17140138962773063
51.62000000000085         0.16440836558659705
51.64000000000084         0.15910612148043943
51.66000000000085         0.1551504408303332
51.68000000000085         0.15229932762798212
51.70000000000087         0.1503914900959139
51.72000000000089         0.14932744933433478
51.74000000000088         0.14905980227067495
51.760000000000886        0.14958838345062594
51.7800000000009          0.15096028447718662
51.800000000000885        0.15327472143180945
51.82000000000092         0.1566933295022867
51.840000000000906        0.16145689907523017
51.860000000000916        0.16790918906112848
51.880000000000926        0.17652455271561102
51.90000000000094         0.18791872477009655
51.92000000000093         0.20274148740849082
51.94000000000094         0.22129417843472074
51.960000000000946        0.24232805929520668
51.98000000000094         0.2622344329923911
52.00000000000094         0.2773566005588145
52.020000000000934        0.2859222448793749
52.04000000000095         0.28843154385133557
52.06000000000094         0.28555351903372256
52.08000000000096         0.27658622522573256
52.10000000000098         0.26105525680159763
52.12000000000098         0.24076794923036435
52.140000000000995        0.21929755581197416
52.160000000001           0.20024521390904246
52.18000000000104         0.18489185459758725
52.20000000000103         0.17296906679908466
52.22000000000105         0.16381995246495265
52.24000000000106         0.15683006404856953
52.26000000000104         0.15152915228458472
52.28000000000106         0.14757543665855957
52.30000000000107         0.1447289885375028
52.32000000000107         0.14282844542012546
52.34000000000109         0.14177454414139704
52.36000000000108         0.14151997404971042
52.380000000001104        0.14206459142258776
52.40000000000111         0.14345542699921926
52.42000000000112         0.14579147441677098
52.44000000000114         0.1492337945839292
52.46000000000112         0.15402183857985657
52.48000000000113         0.16049694005094117
52.50000000000115         0.1691243639832923
52.52000000000115         0.180505594962532
52.54000000000114         0.1952834740839921
52.560000000001146        0.21370910952482733
52.58000000000116         0.23451312992408485
52.600000000001124        0.2541107295436795
52.62000000000113         0.2689395078328062
52.64000000000112         0.2773064248707389
52.66000000000113         0.27975447488631755
52.68000000000113         0.2769588619487741
52.700000000001125        0.2682111322636195
52.72000000000114         0.252993031602926
52.74000000000116         0.2330230466108634
52.760000000001185        0.2117861131523498
52.7800000000012          0.19289799373177863
52.80000000000121         0.1776346682981331
52.82000000000125         0.1657537632979726
52.84000000000124         0.15661942185962063
52.86000000000126         0.14963555794763903
52.880000000001246        0.14433802507344687
52.90000000000125         0.14038801523581695
52.92000000000126         0.13754703243617833
52.94000000000126         0.1356543819123221
52.96000000000128         0.13461107427094168
52.98000000000128         0.13436987677683795
53.00000000000127         0.13493059820970513
53.02000000000129         0.13634032805541396
53.0400000000013          0.13869726527780174
53.06000000000132         0.14216165529197464
53.08000000000131         0.1469709387341298
53.10000000000133         0.15346171673205186
53.120000000001326        0.16209349643162074
53.14000000000133         0.1734531257515791
53.16000000000133         0.1881600461421567
53.180000000001336        0.20643351961326056
53.20000000000134         0.22698166069226178
53.22000000000133         0.24625025091362304
53.24000000000134         0.2607737647126227
53.26000000000132         0.2689361832762434
53.28000000000132         0.27131911733801545
53.300000000001326        0.26860312673157705
53.32000000000134         0.26009483496563457
53.34000000000136         0.24520790620090263
53.360000000001385        0.22555760888972196
53.38000000000139         0.2046026585991187
53.400000000001405        0.1858950373610754
53.420000000001416        0.17073220375768763
53.440000000001426        0.15890259130253703
53.460000000001436        0.14979320223011897
53.48000000000145         0.14282167139499383
53.500000000001464        0.13753131658763793
53.52000000000147         0.13358718794333407
53.54000000000147         0.1307527210476829
53.56000000000147         0.12886806582889251
53.58000000000149         0.1278350608236754
53.60000000000149         0.12760651276774015
53.62000000000149         0.12818233099033227
53.6400000000015          0.12960916237991885
53.66000000000151         0.13198491328196255
53.680000000001506        0.13546838933796254
53.700000000001516        0.14029457426725303
53.720000000001534        0.14679546645032832
53.74000000000154         0.1554220954563518
53.76000000000154         0.16674637768805983
53.78000000000154         0.18136393073833038
53.80000000000154         0.19946363955197352
53.82000000000152         0.21973525808886493
53.840000000001524        0.23862645276840566
53.860000000001506        0.2528489693808738
53.880000000001495        0.26082750197938703
53.90000000000151         0.2631479803999649
53.920000000001515        0.2605111577833141
53.94000000000152         0.252224751433984
53.96000000000155         0.23766806401941662
53.98000000000156         0.21838289975424996
54.000000000001606        0.19772937047666198
54.020000000001595        0.17922249049675296
54.040000000001605        0.16417677401551348
54.060000000001615        0.15241031813274164
54.080000000001625        0.1433336569839395
54.10000000000166         0.136379267889897
54.120000000001646        0.13109831545235306
54.14000000000165         0.1271619208779674
54.16000000000166         0.12433510926200719
54.18000000000168         0.12245941409631292
54.20000000000168         0.12143695393852044
54.22000000000169         0.12122091842338682
54.24000000000169         0.1218110174245131
54.260000000001696        0.12325344558606419
54.28000000000169         0.12564534724671153
54.30000000000171         0.12914412651749962
54.3200000000017          0.13398201914888422
54.340000000001744        0.14048578554782523
54.36000000000174         0.14909709610712413
54.380000000001736        0.16037934908841472
54.40000000000174         0.1749023878355205
54.42000000000174         0.19281995752448328
54.44000000000174         0.2127759118993527
54.4600000000017          0.23130329120260887
54.48000000000171         0.24521075814220422
54.50000000000172         0.25298299701549215
54.52000000000173         0.25523949528578926
54.54000000000171         0.25268260754605426
54.560000000001736        0.24461986853703072
54.58000000000174         0.2303991608584509
54.600000000001764        0.21149086344711895
54.620000000001816        0.19115543778355035
54.640000000001805        0.17286712565299386
54.66000000000182         0.15796132215317057
54.680000000001826        0.14626393505964175
54.700000000001836        0.13722625214896203
54.72000000000186         0.13029390203237226
54.740000000001864        0.12502686526381634
54.76000000000186         0.12109969792001915
54.780000000001856        0.11828110883416985
54.800000000001866        0.11641420362058089
54.82000000000188         0.11540189026321902
54.84000000000189         0.11519764645278918
54.860000000001904        0.11580107190628407
54.8800000000019          0.11725781183916173
54.9000000000019          0.11966381946411674
54.920000000001934        0.12317429384085117
54.940000000001916        0.1280169691559641
54.960000000001955        0.1345144194112446
54.98000000000194         0.14309866245875502
55.00000000000195         0.15431197014814146
55.020000000001936        0.16870494491449492
55.040000000001946        0.1864030299104153
55.060000000001935        0.20604005393148886
55.080000000001924        0.22419537068780898
55.10000000000192         0.23777893001091854
55.12000000000192         0.2453424852299722
55.140000000001905        0.2475355336466829
55.16000000000192         0.24506022461093627
55.18000000000193         0.2372250444180412
55.20000000000194         0.22331386955415322
55.22000000000198         0.20484082341938809
55.24000000000201         0.18486752366317427
55.260000000002016        0.16681023317747423
55.280000000002026        0.1520383545650773
55.30000000000206         0.14043262272226098
55.320000000002054        0.1314480035014739
55.34000000000207         0.1245463917709493
55.36000000000208         0.11929792901568334
55.380000000002084        0.11538322049491863
55.400000000002066        0.11257449715041785
55.42000000000209         0.11071689287358726
55.4400000000021          0.1097144371280368
55.46000000000211         0.1095210603558441
55.48000000000213         0.11013608573368287
55.500000000002125        0.11160467581477254
55.52000000000214         0.11402137782667893
55.54000000000214         0.1175390284741458
55.56000000000215         0.12238218701589898
55.580000000002165        0.1288650585325755
55.60000000000216         0.13740914242399133
55.62000000000217         0.14853964990393767
55.64000000000217         0.1627838617171765
55.660000000002164        0.1802426958414033
55.68000000000215         0.19954422031417157
55.70000000000214         0.21731761566323657
55.72000000000212         0.23057298227493397
55.740000000002105        0.2379269342411955
55.7600000000021          0.24005632977923613
55.780000000002104        0.2376610012588522
55.80000000000213         0.23003238300723475
55.82000000000214         0.2164899434922586
55.84000000000217         0.1984175924074108
55.86000000000221         0.17879989512851338
55.88000000000223         0.16100363968955336
55.90000000000223         0.14640351610849392
55.920000000002254        0.13490423618940015
55.94000000000226         0.12598377525405552
55.960000000002275        0.11912079475825695
55.98000000000227         0.11389633920625118
56.000000000002295        0.10999771995039268
56.02000000000229         0.10720141426386469
56.04000000000231         0.10535411088834092
56.06000000000232         0.1043613839695489
56.080000000002315        0.10417755417491782
56.10000000000234         0.10480199320911239
56.12000000000233         0.1062790411834332
56.14000000000233         0.10870184083703227
56.16000000000235         0.11222043582106901
56.180000000002345        0.1170546884202229
56.200000000002376        0.1235112852967203
56.22000000000237         0.13200002714360679
56.24000000000237         0.14302881760183656
56.26000000000235         0.15710206586313177
56.28000000000235         0.1742982290933632
56.300000000002356        0.1932369190263001
56.32000000000234         0.21065784047099723
56.34000000000232         0.22356423812251633
56.36000000000231         0.23068559034173164
56.38000000000231         0.23274990108198285
56.40000000000232         0.23043580053266918
56.420000000002354        0.22303637623759942
56.44000000000235         0.20984711262830053
56.460000000002374        0.1921898536847112
56.4800000000024          0.17294905175973457
56.50000000000243         0.15543746033073647
56.520000000002454        0.14103102261790065
56.54000000000246         0.12965647551170062
56.560000000002475        0.12081433130004095
56.5800000000025          0.11400113702878652
56.60000000000249         0.10880787145515955
56.62000000000249         0.10493003834665621
56.64000000000251         0.10214853682390118
56.66000000000251         0.10031346053184134
56.68000000000252         0.09933139452850774
56.700000000002525        0.09915719729714814
56.72000000000254         0.09978996753952234
56.74000000000253         0.10127291720372018
56.76000000000256         0.10369714020756038
56.78000000000255         0.10720953314469665
56.800000000002555        0.11202506502912765
56.82000000000258         0.11844261447396623
56.84000000000256         0.1268582560240243
56.86000000000257         0.13775987577735202
56.880000000002575        0.1516280357565471
56.90000000000257         0.16853015523787154
56.92000000000255         0.18712628594990469
56.94000000000255         0.2041395717470663
56.96000000000253         0.21670481702227806
56.98000000000252         0.22361294970518258
57.000000000002515        0.22561285604331685
57.02000000000251         0.22337964935090615
57.04000000000255         0.2162104506373036
57.06000000000255         0.20337933845793843
57.080000000002585        0.1861481245578749
57.100000000002616        0.16730124429484927
57.12000000000265         0.1500744749703846
57.14000000000267         0.13589467382509396
57.16000000000268         0.1246689834824007
57.180000000002686        0.1159217739827065
57.20000000000273         0.10916828318250937
57.2200000000027          0.10401423466252116
57.24000000000271         0.10016268492669617
57.26000000000271         0.09739958597650934
57.28000000000271         0.09557811994282324
57.30000000000274         0.09460660512386695
57.32000000000274         0.09444062340576334
57.34000000000276         0.09507909744361262
57.36000000000275         0.09656412585458285
57.38000000000277         0.09898457316073286
57.400000000002784        0.1024842372884018
57.42000000000277         0.10727092463860718
57.44000000000279         0.11363486507608876
57.4600000000028          0.12196033622763884
57.4800000000028          0.13271863093026096
57.5000000000028          0.14636937357851765
57.52000000000279         0.16296294052572
57.54000000000277         0.18116581863154319
57.560000000002745        0.197760500671949
57.58000000000272         0.20998089454596786
57.60000000000271         0.21667606524948116
57.62000000000272         0.21861214186879407
57.6400000000027          0.2164597366004032
57.66000000000275         0.20954250516416456
57.680000000002764        0.19708942719345957
57.70000000000278         0.1802526091477251
57.72000000000283         0.1617924343520801
57.74000000000285         0.1449229027570616
57.76000000000287         0.1309796773251932
57.78000000000289         0.11991679194731497
57.80000000000289         0.11127895007767394
57.82000000000292         0.10459831295561467
57.84000000000291         0.09949292479567065
57.86000000000291         0.09567425612854333
57.88000000000292         0.09293376230781543
57.90000000000294         0.0911280393347843
57.92000000000294         0.09016729356830584
57.940000000002954        0.09000787532109013
57.96000000000297         0.09064845328752512
57.98000000000297         0.09212990585880583
58.00000000000297         0.09453875124876854
58.02000000000298         0.09801414372400007
58.04000000000298         0.102758882423735
58.06000000000301         0.10905365463868373
58.080000000003004        0.11726982679687253
58.10000000000301         0.12786165265496335
58.120000000003           0.14126932035829928
58.14000000000299         0.1575286251355225
58.16000000000298         0.1753158280196535
58.180000000002956        0.19147576591092322
58.20000000000292         0.20334199416388923
58.22000000000292         0.20981916483601645
58.240000000002915        0.21169122242955918
58.26000000000293         0.2096213282742412
58.28000000000294         0.2029373273700388
58.30000000000295         0.1908553216019046
58.320000000003           0.17447000728751627
58.340000000003016        0.1564423644418772
58.36000000000305         0.13992450942082196
58.380000000003086        0.12624241130712946
58.40000000000309         0.11536459432522791
58.42000000000311         0.10685496824274388
58.44000000000313         0.10026226109767351
58.46000000000312         0.09521694754932271
58.48000000000312         0.09143877093517433
58.50000000000313         0.08872617649974343
58.52000000000315         0.08693882683571151
58.540000000003154        0.08598907019701271
58.56000000000316         0.08583405003341697
58.580000000003174        0.08647212825103108
58.60000000000316         0.08794272030742356
58.62000000000318         0.09032952460544914
58.640000000003184        0.0937673324677991
58.660000000003194        0.0984525351199037
58.68000000000321         0.10465657151552926
58.7000000000032          0.1127379442812047
58.72000000000321         0.12313417762128445
58.74000000000321         0.13626665208679448
58.760000000003195        0.15218711532003035
58.780000000003184        0.16950214315489115
58.80000000000315         0.18516370575663396
58.82000000000311         0.19668119869702952
58.84000000000314         0.20295883494733627
58.860000000003126        0.2047657014742206
58.88000000000313         0.20277727024471606
58.90000000000316         0.1963290135894303
58.92000000000317         0.1846256972001039
58.9400000000032          0.16870724944879362
58.96000000000325         0.15113263284682804
58.98000000000325         0.13498729090766431
59.00000000000328         0.12158415093923876
59.0200000000033          0.11090414903030275
59.04000000000332         0.10252883469835906
59.06000000000334         0.09602288517522191
59.08000000000333         0.0910294492170931
59.10000000000334         0.0872766371532509
59.120000000003344        0.08456696398877112
59.140000000003354        0.08276366437490001
59.16000000000335         0.08178005987181639
59.18000000000336         0.08157259805528282
59.20000000000338         0.08213735716551734
59.22000000000338         0.0835097853600874
59.240000000003384        0.08576769407458726
59.26000000000339         0.08903771851347657
59.2800000000034          0.09350538224373985
59.30000000000338         0.09942785605665434
59.320000000003425        0.10714883681957131
59.34000000000343         0.11708709756084965
59.36000000000342         0.12964648958126646
59.380000000003406        0.14483405433842297
59.40000000000338         0.16134465757634492
59.42000000000337         0.1762246293966234
59.44000000000334         0.18713362106831585
59.46000000000334         0.1930473705093082
59.48000000000333         0.19474296192730353
59.500000000003325        0.19287855789774214
59.52000000000335         0.18680629581351255
59.540000000003374        0.1757250407080496
59.560000000003406        0.16060238755309406
59.580000000003444        0.14387315845393678
59.600000000003476        0.12844601178660348
59.6200000000035          0.1156300300942974
59.64000000000353         0.1054216782777397
59.66000000000352         0.09742009743900062
59.680000000003524        0.09120776050092684
59.70000000000354         0.0864433127815665
59.72000000000355         0.08286865900415415
59.74000000000355         0.08029694676129273
59.76000000000356         0.07859940265101643
59.78000000000356         0.07769516446180436
59.800000000003564        0.07754466537619807
59.82000000000358         0.0781463595992931
59.840000000003585        0.07953657709526364
59.8600000000036          0.08179202898607527
59.880000000003584        0.08503760145813082
59.9000000000036          0.08945390828996745
59.92000000000362         0.09529116239643731
59.940000000003614        0.10288038269468225
59.96000000000364         0.11262621987734536
59.98000000000365         0.12491577487578466
60.00000000000362         0.13974483835703116
60.0200000000036          0.15582266451626806
60.04000000000358         0.17026287067960916
60.06000000000355         0.18082200478387433
60.080000000003544        0.1865247804729559
60.100000000003526        0.18815624903603295
60.12000000000353         0.18636457276291515
60.140000000003546        0.18049164448760974
60.16000000000358         0.16975030249516052
60.1800000000036          0.15511462992178648
60.20000000000365         0.1388259529532696
60.22000000000368         0.12376693473062952
60.2400000000037          0.11122889601555999
60.260000000003714        0.10121919612198726
60.280000000003724        0.09335367054815558
60.30000000000373         0.08722938238093816
60.32000000000375         0.08251577817507436
60.34000000000376         0.07896205270381107
60.36000000000376         0.07638580667310908
60.38000000000376         0.07466049223287552
60.40000000000378         0.07370573672854132
60.42000000000378         0.0734806458249213
60.440000000003806        0.07398118372265462
60.460000000003795        0.07523944080086746
60.48000000000381         0.07732655773366308
60.50000000000382         0.08035861702949271
60.520000000003805        0.08450585379962891
60.54000000000382         0.09000466195380985
60.56000000000382         0.09716860204030175
60.58000000000384         0.10638179378973148
60.60000000000383         0.11801185352392449
60.620000000003834        0.1320500292514516
60.6400000000038          0.14724836655748688
60.660000000003784        0.16084509535850927
60.680000000003744        0.17077053264520956
60.70000000000374         0.1760676407776806
60.72000000000373         0.1775804252150197
60.74000000000374         0.17592027504897023
60.76000000000376         0.17044865006267687
60.78000000000378         0.16036942649010227
60.80000000000382         0.14658278177886108
60.820000000003866        0.1311730504160222
60.8400000000039          0.11690062954279008
60.860000000003915        0.10501594690272431
60.880000000003925        0.0955309245651376
60.900000000003956        0.08808001532719771
60.920000000003974        0.08227977574950437
60.94000000000397         0.07781665247094077
60.96000000000397         0.07445113795609433
60.980000000003976        0.0720109326071374
61.000000000003986        0.07037598393135303
61.02000000000399         0.06946991862006804
61.04000000000399         0.0692539940002587
61.06000000000403         0.06972406406835167
61.08000000000401         0.07091036098604833
61.10000000000402         0.07288004088826877
61.12000000000403         0.07574270731870719
61.140000000004044        0.07965917371892474
61.16000000000406         0.08485293583676345
61.18000000000405         0.09162075816543497
61.20000000000407         0.10032651836896422
61.220000000004056        0.1113011860835792
61.24000000000403         0.1245619093225076
61.260000000004           0.13893674755799465
61.28000000000399         0.1517794798891282
61.300000000003955        0.16107286531473697
61.320000000003944        0.1660323444632838
61.340000000003926        0.16744537084719405
61.360000000003936        0.1658980553785081
61.380000000003946        0.1607785359025892
61.40000000000398         0.1513083129619342
61.42000000000402         0.1383257467374404
61.44000000000406         0.1237798839480494
61.460000000004094        0.11029487851611522
61.48000000000412         0.09906635995014053
61.50000000000414         0.09010623214541999
61.52000000000417         0.083073134190962
61.540000000004156        0.07759887152168184
61.56000000000417         0.07338701001959466
61.58000000000418         0.07021263099604008
61.60000000000419         0.0679121800541163
61.62000000000419         0.06637217583857
61.64000000000419         0.0655204383608026
61.6600000000042          0.06532034443482322
61.68000000000423         0.06576793651220633
61.700000000004216        0.06689170757987555
61.72000000000422         0.0687550526117892
61.74000000000423         0.07146152545340054
61.76000000000425         0.0751636156758498
61.78000000000425         0.08007076151663936
61.800000000004246        0.08646267790303074
61.820000000004256        0.09468091151999272
61.84000000000427         0.1050525522604712
61.86000000000425         0.1175756808233748
61.88000000000421         0.13114921006406025
61.900000000004205        0.1432737225574302
61.92000000000415         0.15204644082436475
61.940000000004154        0.15672761083593206
61.960000000004136        0.15806237594071343
61.98000000000414         0.15660468700122804
62.000000000004164        0.15177652219910814
62.02000000000419         0.14284125796139682
62.04000000000423         0.13059056868758268
62.06000000000425         0.11683714890009918
62.0800000000043          0.10411431568399777
62.100000000004336        0.0935254612958979
62.12000000000435         0.08507502852936395
62.14000000000436         0.07843759790048353
62.160000000004366        0.07327211085473431
62.18000000000437         0.06929872139730643
62.200000000004394        0.06630511232876907
62.22000000000439         0.06413691073584539
62.24000000000439         0.06268702800544645
62.260000000004396        0.06188737976158892
62.28000000000441         0.06170346408926341
62.30000000000443         0.0621316330616832
62.32000000000443         0.06319910827048673
62.34000000000444         0.06496554098198466
62.36000000000444         0.06752891901931074
62.38000000000445         0.07103278145240174
62.400000000004454        0.07567639725676685
62.420000000004464        0.0817238108865621
62.440000000004474        0.08949793953057568
62.46000000000446         0.09930796306255603
62.48000000000446         0.11115183824319023
62.50000000000443         0.12398773879020962
62.52000000000438         0.13545171955058793
62.540000000004355        0.14374599738817306
62.56000000000434         0.14817178790901642
62.580000000004354        0.1494348679222645
62.60000000000432         0.14805959760211546
62.62000000000435         0.14351396591243704
62.64000000000437         0.13508727764157039
62.66000000000442         0.12347640272867791
62.6800000000045          0.11047568300768225
62.700000000004515        0.0984486877422678
62.720000000004546        0.08843937814545293
62.740000000004585        0.08045213032907134
62.760000000004545        0.07417927097641414
62.780000000004584        0.06929832841552083
62.80000000000459         0.06554472152321243
62.8200000000046          0.06271773102508599
62.84000000000463         0.06067143528312996
62.86000000000459         0.059304501801081044
62.88000000000464         0.05855295882967806
62.90000000000462         0.05838403907541
62.92000000000464         0.05879440085536512
62.94000000000463         0.05980970169691343
62.96000000000465         0.06148677814657092
62.98000000000466         0.06391833059225477
63.00000000000465         0.06724025299011606
63.020000000004686        0.07164118267722558
63.040000000004675        0.07737116119119881
63.06000000000467         0.08473603593537352
63.08000000000469         0.09402858682223163
63.10000000000467         0.10524677249063302
63.12000000000463         0.11740375306953633
63.140000000004584        0.12823004479631486
63.16000000000456         0.136101291790715
63.180000000004554        0.14030779653883102
63.20000000000454         0.14150556720977103
63.22000000000454         0.14020526270806466
63.24000000000457         0.1359034324963487
63.26000000000459         0.12792688909966388
63.28000000000464         0.11693535789463494
63.3000000000047          0.10462746072667645
63.32000000000475         0.0932415212649043
63.34000000000476         0.08376631835072218
63.3600000000048          0.07620604186807985
63.38000000000476         0.07026935522190109
63.40000000000479         0.06565037425871977
63.42000000000479         0.06209968025743235
63.440000000004815        0.059426709561620966
63.46000000000482         0.057493219606392046
63.48000000000481         0.05620341680220513
63.50000000000483         0.05549649347606204
63.520000000004806        0.05534174903094134
63.540000000004845        0.05573612785365877
63.56000000000485         0.05670404856649557
63.58000000000486         0.058299488223852836
63.60000000000486         0.060610429082342085
63.620000000004865        0.06376580518344963
63.640000000004875        0.06794454359555128
63.66000000000488         0.07338376793234812
63.68000000000489         0.08037902733290782
63.700000000004906        0.0892055232894709
63.72000000000486         0.09985539501071047
63.740000000004834        0.1113700123446026
63.7600000000048          0.12164291057682891
63.78000000000475         0.12911160660815416
63.80000000000476         0.13310370856239975
63.82000000000473         0.13424160688778128
63.84000000000476         0.13300984591779683
63.860000000004774        0.12893105170101407
63.88000000000479         0.12136670943281122
63.90000000000483         0.11094260981959378
63.920000000004904        0.09926995144853407
63.94000000000491         0.08847209885519383
63.96000000000496         0.07949261704495694
63.980000000004964        0.07232007469710722
64.000000000005           0.06669070052360286
64.020000000005           0.06231315366640485
64.040000000005           0.058948978076975043
64.06000000000503         0.05641761811815171
64.08000000000503         0.05458798101228049
64.10000000000501         0.053369247841211616
64.12000000000504         0.052703794862861184
64.14000000000505         0.052562584527033655
64.16000000000507         0.05294286058547315
64.18000000000507         0.053867970747438945
64.20000000000508         0.055389305848033143
64.22000000000507         0.05759011306567926
64.24000000000507         0.06059378128310672
64.26000000000508         0.06457037399297669
64.28000000000512         0.06974601473037503
64.30000000000511         0.07639792615615167
64.32000000000511         0.08479138439398369
64.34000000000509         0.09491770882588292
64.36000000000507         0.10586569020142149
64.38000000000497         0.11563304210201386
64.40000000000497         0.12273462638967651
64.42000000000495         0.126531271874091
64.44000000000494         0.12761465030162322
64.46000000000495         0.126445469949807
64.48000000000496         0.12257015713238746
64.50000000000499         0.11535417604882305
64.52000000000506         0.10547472063432907
64.5400000000051          0.09440122331747816
64.56000000000513         0.08413542098375833
64.58000000000517         0.07559021533314848
64.6000000000052          0.06877620327447671
64.6200000000052          0.06342923937206105
64.64000000000522         0.059272350319372905
64.66000000000521         0.0560788879206996
64.68000000000524         0.05367726309320874
64.70000000000525         0.05194291545824732
64.72000000000524         0.05078957736668421
64.74000000000525         0.05016254529947083
64.76000000000526         0.05003429810068303
64.78000000000527         0.05040221621053352
64.80000000000527         0.05128873892413027
64.8200000000053          0.052742920465974646
64.84000000000529         0.05484460209649615
64.8600000000053          0.05771069709939246
64.88000000000532         0.06150352759993393
64.90000000000535         0.06643852448164819
64.9200000000053          0.07277978827446392
64.94000000000531         0.08078001158928279
64.9600000000053          0.09043085584486711
64.98000000000528         0.10086415806651472
65.0000000000052          0.11017233446834675
65.02000000000518         0.11694052542291834
65.04000000000514         0.12055974604676678
65.06000000000512         0.12159370662300444
65.08000000000514         0.12048129511695067
65.10000000000515         0.1167785938530926
65.12000000000519         0.10991832527011304
65.14000000000526         0.10050838720605959
65.16000000000531         0.08996147442899069
65.18000000000536         0.08018467917538202
65.20000000000539         0.07204760040268414
65.2200000000054          0.06556014586451182
65.2400000000054          0.060470555376711164
65.26000000000542         0.056514934549653
65.28000000000543         0.05347737090152261
65.30000000000544         0.05119442550309037
65.32000000000548         0.04954766892993911
65.34000000000547         0.048454516403945345
65.3600000000055          0.04786322841619524
65.38000000000548         0.047747677756693474
65.40000000000548         0.04810556935432005
65.42000000000549         0.048958314745144546
65.44000000000548         0.05035285537389173
65.4600000000055          0.052365545623831396
65.48000000000549         0.05510818630101889
65.5000000000055          0.05873590101842923
65.52000000000555         0.06345448943169901
65.5400000000055          0.06951622223723873
65.56000000000552         0.07716246337230658
65.5800000000055          0.0863852104537715
65.6000000000055          0.09635580101433178
65.62000000000542         0.10527500826179537
65.64000000000537         0.11172985755628782
65.66000000000535         0.11517748899874453
65.68000000000534         0.11616687810294064
65.70000000000535         0.11510595358373932
65.72000000000536         0.11157066412272047
65.74000000000541         0.10501939617350695
65.76000000000545         0.0960330926874077
65.78000000000551         0.08596143316923564
65.80000000000555         0.07662614663906979
65.8200000000056          0.06885769948361446
65.84000000000562         0.06266535775660621
65.86000000000563         0.05780870602272508
65.88000000000561         0.054035601016330675
65.90000000000566         0.051139364534915785
65.92000000000564         0.048964158779881556
65.94000000000565         0.04739680493502649
65.96000000000566         0.04635894458014751
65.98000000000566         0.045800961879068756
66.00000000000567         0.0456980155283622
66.02000000000568         0.046048059068157884
66.04000000000569         0.04687172529653267
66.06000000000569         0.04821406961818543
66.0800000000057          0.050148293766706924
66.10000000000572         0.052781573917484205
66.12000000000572         0.05626265152976086
66.14000000000574         0.06078775038551869
66.16000000000572         0.06659718438394925
66.18000000000572         0.07392119697503205
66.2000000000057          0.08275804506650347
66.2200000000057          0.09233154918057324
66.24000000000561         0.10088117895122628
66.26000000000559         0.10706897651220944
66.28000000000556         0.1103747580968704
66.30000000000555         0.11132465132948641
66.32000000000552         0.11030973274455541
66.34000000000557         0.10692395947029021
66.36000000000561         0.1006486640769411
66.38000000000565         0.09204076186258721
66.40000000000572         0.08239371785374137
66.42000000000576         0.07344143732548067
66.4400000000058          0.06600955624447415
66.46000000000578         0.06008476410955891
66.48000000000583         0.05543761202410777
66.50000000000584         0.05182786507512063
66.52000000000585         0.049058562627383014
66.54000000000586         0.04698041602697994
66.56000000000587         0.045485034577734576
66.58000000000587         0.04449741362149682
66.60000000000588         0.043970112075831846
66.6200000000059          0.043879453783278254
66.64000000000587         0.04422363623089115
66.66000000000591         0.04502262853689442
66.68000000000589         0.04632010813063022
66.70000000000591         0.04818611577047641
66.72000000000594         0.0507238171825619
66.74000000000594         0.05407601946123796
66.76000000000597         0.05843184723712815
66.78000000000594         0.06402247000126746
66.80000000000592         0.07106909190165998
66.82000000000592         0.07956996423017416
66.8400000000059          0.08877867008170988
66.86000000000581         0.09700233356206274
66.88000000000577         0.10295449881854798
66.90000000000575         0.10613505354273138
66.92000000000574         0.1070500251332108
66.94000000000575         0.1060756791786293
66.96000000000576         0.10283298218835574
66.98000000000582         0.0968135920211825
67.00000000000588         0.08851753053101738
67.02000000000592         0.07922969934601022
67.04000000000597         0.0706421278757652
67.060000000006           0.06350154397202207
67.08000000000601         0.05781037237940984
67.10000000000603         0.05334791442626908
67.12000000000606         0.049883151426516024
67.14000000000607         0.04722671088991774
67.16000000000608         0.04523508623556246
67.1800000000061          0.043804118736440335
67.2000000000061          0.042861773405051616
67.2200000000061          0.0423625420542264
67.2400000000061          0.04228381830350865
67.2600000000061          0.042624047668188496
67.28000000000611         0.04340262102942066
67.30000000000614         0.04466155942623264
67.32000000000612         0.04646892415777557
67.34000000000614         0.04892417518559181
67.36000000000614         0.05216514431193984
67.38000000000619         0.0563743579267515
67.40000000000614         0.061774948062691584
67.42000000000617         0.06858038478294064
67.44000000000612         0.07678888420916433
67.46000000000612         0.0856799159346276
67.48000000000602         0.09361953749898888
67.50000000000597         0.09935543745265517
67.52000000000595         0.1024372214339904
67.54000000000595         0.10332175608046697
67.56000000000594         0.10238277750687615
67.58000000000598         0.09925452065875597
67.600000000006           0.09344734288187952
67.62000000000609         0.08544392023580756
67.64000000000613         0.07648444264125003
67.66000000000618         0.06820161885900823
67.68000000000619         0.06131582020289032
67.70000000000624         0.05582920424370236
67.72000000000625         0.0515286764101722
67.74000000000626         0.04819124168216276
67.76000000000627         0.04563414080843147
67.78000000000628         0.04371866174757517
67.80000000000629         0.0423449355464564
67.82000000000627         0.04144316583623062
67.8400000000063          0.04096954927832592
67.86000000000631         0.040902395194883694
67.88000000000632         0.041240378829395144
67.90000000000633         0.04200246263064442
67.92000000000634         0.04322947704796394
67.94000000000634         0.044987457864330116
67.96000000000633         0.04737283806928057
67.98000000000636         0.05051919450812003
68.00000000000635         0.054603370185087235
68.02000000000636         0.05984153848826719
68.04000000000636         0.06644048795557221
68.06000000000635         0.07441274222032629
68.08000000000628         0.08301610446986653
68.10000000000625         0.0906904738256731
68.12000000000619         0.09627157380671769
68.14000000000615         0.09925852132993955
68.16000000000615         0.10011605854366579
68.18000000000615         0.09920667781177253
68.20000000000617         0.09617641917360811
68.22000000000621         0.09055134130365043
68.24000000000628         0.08279948969233783
68.26000000000634         0.074122636891033
68.28000000000638         0.06610238404043567
68.30000000000645         0.059436330583057216
68.32000000000644         0.05412633063877225
68.34000000000646         0.049965650185543664
68.3600000000065          0.04673821472675294
68.38000000000648         0.044267317009026
68.40000000000649         0.042418617209534326
68.42000000000651         0.04109477239867134
68.4400000000065          0.04022857989544229
68.46000000000652         0.03977770794783267
68.48000000000651         0.039721277674234966
68.50000000000652         0.04005817638842127
68.52000000000655         0.04080698998342917
68.54000000000654         0.04200754661504966
68.56000000000655         0.043724166221958
68.58000000000654         0.04605071081507614
68.60000000000657         0.04911700472216172
68.62000000000656         0.053096396756821145
68.64000000000658         0.058199924215617975
68.66000000000658         0.06462960828326436
68.68000000000656         0.07237811930589581
68.7000000000065          0.0807494197618995
68.72000000000644         0.08821558301608699
68.7400000000064          0.09364431285118255
68.76000000000634         0.0965488477144714
68.78000000000634         0.09738181805712086
68.80000000000635         0.09649655963411727
68.82000000000637         0.093549837252988
68.84000000000643         0.08808192579719933
68.86000000000648         0.0805491408241228
68.88000000000658         0.07213475228906249
68.9000000000066          0.06434459037434748
68.92000000000664         0.057871867413240505
68.94000000000665         0.05272320331417429
68.96000000000667         0.048696618743608956
68.98000000000668         0.04558095529387253
69.0000000000067          0.04320382726048484
69.02000000000669         0.04143514243915739
69.04000000000671         0.040180951272703436
69.06000000000671         0.039376795651573634
69.0800000000067          0.038982618046952994
69.08999999999999         0.03893257093064224
