% Model:              ModelBH2CR.mph
% Version:            COMSOL 5.6.0.280
% Date:               Oct 15 2021, 11:45
% Dimension:          1
% Nodes:              994
% Expressions:        1
% Description:        线图
% cln2x                   Height
21.91                     0.15054255784122628
21.920000000000027        0.15076976911985093
21.94000000000003         0.15244245492241115
21.96000000000003         0.15581517321912988
21.980000000000036        0.1610551280436521
22.00000000000004         0.16842946958182958
22.020000000000042        0.17832578338871755
22.040000000000045        0.19127830311625807
22.060000000000045        0.20799079717024055
22.080000000000048        0.2293179117279101
22.100000000000048        0.25606518138009204
22.12000000000006         0.28824263105281145
22.140000000000054        0.32281313206446277
22.16000000000005         0.3535096889091481
22.180000000000042        0.3757584246362848
22.20000000000005         0.387653307231793
22.22000000000005         0.3911629920742876
22.240000000000055        0.38778731532905464
22.260000000000062        0.3760633303236405
22.280000000000076        0.35397983653629667
22.300000000000065        0.3232940641213864
22.320000000000068        0.28873807517697847
22.340000000000067        0.2566887726881614
22.360000000000074        0.23001068146518716
22.38000000000007         0.20875666042232935
22.40000000000007         0.192122560301874
22.420000000000076        0.1792548637169725
22.440000000000087        0.16945212219709624
22.46000000000009         0.16217951020959986
22.480000000000093        0.15704946379021445
22.500000000000092        0.15379547024339565
22.520000000000092        0.15225152574476816
22.54000000000009         0.15233873976173806
22.560000000000088        0.15405885977612813
22.58000000000009         0.15749438242867086
22.6000000000001          0.16281521882440256
22.620000000000104        0.1702922295173455
22.640000000000107        0.1803179648553711
22.6600000000001          0.19343264968800025
22.680000000000106        0.21035415219737513
22.700000000000113        0.23195057272083197
22.720000000000105        0.2590408358562182
22.74000000000011         0.2915522324283886
22.76000000000011         0.32652603870127433
22.78000000000011         0.3575794661993192
22.800000000000107        0.38008594238488863
22.820000000000107        0.39211786658594017
22.840000000000114        0.3956666035183718
22.860000000000113        0.3922497376274987
22.880000000000116        0.38038843218231
22.900000000000134        0.3580497617558065
22.920000000000126        0.32701202881041636
22.940000000000126        0.2921222609444077
22.96000000000013         0.25969359563476807
22.98000000000013         0.2326881871802697
23.00000000000013         0.21118230033208463
23.020000000000127        0.19435878093623044
23.040000000000138        0.18134908374577083
23.060000000000144        0.17143956171586683
23.080000000000144        0.1640893289421048
23.100000000000147        0.15890644580345545
23.12000000000015         0.15562140310979358
23.14000000000015         0.15406637165931056
23.160000000000156        0.15416166765047767
23.180000000000152        0.15590921276270092
23.200000000000156        0.15939263374072
23.220000000000166        0.16478296895589212
23.24000000000016         0.17235613221957274
23.26000000000016         0.1825091661521041
23.28000000000016         0.1957904227755978
23.30000000000017         0.21292325894802958
23.320000000000174        0.2347880551916825
23.340000000000163        0.2622137735682483
23.36000000000017         0.2951268666593229
23.380000000000173        0.33053286143342203
23.400000000000166        0.36197128787515326
23.42000000000017         0.38475811517458774
23.44000000000017         0.3969415603255674
23.460000000000164        0.4005366293090381
23.48000000000017         0.3970789125072931
23.500000000000178        0.38502976581811243
23.520000000000184        0.3623687006223467
23.54000000000019         0.33104098860269704
23.56000000000019         0.2957310553155659
23.58000000000019         0.2629091983056502
23.60000000000019         0.23557767824563547
23.6200000000002          0.21381346765421455
23.640000000000196        0.19678917381715216
23.6600000000002          0.18362545939934333
23.680000000000213        0.17359994118970698
23.70000000000021         0.16616529529749052
23.72000000000021         0.16092491600110875
23.74000000000021         0.15760600707546532
23.760000000000208        0.15603883359046364
23.780000000000207        0.15614235478034366
23.80000000000021         0.1579189919063032
23.820000000000213        0.16145356811409498
23.84000000000023         0.16692049843361959
23.860000000000216        0.1745977430588489
23.880000000000223        0.1848882496994315
23.900000000000222        0.1983476040894314
23.920000000000222        0.2157087313380999
23.940000000000232        0.23786364122579307
23.960000000000235        0.2656522019800082
23.98000000000023         0.2990001044955061
24.000000000000234        0.33487447441261275
24.020000000000227        0.3667309058390032
24.040000000000223        0.3898665317744076
24.060000000000223        0.40217255268233876
24.08000000000023         0.4058188936313082
24.100000000000225        0.4023185298512807
24.120000000000232        0.3901128090523048
24.14000000000024         0.3671557332360274
24.160000000000245        0.3354186603916766
24.180000000000245        0.29964847497039787
24.200000000000255        0.26639996692136614
24.22000000000026         0.2387143133838168
24.240000000000254        0.2166694205652405
24.26000000000026         0.1994268666683901
24.280000000000264        0.18609555964215918
24.300000000000278        0.17594504729284038
24.320000000000267        0.16841754277398577
24.340000000000266        0.16311344118256493
24.36000000000027         0.15975650801777605
24.380000000000273        0.1581746354971286
24.400000000000272        0.15828620002522473
24.42000000000027         0.16009339295039454
24.440000000000264        0.1636823215888644
24.46000000000029         0.16922992011896826
24.48000000000028         0.17701808205823755
24.50000000000028         0.1874554154723318
24.520000000000284        0.20110531108854798
24.540000000000287        0.2187109909111479
24.56000000000029         0.24117696419184295
24.58000000000029         0.2693094109893735
24.60000000000029         0.3031076222381996
24.620000000000292        0.33955166421802735
24.640000000000292        0.37194818782354505
24.660000000000288        0.3953181989402224
24.680000000000287        0.4078024409770752
24.700000000000294        0.4115049103438258
24.720000000000294        0.4079592306873637
24.74000000000029         0.3955854041851665
24.760000000000296        0.3723100366481235
24.780000000000307        0.34013254400287785
24.80000000000031         0.3038670584068829
24.82000000000031         0.27015931583359626
24.840000000000312        0.2420923304577258
24.860000000000316        0.2197407285508193
24.88000000000032         0.2022679257521984
24.90000000000032         0.18875719627606422
24.92000000000032         0.17846875087298908
24.94000000000033         0.17084141278083273
24.960000000000328        0.16546854413943696
24.98000000000033         0.16207033327389797
25.000000000000327        0.16047234360105062
25.020000000000344        0.16059182793000373
25.040000000000333        0.16243108444692275
25.060000000000336        0.1660775641897641
25.080000000000336        0.17171087371413837
25.100000000000342        0.1796171148082934
25.120000000000342        0.1902126304724088
25.14000000000034         0.204064754540072
25.16000000000034         0.2219266499780447
25.18000000000035         0.24471080846017815
25.200000000000347        0.27327705236035654
25.220000000000343        0.3075742022240311
25.240000000000343        0.34455769777657064
25.260000000000346        0.37743683388787114
25.280000000000342        0.40115797241432616
25.300000000000338        0.41383318166266225
25.320000000000338        0.41759581506874505
25.340000000000334        0.4140015137591363
25.36000000000034         0.4014474504976287
25.380000000000347        0.3778310338200926
25.40000000000035         0.34518615511519596
25.420000000000368        0.30832263627305384
25.440000000000364        0.27414014437341816
25.46000000000037         0.2456926108946487
25.480000000000373        0.22303547813365746
25.500000000000377        0.20531064142948202
25.520000000000376        0.19160643125906704
25.54000000000038         0.18117194706352172
25.56000000000039         0.17343759240984202
25.580000000000382        0.16799073529120448
25.60000000000038         0.16454766865378714
25.62000000000039         0.16293166445677865
25.640000000000384        0.1630588433898456
25.660000000000387        0.16493157758638097
25.680000000000398        0.16863940101045793
25.700000000000394        0.1743637757790335
25.7200000000004          0.18239558248073007
25.740000000000396        0.19315565716882369
25.7600000000004          0.20722365776376292
25.780000000000403        0.22536289059011358
25.800000000000406        0.24849991994447895
25.82000000000041         0.2775079727718752
25.840000000000412        0.31233581780501246
25.860000000000404        0.349893456436513
25.880000000000397        0.38328658917169467
25.900000000000404        0.40738184624244655
25.920000000000393        0.4202606468064225
25.940000000000385        0.42408725390335933
25.9600000000004          0.42044157237262425
25.9800000000004          0.4077408036072043
26.00000000000041         0.3838127887934729
26.020000000000408        0.35056657119850787
26.040000000000422        0.31313685694519483
26.06000000000042         0.2784307157686403
26.08000000000043         0.24954838832671083
26.100000000000428        0.22654586791672604
26.120000000000427        0.2085518437408152
26.140000000000434        0.19464075885551751
26.160000000000434        0.18405004467403044
26.180000000000454        0.17620108750309263
26.200000000000443        0.17067474834865876
26.220000000000443        0.16718253284704834
26.240000000000443        0.1655462127014638
26.260000000000446        0.16568020745535622
26.280000000000445        0.16758708855803836
26.30000000000045         0.17135717688004082
26.320000000000448        0.1771758624359216
26.34000000000046         0.18533834856739184
26.360000000000458        0.19627226457089816
26.380000000000457        0.21056661094045506
26.400000000000457        0.22899693199843307
26.420000000000456        0.2525046339426427
26.440000000000456        0.2819772620689415
26.460000000000463        0.3173636545653205
26.48000000000046         0.3555258663669515
26.50000000000046         0.38936142903646526
26.520000000000454        0.4139033571166776
26.540000000000457        0.4270422258250281
26.560000000000457        0.4309365418399897
26.580000000000457        0.42723522707015044
26.60000000000045         0.4143310376371132
26.62000000000046         0.39001897191427815
26.640000000000462        0.3562400222397067
26.660000000000476        0.31821322601376784
26.680000000000483        0.28295518047954266
26.70000000000048         0.2536145319730953
26.720000000000482        0.23024772416079384
26.740000000000485        0.21196939498954764
26.76000000000049         0.19783756840319272
26.78000000000049         0.1870813647668311
26.8000000000005          0.1791112180523641
26.8200000000005          0.17350075751067534
26.840000000000497        0.16995709962001004
26.860000000000497        0.16829809701053103
26.880000000000507        0.16843763559765476
26.900000000000503        0.17037856936192344
26.920000000000503        0.1742128396056131
26.940000000000506        0.18012890149037838
26.96000000000051         0.18842681983977505
26.980000000000512        0.19954128532847545
27.000000000000522        0.214070998323567
27.02000000000051         0.23280423256112412
27.040000000000518        0.2567173140301386
27.060000000000517        0.2867032589211541
27.080000000000517        0.3226901943918049
27.100000000000517        0.3614134028886222
27.12000000000051         0.3958173903518953
27.140000000000505        0.4207720816694294
27.160000000000508        0.43413619474226744
27.180000000000504        0.43810122895931564
27.20000000000051         0.43434209964797993
27.220000000000514        0.4212254574377724
27.24000000000051         0.39651183154915404
27.260000000000524        0.3621756967895597
27.28000000000053         0.32352411537360987
27.30000000000054         0.28768857180023866
27.32000000000054         0.2578878869059601
27.340000000000543        0.23412507589587153
27.36000000000054         0.21554399494311535
27.380000000000543        0.2011832291315765
27.40000000000055         0.1902529287340402
27.420000000000545        0.1821546917190593
27.44000000000055         0.17645511227419636
27.46000000000056         0.17285628312765872
27.480000000000555        0.1711729560318197
27.500000000000558        0.17131758998198207
27.520000000000557        0.1732931298340773
27.540000000000564        0.17719316723261624
27.560000000000556        0.18320944464057368
27.58000000000057         0.19164551737309074
27.600000000000577        0.20294638219255481
27.62000000000057         0.2177206211291883
27.64000000000057         0.23677255446896175
27.660000000000572        0.261081298581154
27.680000000000568        0.29156991301342267
27.70000000000057         0.3281614674129528
27.72000000000057         0.3675383400507386
27.740000000000563        0.4025284878606699
27.76000000000056         0.42791296690720326
27.780000000000555        0.44151242736021445
27.80000000000057         0.44555150221768747
27.820000000000558        0.4417316437649216
27.840000000000565        0.4283927277449705
27.86000000000057         0.4031572585187617
27.880000000000575        0.36833995006883513
27.90000000000058         0.32911129551661966
27.920000000000606        0.2926583763881189
27.940000000000598        0.2623113663895094
27.960000000000594        0.23815324840010765
27.980000000000597        0.21926368034483243
28.0000000000006          0.20466492445993142
28.020000000000607        0.19355382998154189
28.040000000000603        0.18532212912138255
28.060000000000606        0.17952938824309794
28.08000000000062         0.17587274453430218
28.10000000000061         0.17416369872891574
28.12000000000062         0.1743131510477779
28.14000000000062         0.176323718981791
28.16000000000062         0.18029104512286678
28.180000000000618        0.18641003803144407
28.20000000000062         0.19499115255499688
28.22000000000062         0.20648425648142132
28.24000000000063         0.22150955947974196
28.260000000000627        0.24088526128231716
28.28000000000063         0.26560744931035485
28.30000000000063         0.29661522978836213
28.32000000000063         0.33383109626843177
28.340000000000625        0.37388333929744494
28.36000000000062         0.40947998011650166
28.380000000000614        0.4353097779225433
28.40000000000061         0.449153586670958
28.42000000000062         0.4532694466332531
28.440000000000616        0.4493851093082338
28.46000000000063         0.4357659524977652
28.480000000000626        0.4101437975277942
28.500000000000632        0.374727236189257
28.520000000000643        0.3348279927549254
28.540000000000646        0.29775474887184583
28.56000000000066         0.26689292697527417
28.58000000000066         0.24232616645033245
28.60000000000066         0.2231178604152932
28.62000000000066         0.20827327200237825
28.640000000000665        0.19697538814397425
28.660000000000668        0.18860551256324554
28.680000000000668        0.18271662139128902
28.700000000000678        0.17899905591412713
28.72000000000067         0.17726239027848617
28.74000000000067         0.17741587543284273
28.760000000000673        0.179462400264928
28.78000000000068         0.1834987447453209
28.80000000000068         0.18972330859536127
28.820000000000675        0.19845193604381936
28.84000000000068         0.21014231609250525
28.860000000000685        0.22542548326090053
28.88000000000069         0.24513398070140724
28.900000000000684        0.2702812803735883
28.920000000000684        0.30182278288416864
28.940000000000683        0.3396805655427684
28.960000000000683        0.3804319598421877
28.980000000000675        0.4167541236949836
29.00000000000067         0.44298741889902027
29.02000000000066         0.4570344059844146
29.040000000000667        0.46122808154369166
29.060000000000674        0.4572767355416758
29.08000000000067         0.4434165105950103
29.100000000000676        0.4173444201891036
29.120000000000687        0.38130977302493996
29.140000000000693        0.34072018317095143
29.160000000000704        0.3030087015690178
29.180000000000714        0.27161705730874736
29.200000000000717        0.24662981245660454
29.220000000000713        0.22709444438683585
29.240000000000713        0.21199847957263607
29.26000000000072         0.20050859589928233
29.28000000000072         0.19199637478145384
29.30000000000072         0.18600657067038243
29.32000000000072         0.18222625759341277
29.340000000000735        0.1804607122003399
29.360000000000728        0.1806177444070438
29.380000000000724        0.18270029641218188
29.40000000000073         0.1868067600418299
29.42000000000074         0.19313895879700396
29.440000000000733        0.2020182228479924
29.46000000000074         0.2139102254634646
29.480000000000743        0.22945704246646
29.50000000000075         0.24950081305881244
29.520000000000742        0.27506650766656965
29.54000000000074         0.30712221880231844
29.560000000000745        0.3456171014317518
29.580000000000744        0.38715061128044975
29.600000000000733        0.4241170917333805
29.620000000000726        0.45082337892658736
29.640000000000718        0.46513052094863666
29.660000000000725        0.4694054735710085
29.680000000000728        0.4653841469612477
29.700000000000728        0.4512739940801348
29.720000000000734        0.424737977524346
29.740000000000745        0.3880679057523589
29.760000000000748        0.346770755180712
29.78000000000076         0.3083540200364279
29.80000000000078         0.2764510423389635
29.82000000000077         0.25104874338319866
29.840000000000767        0.23118241849439758
29.86000000000077         0.21582785684017616
29.880000000000777        0.20414171088859998
29.900000000000777        0.19548441888907267
29.92000000000078         0.18939273823923905
29.94000000000078         0.1855482600555285
29.960000000000793        0.18375291236009308
29.980000000000786        0.18391306371119187
30.00000000000079         0.18603183757789127
30.02000000000078         0.19020935083046234
30.040000000000788        0.19665210092284457
30.06000000000079         0.20568503920772294
30.080000000000794        0.21778235628855533
30.100000000000797        0.23359616465802227
30.1200000000008          0.2539852878285397
30.140000000000796        0.27999270891920336
30.160000000000796        0.31260299330031516
30.180000000000792        0.35176612815418923
30.200000000000784        0.3940277835255368
30.220000000000784        0.4316551400309552
30.240000000000776        0.4588480609969501
30.260000000000776        0.4734241621320986
30.280000000000776        0.47778315668934385
30.300000000000782        0.47368845547394517
30.32000000000079         0.4593710323077405
30.340000000000792        0.43241487788914285
30.3600000000008          0.3949874224032035
30.38000000000081         0.35289130433038124
30.400000000000816        0.313880221978997
30.42000000000082         0.2814249622664674
30.440000000000833        0.2555833441805603
30.46000000000082         0.23537400524402677
30.480000000000828        0.2197552457322445
30.500000000000835        0.20786880567714702
30.520000000000838        0.19906355322307095
30.540000000000838        0.1928679610047011
30.560000000000834        0.18895800153629386
30.58000000000085         0.18713211310965738
30.600000000000847        0.18729513210131135
30.620000000000836        0.1894503728748136
30.640000000000843        0.19369969191228145
30.660000000000842        0.20025197509141734
30.68000000000085         0.20943968436528362
30.700000000000845        0.22174441768152814
30.72000000000085         0.2378295595592583
30.740000000000858        0.25856875766823334
30.760000000000858        0.2850229954112441
30.780000000000854        0.3181942534853424
30.800000000000853        0.3580339471890947
30.82000000000085         0.40103535917072386
30.840000000000835        0.4393387852603236
30.860000000000838        0.46698061445437217
30.88000000000083         0.48188703265482075
30.90000000000083         0.48633305482037376
30.920000000000837        0.48215881332485927
30.94000000000084         0.4675670500893137
30.960000000000846        0.44011612919372917
30.98000000000086         0.40201850934929423
31.000000000000867        0.359189269711127
31.02000000000087         0.3195074639466318
31.040000000000877        0.2864957666601534
31.06000000000089         0.26021098085287614
31.080000000000894        0.23965479045759833
31.10000000000088         0.2237680380955507
31.12000000000089         0.21167821677857207
31.14000000000089         0.20272157717217337
31.160000000000895        0.1964211034142124
31.180000000000895        0.19244507543296843
31.20000000000089         0.19058837059744363
31.2200000000009          0.19075405186887737
31.240000000000904        0.19294541689453956
31.260000000000897        0.19726619204685975
31.280000000000904        0.20392885566510421
31.300000000000903        0.2132715642873549
31.320000000000917        0.2257840858333628
31.34000000000091         0.24214098055182165
31.360000000000923        0.26323057263746064
31.38000000000091         0.2901317328955943
31.4000000000009          0.3238638060851612
31.420000000000897        0.3644545811998316
31.440000000000904        0.40812429811357437
31.46000000000089         0.44701215859601867
31.48000000000091         0.4752831978915367
31.500000000000902        0.4904870451057012
31.520000000000902        0.49502875985513767
31.5400000000009          0.49077379430947626
31.5600000000009          0.47590014109336953
31.580000000000894        0.4479426717368491
31.600000000000904        0.40916288039288057
31.620000000000925        0.3655921774345575
31.64000000000094         0.32523391546837543
31.660000000000938        0.2916612713081032
31.680000000000938        0.2649347603512491
31.700000000000944        0.24402284529421858
31.72000000000094         0.2278639214060043
31.74000000000094         0.21556794762843554
31.760000000000932        0.20646054022546179
31.780000000000953        0.20005305962486203
31.800000000000953        0.19600955420162888
31.820000000000952        0.19412110645613886
31.840000000000952        0.19428897277917048
31.86000000000096         0.19651641337962564
31.880000000000955        0.2009088384407291
31.900000000000954        0.20768224898560092
31.920000000000968        0.21718043139600315
31.940000000000968        0.22990130153914534
31.960000000000974        0.2465299069923276
31.98000000000098         0.26797640322913185
32.00000000000096         0.2953417577932879
32.02000000000096         0.3296677657415447
32.04000000000096         0.3708831446001585
32.060000000000954        0.4153029249177082
32.08000000000094         0.4548954958333679
32.10000000000094         0.4837035205437646
32.12000000000095         0.4992203100348441
32.14000000000093         0.5038610524161182
32.16000000000093         0.4995116636842048
32.18000000000094         0.4843291404790859
32.20000000000094         0.45583889103453
32.22000000000096         0.4163586798899639
32.24000000000096         0.37212324266146496
32.26000000000098         0.33107620960931816
32.28000000000097         0.29691710141176714
32.30000000000098         0.26972698272520607
32.32000000000098         0.2484685191819523
32.340000000000984        0.23204091770891944
32.36000000000099         0.219539691308499
32.38000000000098         0.21027965608160928
32.40000000000098         0.20376463746926818
32.42000000000099         0.19965326376166387
32.440000000000985        0.19773283849375242
32.460000000000996        0.19790265875397003
32.480000000000985        0.2001658444656563
32.500000000001           0.20462861490366113
32.52000000000099         0.21151153291592592
32.540000000001           0.22116354099737723
32.560000000001           0.234090867033364
32.580000000001014        0.25099127732876614
32.600000000001           0.27278494732894126
32.620000000001           0.30059180484487674
32.640000000000995        0.3354701184003677
32.660000000001           0.37735279424291873
32.68000000000099         0.4225194897470432
32.700000000000976        0.4628339511969606
32.720000000000965        0.49220465611014286
32.740000000000975        0.5080621534128538
32.76000000000096         0.5128163421669092
32.78000000000096         0.5083691261701955
32.80000000000098         0.49280882455448116
32.820000000000974        0.46371153571358964
32.84000000000098         0.42363018926454843
32.86000000000099         0.37865443545903177
32.880000000001           0.33694182191374494
32.900000000001           0.30223211344859874
32.920000000001004        0.27460267454805637
32.94000000000101         0.2529996997191256
32.96000000000101         0.23630522365812226
32.98000000000103         0.22360037501950897
33.00000000000101         0.21418888940569805
33.02000000000101         0.20756664099789576
33.04000000000102         0.2033871166077234
33.060000000001025        0.20143461165952511
33.080000000001036        0.20160598853516876
33.100000000001025        0.20390456481879943
33.12000000000102         0.2084388765389587
33.140000000001024        0.21543179769296095
33.16000000000103         0.22523826827142512
33.180000000001016        0.23837259533108807
33.200000000001026        0.2555436050748978
33.220000000001036        0.2776858843217374
33.240000000001025        0.30593665303409895
33.26000000000103         0.34137076280108003
33.28000000000102         0.38392514837129876
33.30000000000102         0.4298442359077294
33.32000000000101         0.47088611635563815
33.340000000001005        0.5008786690932509
33.360000000001           0.5170243600077332
33.380000000001           0.5218892145233589
33.40000000000099         0.51733858477717
33.420000000001004        0.5014440073288491
33.44000000000102         0.4717873399135883
33.460000000001024        0.43098537605223786
33.48000000000103         0.3852635883218721
33.50000000000103         0.3428856448619916
33.52000000000103         0.30762651478741676
33.540000000001044        0.27955909245429095
33.56000000000105         0.25761294039845806
33.58000000000106         0.24065287324137222
33.600000000001046        0.22774750883824219
33.62000000000105         0.21818512033081147
33.64000000000105         0.2114558257025535
33.66000000000105         0.20720752252254487
33.680000000001066        0.2052210324953312
33.70000000000106         0.20539245901156236
33.72000000000107         0.20772465140556842
33.74000000000107         0.21232765025846875
33.76000000000106         0.21942772315606537
33.78000000000107         0.22938538570555309
33.800000000001056        0.24272308473234022
33.82000000000106         0.2601608392439969
33.84000000000107         0.28264786884720644
33.86000000000107         0.3113389664520809
33.88000000000106         0.34726933494797685
33.90000000000107         0.39047088541425173
33.92000000000105         0.43721809973076636
33.94000000000104         0.4790965533955405
33.960000000001024        0.5095403369926365
33.98000000000103         0.5260227636809623
34.00000000000102         0.5309950934654336
34.02000000000103         0.5263376617881701
34.04000000000104         0.5101053885726717
34.06000000000104         0.4798876124677643
34.080000000001064        0.43836572877011787
34.10000000000106         0.39190195669763805
34.12000000000108         0.3488643015252789
34.14000000000107         0.3130614630670769
34.160000000001084        0.284555953133778
34.18000000000107         0.26227726293897874
34.20000000000108         0.24505663071547054
34.2200000000011          0.2319494710207638
34.24000000000109         0.2222384088289002
34.260000000001085        0.21540324786288548
34.280000000001095        0.21108610261402258
34.300000000001084        0.2090640913413161
34.32000000000109         0.2092315840474645
34.340000000001105        0.21159160154498807
34.360000000001094        0.21625590779351156
34.38000000000109         0.22345405024719275
34.40000000000111         0.23355185051081556
34.4200000000011          0.24708167643442544
34.4400000000011          0.2647689687665468
34.4600000000011          0.2875758669684188
34.48000000000109         0.3166675109574332
34.50000000000111         0.3531465682743417
34.52000000000109         0.3969887752704528
34.54000000000109         0.4444605240381238
34.56000000000108         0.4870472214355884
34.580000000001085        0.5180458719388413
34.60000000000108         0.5348640573920299
34.62000000000107         0.5399454118402309
34.640000000001066        0.5351843103736661
34.66000000000108         0.5186215686882465
34.68000000000107         0.4878560849603837
34.70000000000108         0.4456311480969596
34.72000000000111         0.3983689546893612
34.740000000001096        0.35471664459498575
34.76000000000111         0.3184245008511858
34.78000000000112         0.2895260705456648
34.80000000000111         0.2669227336615757
34.82000000000111         0.24945125279330885
34.840000000001126        0.2361526027183213
34.860000000001136        0.22629827855186413
34.88000000000112         0.21935989115018947
34.90000000000112         0.2149738022017045
34.920000000001124        0.21291339823503483
34.94000000000113         0.21307106065706394
34.96000000000113         0.21544948416793697
34.98000000000112         0.22016271058759165
35.00000000000112         0.2274423820526952
35.02000000000114         0.23765985814386179
35.04000000000114         0.25135254105841154
35.060000000001125        0.2692604386609149
35.080000000001135        0.292357331331018
35.10000000000114         0.3218248805723118
35.120000000001134        0.3587826156151451
35.14000000000113         0.40321319784257437
35.16000000000111         0.4513553655172914
35.180000000001115        0.49460092441833825
35.2000000000011          0.5261174485172582
35.22000000000109         0.5432493883542966
35.240000000001096        0.5484320982303351
35.260000000001114        0.5435752638322018
35.280000000001095        0.5267606014789593
35.30000000000111         0.49553916491216765
35.320000000001116        0.45254725064549833
35.34000000000113         0.40461969632295847
35.360000000001136        0.36038254298302247
35.38000000000114         0.32361334796448055
35.40000000000115         0.294339045968712
35.42000000000116         0.27144438966082923
35.44000000000115         0.25374925806179666
35.46000000000116         0.24028052822374865
35.48000000000116         0.2302988424076892
35.500000000001144        0.2232678307243817
35.52000000000117         0.2188177374791443
35.540000000001164        0.2167196282036014
35.56000000000116         0.21686303866532114
35.580000000001164        0.2192502608845839
35.60000000000116         0.22399561582125618
35.62000000000116         0.23133468055523412
35.640000000001166        0.24164306508295294
35.66000000000117         0.2554651303600877
35.68000000000118         0.27355058419333167
35.70000000000117         0.29688613160087357
35.72000000000117         0.32666948258141637
35.74000000000117         0.36403679354898855
35.76000000000116         0.40897877920207515
35.780000000001145        0.45771136303144494
35.80000000000115         0.501430981295754
35.82000000000112         0.5334653402738773
35.840000000001126        0.5509355380860524
35.86000000000112         0.5562111584200717
35.88000000000113         0.5512670118386693
35.90000000000115         0.5341756362231136
35.92000000000114         0.5024971374540654
35.94000000000116         0.4589262385945985
35.960000000001166        0.41041558653076726
35.980000000001176        0.36567372660972075
36.00000000000118         0.3285001432492263
36.02000000000119         0.29891316084977104
36.040000000001186        0.27578109495816994
36.06000000000119         0.25790563385461723
36.08000000000119         0.24430493223079486
36.100000000001195        0.2342274063277056
36.120000000001184        0.22712886789861644
36.1400000000012          0.2226348239117085
36.1600000000012          0.22051171283357637
36.18000000000121         0.2206482424196849
36.2000000000012          0.22304640213386806
36.22000000000119         0.22782164104020455
36.240000000001196        0.2352122229217615
36.260000000001206        0.24559827088155603
36.28000000000121         0.2595308950597498
36.30000000000121         0.27776930910237707
36.3200000000012          0.3013129592592811
36.340000000001204        0.3313985180442908
36.36000000000121         0.36916794348523385
36.380000000001196        0.4145984024388699
36.40000000000119         0.46379687533419006
36.42000000000118         0.5080575692601477
36.44000000000117         0.5405266837110395
36.460000000001166        0.5582645382938228
36.48000000000116         0.5636284867620472
36.500000000001165        0.5586041284916677
36.52000000000117         0.5412551945961503
36.54000000000119         0.5091523997205968
36.56000000000119         0.4650475420314734
36.5800000000012          0.41600529196870045
36.60000000000121         0.37081060259687176
36.620000000001205        0.33330516896313706
36.64000000000122         0.3034322111721577
36.660000000001226        0.28009580370929227
36.68000000000123         0.2620770094019478
36.700000000001225        0.24837331606025229
36.72000000000123         0.23822415617694778
36.740000000001224        0.2310782407129001
36.76000000000123         0.22655620423351377
36.78000000000123         0.22442143615718527
36.800000000001226        0.22456114103970035
36.82000000000125         0.22697721329031414
36.84000000000124         0.2317864177190188
36.860000000001236        0.23922988752606653
36.88000000000124         0.24969054501056548
36.90000000000124         0.2637301220979237
36.92000000000124         0.2821175761355643
36.94000000000124         0.3058689188455254
36.960000000001244        0.3362212490059805
36.98000000000124         0.3743512817503255
37.00000000000125         0.4202411542309065
37.020000000001225        0.4699784524195488
37.04000000000122         0.5147792013215327
37.06000000000121         0.547678527670035
37.0800000000012          0.5656801284203281
37.1000000000012          0.5711303289609041
37.12000000000119         0.5660251334487781
37.14000000000119         0.5484194591945185
37.160000000001205        0.5157820133094506
37.18000000000122         0.4712701803978231
37.200000000001225        0.4217853020895219
37.22000000000124         0.3761273299436027
37.240000000001245        0.3382239682298282
37.260000000001256        0.3081004918808769
37.28000000000125         0.28458304835885584
37.300000000001255        0.2664357511683463
37.32000000000127         0.2526429252737493
37.34000000000126         0.24243417159661257
37.36000000000126         0.2352510763174729
37.38000000000127         0.23070939737136997
37.40000000000126         0.22856949856865688
37.42000000000126         0.2287171243153519
37.44000000000127         0.23115369431616817
37.460000000001266        0.23599783569547556
37.48000000000127         0.24349352057738963
37.50000000000127         0.2540305428731454
37.52000000000127         0.2681746781348365
37.54000000000127         0.2867065537668522
37.56000000000128         0.3106561556575649
37.58000000000126         0.3412782813053164
37.60000000000127         0.379768810780762
37.62000000000126         0.4261215197686863
37.64000000000126         0.4764051392567211
37.66000000000124         0.5217560705476357
37.68000000000125         0.555095212652171
37.70000000000124         0.573367212502945
37.720000000001235        0.5789061919093637
37.74000000000123         0.5737156966057847
37.760000000001234        0.5557878350015856
37.78000000000123         0.5227819566155737
37.800000000001255        0.4777363814675568
37.82000000000127         0.4277280685517461
37.840000000001275        0.3816344117090114
37.860000000001286        0.34339961889116544
37.880000000001296        0.31303584237348575
37.90000000000129         0.2893489793867664
37.920000000001295        0.27108491672843216
37.9400000000013          0.2572138654336019
37.96000000000131         0.24695526692077455
37.980000000001304        0.239744408662861
38.0000000000013          0.23518985572842416
38.02000000000131         0.23305033872070102
38.040000000001314        0.23321009554921288
38.06000000000132         0.23567092436767126
38.08000000000131         0.24055238665428283
38.10000000000131         0.24810165442593873
38.12000000000131         0.25871358320762067
38.14000000000132         0.27296151598183066
38.16000000000131         0.2916368491441887
38.180000000001314        0.31578424206114386
38.20000000000132         0.346677200607394
38.22000000000131         0.3855321874861768
38.24000000000131         0.432356828594228
38.260000000001305        0.4831958157778078
38.28000000000127         0.5292435529035767
38.300000000001276        0.5629969067649101
38.32000000000126         0.5815007904236199
38.34000000000126         0.5871349779832652
38.360000000001264        0.5818591297059081
38.38000000000126         0.5636566442480757
38.40000000000127         0.5302049816136436
38.42000000000128         0.4846075743661705
38.4400000000013          0.43406274814878476
38.46000000000131         0.38752795253833644
38.48000000000131         0.34896301709173033
38.50000000000133         0.3183649576215595
38.52000000000133         0.2945183680864613
38.54000000000132         0.27614904953631464
38.560000000001324        0.2622100047307153
38.580000000001334        0.2519110039459445
38.60000000000134         0.2446792344182427
38.620000000001326        0.24012050707505747
38.640000000001336        0.23798900802097717
38.66000000000133         0.23816755226114406
38.680000000001336        0.240658036602567
38.70000000000134         0.2455816590720638
38.720000000001335        0.2531889651115869
38.740000000001345        0.26388032067578643
38.76000000000134         0.2782373354939485
38.78000000000136         0.29706325086076424
38.80000000000134         0.3214136927122188
38.82000000000134         0.3525757568891571
38.840000000001346        0.391783707776106
38.860000000001335        0.4390881149963874
38.88000000000134         0.49061446999141617
38.900000000001306        0.5372734872317045
38.92000000000131         0.5715182163858291
38.94000000000129         0.5903239615818422
38.960000000001294        0.5960565096986136
38.9800000000013          0.5906856176227426
39.000000000001315        0.5721865866112317
39.02000000000131         0.5382575572623525
39.04000000000133         0.4920733035883554
39.06000000000134         0.440963785286621
39.08000000000134         0.39391067113797246
39.10000000000136         0.35504445123783546
39.12000000000136         0.3242297150659667
39.14000000000136         0.3002320080534408
39.16000000000136         0.2817627872856418
39.18000000000137         0.2677639919889909
39.20000000000137         0.2574334932489858
39.22000000000136         0.25019024344666574
39.240000000001366        0.2456346337077776
39.26000000000138         0.24351760704936648
39.28000000000139         0.2437205187489499
39.30000000000138         0.24624540584134855
39.32000000000138         0.251215223710631
39.340000000001375        0.25888549465164123
39.360000000001385        0.26966028668966224
39.38000000000138         0.2841305565093466
39.400000000001384        0.3031110853190435
39.42000000000139         0.327677158638518
39.44000000000138         0.3591391628553849
39.460000000001386        0.39875612990053777
39.48000000000138         0.4465967238436211
39.500000000001364        0.498770298870374
39.52000000000135         0.546096807035264
39.54000000000134         0.5808832680260724
39.56000000000133         0.600025922280825
39.580000000001334        0.6058702206476009
39.60000000000132         0.6003971200508871
39.620000000001326        0.5816383159801167
39.640000000001365        0.5472412408953835
39.660000000001354        0.5003012400618321
39.680000000001364        0.44851110220867524
39.70000000000137         0.4010587770588433
39.720000000001384        0.36183942477432307
39.74000000000139         0.3307834985732073
39.76000000000139         0.30662915264130414
39.7800000000014          0.2880639657003124
39.8000000000014          0.2740115241102246
39.8200000000014          0.263656452918973
39.840000000001396        0.2564085673605586
39.8600000000014          0.2518623280835624
39.8800000000014          0.24976516816561115
39.9000000000014          0.24999696961482143
39.92000000000143         0.25255993260854465
39.940000000001405        0.25757867401833673
39.96000000000141         0.26531108117096885
39.98000000000141         0.27616949663436324
40.00000000000141         0.2907534278823176
40.02000000000141         0.3098914035378633
40.04000000000141         0.3346780096174462
40.06000000000141         0.3664490471743767
40.08000000000141         0.4064926078688431
40.10000000000142         0.45489868908431613
40.1200000000014          0.5077603756688187
40.14000000000139         0.5557997938276352
40.160000000001375        0.5911049298106165
40.180000000001364        0.6106681246942622
40.20000000000137         0.6166330592426149
40.22000000000136         0.6110502390323632
40.240000000001366        0.5919408349540427
40.26000000000138         0.5569873483177028
40.280000000001394        0.5093738135125988
40.300000000001404        0.4569496826166085
40.320000000001414        0.40899702727478593
40.34000000000141         0.36942279481813556
40.36000000000142         0.3381328876768844
40.38000000000143         0.31383498940840354
40.40000000000143         0.2951898220529597
40.42000000000145         0.2811003691060422
40.44000000000144         0.2707353357897111
40.460000000001436        0.2634981976598435
40.48000000000144         0.2589752230212998
40.50000000000144         0.2569103608543973
40.520000000001446        0.25718192098157105
40.540000000001434        0.25979232279031617
40.560000000001445        0.26486834045747343
40.58000000000144         0.27267187537566406
40.60000000000145         0.2836218915324563
40.62000000000144         0.29832805653765254
40.64000000000145         0.31763389459708796
40.660000000001446        0.3426553044553449
40.68000000000145         0.37475655115456535
40.70000000000145         0.41525885815352304
40.72000000000144         0.46436577772061627
40.74000000000143         0.5179044593464961
40.76000000000142         0.5666032214539509
40.78000000000141         0.6026577601478673
40.8000000000014          0.6226209005222162
40.82000000000141         0.6287161013016356
40.840000000001396        0.6230073678148709
40.8600000000014          0.603513183830066
40.88000000000141         0.5679513396656152
40.90000000000142         0.5196111185685841
40.92000000000144         0.4665174471303277
40.94000000000145         0.41805323179881876
40.96000000000146         0.37813474896580107
40.980000000001475        0.3466432692013813
41.000000000001464        0.3222330269782672
41.02000000000146         0.30354955944243955
41.04000000000147         0.2894697960849208
41.06000000000149         0.2791474198963457
41.08000000000147         0.27197270669716533
41.10000000000148         0.26752853517584935
41.120000000001475        0.26555644222464825
41.14000000000148         0.2659347017146769
41.160000000001475        0.2686677211462858
41.180000000001485        0.27388620515961265
41.20000000000148         0.2818585062293752
41.220000000001484        0.2930135186627502
41.2400000000015          0.30797547017228405
41.260000000001504        0.3276076117771531
41.28000000000149         0.3530627182775047
41.30000000000148         0.3857468682445906
41.320000000001485        0.4270289209006994
41.34000000000148         0.47702461805698915
41.36000000000146         0.5316879283181364
41.38000000000145         0.5815333691867351
41.40000000000144         0.6185188605822218
41.42000000000143         0.6390742655625584
41.440000000001426        0.6453970459276905
41.46000000000145         0.6395961732698712
41.48000000000144         0.6197218411630329
41.50000000000144         0.5835748066150006
41.52000000000146         0.5346245759653989
41.54000000000147         0.48124133540561104
41.5600000000015          0.43273916464246354
41.58000000000149         0.39314342208076275
41.6000000000015          0.3623063161692264
41.62000000000149         0.33884908145423953
41.6400000000015          0.32137299308451417
41.6600000000015          0.3087525716630259
41.680000000001506        0.3001548595525634
41.7000000000015          0.2949979348373208
41.720000000001505        0.2929063036061771
41.74000000000152         0.2936767506141586
41.75000000000001         0.2951135812764831
