% Model:              ModelBH.mph
% Version:            COMSOL 5.6.0.280
% Date:               Oct 14 2021, 20:59
% Dimension:          1
% Nodes:              963
% Expressions:        1
% Description:        线图
% cln2x                   Height
22.53                     0.04206838129252494
22.54000000000002         0.042122339233225135
22.560000000000024        0.04254824204332083
22.580000000000023        0.04341742260541322
22.600000000000033        0.044773185654708024
22.620000000000037        0.046685195500819086
22.640000000000033        0.049254939300124596
22.66000000000005         0.05262266819160577
22.680000000000035        0.056975540633515086
22.700000000000042        0.06254140891335476
22.72000000000004         0.0695385811207457
22.740000000000048        0.07795985160204706
22.760000000000037        0.08705508519222543
22.78000000000004         0.09517567903628114
22.800000000000043        0.10109781800221956
22.820000000000036        0.10429328243598775
22.840000000000046        0.10525003148503995
22.860000000000046        0.10434969173678518
22.88000000000005         0.1012207524352734
22.900000000000052        0.09536431173529332
22.92000000000006         0.08727105165620373
22.94000000000006         0.07822061421738899
22.96000000000007         0.06984376662936927
22.98000000000007         0.06289235582103322
23.00000000000007         0.05737442347436871
23.02000000000007         0.053071721978647166
23.040000000000063        0.04975580516173983
23.06000000000007         0.04724009051407821
23.08000000000007         0.04538381708009047
23.10000000000008         0.04408543217152961
23.120000000000083        0.043275384885421576
23.140000000000086        0.042910617789170706
23.16000000000008         0.042971040005553
23.18000000000008         0.043457853699448996
23.200000000000088        0.044393624352311145
23.220000000000084        0.04582383849802925
23.240000000000084        0.047821519093954865
23.260000000000087        0.050491694703910656
23.280000000000108        0.05397953811252547
23.300000000000104        0.05847703349569598
23.320000000000093        0.06421903120822904
23.340000000000103        0.07142988717060963
23.360000000000106        0.0801017283281518
23.380000000000095        0.08946253073203057
23.4000000000001          0.09781695515210563
23.420000000000098        0.10390775905734849
23.4400000000001          0.10719306635020975
23.460000000000107        0.10817575114352788
23.480000000000107        0.10724922012182446
23.50000000000011         0.10402115021317371
23.520000000000113        0.09798977982057883
23.54000000000011         0.08969601528926416
23.56000000000012         0.0803979112430422
23.580000000000126        0.07179271857874653
23.600000000000126        0.06465342330701586
23.62000000000013         0.058987999437979256
23.640000000000125        0.054571984592782036
23.660000000000128        0.05117052649260121
23.68000000000013         0.04859185698184952
23.70000000000013         0.046691340200071166
23.720000000000137        0.045364668794069245
23.740000000000137        0.044540454786555626
23.760000000000147        0.04417459454513432
23.780000000000136        0.04424648634903964
23.800000000000143        0.04475763754717789
23.820000000000142        0.045731474618425465
23.840000000000146        0.047215316940017675
23.86000000000015         0.0492841907245141
23.880000000000148        0.05204670416295586
23.90000000000015         0.05565268853156941
23.920000000000158        0.060300237755061374
23.940000000000165        0.06623162100075118
23.960000000000157        0.07367819444197923
23.980000000000153        0.08263155531428264
24.000000000000153        0.0922946543229044
24.020000000000156        0.10091786223659177
24.040000000000155        0.1072156877261117
24.060000000000155        0.11059504687661102
24.08000000000017         0.11160930068107719
24.100000000000158        0.11065367663155372
24.12000000000016         0.10732429895330106
24.140000000000168        0.10110309568351417
24.160000000000167        0.09254858983175984
24.180000000000174        0.08295892744763446
24.20000000000018         0.07408509876392987
24.22000000000018         0.06672438803104473
24.240000000000187        0.06088484290665511
24.260000000000186        0.056334783987121044
24.280000000000186        0.052831897847286265
24.300000000000185        0.050178733215793365
24.32000000000019         0.04822522157871547
24.34000000000019         0.04686428305815554
24.360000000000195        0.04602236379963685
24.380000000000198        0.04565405056670088
24.4000000000002          0.04573834779371728
24.420000000000194        0.046276921084060285
24.440000000000204        0.047294194097653605
24.460000000000196        0.0488393094032433
24.48000000000021         0.05099008353723146
24.50000000000021         0.05385909428461642
24.520000000000206        0.05760159407115518
24.540000000000216        0.062422796271448214
24.560000000000212        0.06857362869400893
24.580000000000208        0.07628162641067222
24.60000000000021         0.0855572971746884
24.62000000000021         0.09558914105876393
24.64000000000021         0.10454947109568218
24.660000000000213        0.11105058946842451
24.680000000000213        0.11455285782929388
24.700000000000216        0.11560488557214063
24.720000000000226        0.11461648977684745
24.740000000000222        0.1111696228689047
24.76000000000022         0.10472784621462596
24.78000000000022         0.09586982053705069
24.800000000000225        0.08594032463083541
24.820000000000228        0.07675303013281276
24.840000000000234        0.06913364468815118
24.86000000000024         0.06308929282728074
24.880000000000237        0.058383345484674436
24.90000000000024         0.05476147591809797
24.92000000000024         0.05201950243050353
24.940000000000243        0.050003175432966535
24.960000000000242        0.04860117859088569
24.980000000000242        0.047737389903365
25.000000000000252        0.047364881390724034
25.020000000000262        0.04746205759456494
25.040000000000262        0.04803083815615148
25.060000000000255        0.04909676891049245
25.08000000000026         0.05071106769989372
25.100000000000257        0.052954740684548994
25.120000000000264        0.05594536666260617
25.140000000000267        0.05984322461673642
25.16000000000027         0.06486141525437086
25.180000000000277        0.07125935771683888
25.20000000000027         0.0792847992072321
25.22000000000027         0.08893471759618518
25.240000000000265        0.09936998552979846
25.260000000000264        0.10869006958131058
25.28000000000026         0.11545226583119376
25.30000000000026         0.11909578581021243
25.320000000000263        0.1201914336299462
25.340000000000263        0.11916567399837802
25.36000000000027         0.11558408031496976
25.38000000000027         0.10888904161310803
25.40000000000027         0.09968303542411085
25.42000000000029         0.08934484112239034
25.440000000000285        0.0798017515452403
25.460000000000285        0.07189206674901176
25.48000000000029         0.06561777880130062
25.500000000000295        0.06073048555562329
25.520000000000294        0.05697064675204823
25.5400000000003          0.05412600172324375
25.560000000000294        0.052036274328950506
25.5800000000003          0.05058581095369674
25.6000000000003          0.04969552281518496
25.6200000000003          0.049316704746858404
25.640000000000306        0.04942703833337867
25.660000000000313        0.05002870141536009
25.68000000000031         0.051148681921363556
25.700000000000315        0.05284025251758341
25.72000000000032         0.0551881084747967
25.74000000000032         0.058314434031511604
25.76000000000032         0.0623874704691421
25.780000000000324        0.06762914264263861
25.800000000000335        0.0743100877260261
25.820000000000327        0.08268867986888588
25.840000000000323        0.09276153844532699
25.860000000000323        0.10365294416101574
25.88000000000032         0.11337994527904145
25.900000000000315        0.12043753287865609
25.920000000000318        0.12424091860909262
25.940000000000317        0.12538592579062008
25.960000000000317        0.12431808300804847
25.980000000000324        0.12059659473462937
26.000000000000327        0.11362858430840016
26.02000000000033         0.10399988608634683
26.040000000000344        0.09321780758858607
26.060000000000343        0.08326579249288771
26.080000000000346        0.0750183326868816
26.100000000000353        0.06847742571549553
26.120000000000356        0.063383863750127
26.140000000000356        0.059466840677451206
26.160000000000352        0.056504901008474155
26.180000000000355        0.05433087409973568
26.200000000000355        0.052824216338946954
26.22000000000036         0.05190243869831346
26.24000000000036         0.05151508204671068
26.260000000000364        0.051638793577168635
26.28000000000037         0.05227601379656324
26.300000000000367        0.05345491834034006
26.320000000000363        0.05523165348847691
26.340000000000373        0.05769482034691243
26.360000000000372        0.060972342522512143
26.38000000000038         0.0652403213965312
26.40000000000038         0.0707310122974767
26.42000000000038         0.07772759405975455
26.44000000000038         0.08650031649041591
26.46000000000038         0.09704546330218185
26.480000000000384        0.10844650289749207
26.500000000000377        0.11859987309443021
26.520000000000383        0.12600267105442128
26.540000000000386        0.12999816792416183
26.560000000000375        0.13119857380759956
26.580000000000375        0.13008317902025227
26.60000000000039         0.12619114022241032
26.62000000000039         0.11890213869953148
26.64000000000039         0.10882923262548704
26.660000000000384        0.09754984170562825
26.68000000000039         0.08713954833930962
26.7000000000004          0.07851341462318981
26.720000000000404        0.07167343573255212
26.740000000000403        0.06634829178744626
26.760000000000414        0.06225407790232339
26.780000000000406        0.05916008734827188
26.80000000000041         0.05689093046639161
26.820000000000412        0.05532042355589788
26.840000000000416        0.05436244025597337
26.860000000000422        0.05396405460532909
26.88000000000042         0.05410115330740093
26.90000000000043         0.05477642009810742
26.920000000000424        0.056019514323822975
26.940000000000424        0.05788942750124332
26.960000000000427        0.06047918772449735
26.98000000000043         0.06392306460064424
27.00000000000043         0.06840585747483303
27.020000000000433        0.07417124808630747
27.040000000000436        0.08152198031330839
27.060000000000446        0.0907387336380771
27.080000000000442        0.10181139509569272
27.100000000000435        0.1137553421678851
27.120000000000434        0.12441151369026797
27.140000000000434        0.13218062542833547
27.160000000000434        0.13637464331765453
27.18000000000043         0.13763600328858458
27.20000000000043         0.13646779621970223
27.220000000000432        0.1323867065882122
27.240000000000446        0.1247420515899857
27.260000000000442        0.11417704277035184
27.280000000000452        0.10234674631828328
27.300000000000452        0.09142870785510737
27.32000000000046         0.08238854488893817
27.340000000000458        0.07521275889068472
27.36000000000046         0.06962941041400095
27.38000000000047         0.06533940534530021
27.40000000000046         0.062098795964740224
27.420000000000467        0.0597237892890348
27.440000000000474        0.05808203916059955
27.46000000000047         0.05708324189823454
27.480000000000476        0.056671960835030934
27.500000000000476        0.05682304797046594
27.52000000000047         0.05753950082770074
27.540000000000486        0.05885262237922329
27.56000000000048         0.0608245208040163
27.580000000000485        0.06355258652433753
27.60000000000048         0.06717899789214972
27.620000000000484        0.0718980642861006
27.640000000000484        0.0779668457561301
27.660000000000494        0.08569939920496993
27.68000000000049         0.0953952102336459
27.7000000000005          0.10704228845555339
27.72000000000049         0.1196056051637517
27.74000000000048         0.13081518591952862
27.76000000000048         0.1389886200981991
27.780000000000484        0.14340216478233303
27.800000000000477        0.14473095710357084
27.820000000000487        0.14350409892345506
27.840000000000483        0.13921367072990115
27.860000000000486        0.13114466846153885
27.8800000000005          0.12006721103412742
27.9000000000005          0.10765149999072277
27.92000000000051         0.09616835376152832
27.940000000000513        0.08665105372047018
27.960000000000516        0.07910948067346488
27.980000000000516        0.07324275699259229
28.000000000000522        0.06873635104492742
28.020000000000522        0.06533367815248599
28.040000000000525        0.06284145619664999
28.060000000000528        0.061120548066065504
28.080000000000524        0.0600760538423216
28.100000000000534        0.05964975821820571
28.12000000000053         0.059815317684707776
28.140000000000533        0.060575889324266004
28.160000000000544        0.06196473479286862
28.180000000000547        0.06404734984721808
28.200000000000536        0.06692697187323507
28.220000000000546        0.07075257751183375
28.240000000000542        0.07572931763438714
28.260000000000545        0.08212809798071337
28.280000000000545        0.0902799038330355
28.300000000000544        0.10050035980641601
28.32000000000054         0.11277682739594674
28.340000000000547        0.126018503446268
28.360000000000532        0.13783316246197094
28.380000000000532        0.1464480320406867
28.40000000000053         0.1511006057664257
28.42000000000053         0.15250273919695953
28.44000000000053         0.15121181877724235
28.46000000000054         0.14667775249165055
28.480000000000544        0.13819378721779105
28.500000000000554        0.12652395129636781
28.52000000000056         0.11344409188205164
28.540000000000564        0.10134727791430892
28.56000000000057         0.09132237448751138
28.58000000000057         0.08337969650789274
28.600000000000573        0.07720213355991283
28.620000000000573        0.07245828068349842
28.640000000000583        0.0688777782582395
28.660000000000586        0.06625689711474689
28.680000000000582        0.06444921223113588
28.700000000000585        0.0633541877115565
28.72000000000059         0.06291089603355347
28.740000000000588        0.06309165449951869
28.760000000000584        0.06390003082730683
28.780000000000594        0.06537104617299586
28.800000000000598        0.06757395461226057
28.820000000000597        0.07061778204739838
28.84000000000059         0.07465981714730771
28.8600000000006          0.07991662386644728
28.880000000000596        0.08667414897200265
28.900000000000606        0.09528172820978026
28.920000000000606        0.10607249613834129
28.9400000000006          0.11903335887736212
28.9600000000006          0.13301503253165145
28.9800000000006          0.1455253437650163
29.000000000000586        0.1546064123934988
29.020000000000586        0.1595066121473521
29.040000000000585        0.16098974363993343
29.06000000000059         0.15962806100400057
29.080000000000595        0.15484129531887805
29.100000000000595        0.1458853448810099
29.12000000000061         0.1335674721652633
29.140000000000615        0.1197640078134448
29.16000000000062         0.10699976938981966
29.18000000000062         0.09642290478275402
29.200000000000628        0.08804398412233498
29.220000000000628        0.08152844607286415
29.24000000000063         0.07652638233027151
29.260000000000634        0.07275192944139988
29.28000000000064         0.06999052000058643
29.300000000000633        0.06808751577746187
29.320000000000643        0.06693740055796181
29.340000000000636        0.06647550911875605
29.360000000000642        0.06667269751261277
29.380000000000642        0.06753284643085847
29.40000000000064         0.06909307378838185
29.42000000000065         0.07142667477854038
29.440000000000655        0.07464898035449742
29.460000000000647        0.0789263357452776
29.480000000000658        0.08448774286367274
29.50000000000065         0.0916339048259402
29.520000000000653        0.10073204102975677
29.540000000000656        0.11213286961367802
29.56000000000066         0.1258320051015857
29.580000000000656        0.14064286176145077
29.600000000000655        0.1538761294536143
29.620000000000644        0.1634843356693913
29.640000000000644        0.1686715734016206
29.660000000000636        0.17024338294543453
29.680000000000636        0.16880432648631682
29.700000000000642        0.16374168492297198
29.720000000000653        0.15427098372292672
29.740000000000652        0.14124678687043687
29.760000000000673        0.12665505131173133
29.780000000000676        0.11314632993908112
29.80000000000068         0.10197891603091254
29.820000000000682        0.0931301021487777
29.840000000000686        0.08624766757386867
29.86000000000069         0.08096377393590354
29.88000000000069         0.0769776846446874
29.900000000000702        0.07406250513788092
29.92000000000069         0.0720547946492688
29.940000000000698        0.07084306989479237
29.9600000000007          0.07035895300232851
29.980000000000697        0.07057155817967303
30.0000000000007          0.07148490459329016
30.0200000000007          0.07313813177809082
30.040000000000706        0.07560900985197788
30.06000000000071         0.07901848982981947
30.08000000000071         0.08354212907468075
30.10000000000071         0.08942083942416736
30.12000000000071         0.09697186345069952
30.140000000000715        0.10658139954864278
30.160000000000707        0.11861783118653094
30.180000000000707        0.13307961550417075
30.200000000000703        0.14873486560748878
30.22000000000069         0.1627701247314309
30.240000000000702        0.1729942605101644
30.260000000000694        0.17854595824812405
30.280000000000694        0.18023698714010186
30.300000000000697        0.17869307427193265
30.320000000000704        0.17329908766423957
30.340000000000707        0.16324723992569593
30.36000000000072         0.14940131521533961
30.38000000000073         0.13395621485122186
30.400000000000734        0.11972695097302131
30.420000000000734        0.10794338871994266
30.440000000000733        0.09860413046729001
30.46000000000074         0.09133876934293349
30.480000000000743        0.0857604352925912
30.500000000000743        0.08155249041261049
30.520000000000753        0.0784757715026102
30.540000000000752        0.07635786264006941
30.560000000000755        0.07508113477533054
30.580000000000748        0.07457349268864863
30.600000000000755        0.07480249211331991
30.620000000000758        0.07577242221844538
30.640000000000754        0.07752458849806577
30.660000000000753        0.08014061847768927
30.680000000000764        0.08374886069258496
30.700000000000763        0.08853416548717595
30.72000000000076         0.09475039653012048
30.740000000000766        0.10273146880022763
30.760000000000765        0.11288330627773778
30.780000000000765        0.1255930184946853
30.800000000000768        0.14086340953070056
30.820000000000764        0.15742070566515207
30.840000000000757        0.1723262983529626
30.860000000000763        0.18320751468004104
30.88000000000076         0.1891847720996816
30.900000000000748        0.19100855427028343
30.920000000000748        0.18934109556146297
30.940000000000758        0.1835472766290381
30.960000000000758        0.17282582740917599
30.980000000000775        0.15811604736700677
31.00000000000077         0.14177604984605421
31.020000000000792        0.1267446762839474
31.040000000000788        0.11429270932376345
31.060000000000798        0.1044140801779275
31.080000000000798        0.09671924517889233
31.100000000000797        0.09080112325062874
31.1200000000008          0.08632591915497918
31.140000000000803        0.08304055564565083
31.160000000000817        0.08076349652906079
31.180000000000803        0.0793689638736537
31.200000000000806        0.07877965723392212
31.22000000000081         0.0789598848419896
31.240000000000812        0.07991261270035441
31.260000000000815        0.08167964826610356
31.280000000000815        0.0843449771015389
31.300000000000814        0.08804144131607175
31.320000000000814        0.09296092166082613
31.340000000000817        0.0993673538572099
31.360000000000824        0.10760820176088944
31.380000000000823        0.11810618143911775
31.400000000000837        0.13126564570575594
31.420000000000837        0.14712533680545098
31.440000000000822        0.1643023609595175
31.46000000000083         0.17980574786094178
31.48000000000082         0.19122698731967572
31.500000000000806        0.1975103853728878
31.520000000000806        0.1994359538774895
31.54000000000081         0.1976796943152247
31.56000000000081         0.1915925436863659
31.580000000000823        0.18037713828474566
31.600000000000815        0.16503305934514398
31.620000000000843        0.148043812460684
31.64000000000082         0.13244291068830097
31.660000000000835        0.11952953397107155
31.680000000000845        0.10929184650378689
31.700000000000852        0.1013167969484113
31.72000000000085         0.09518493143412439
31.740000000000865        0.09054649655878166
31.760000000000865        0.08713696616678698
31.780000000000857        0.08476507592162445
31.80000000000085         0.08329955248756431
31.82000000000086         0.08265887970861631
31.840000000000867        0.0828047064377965
31.860000000000866        0.08373873990713404
31.880000000000873        0.08550293801457938
31.900000000000873        0.08818296835184847
31.920000000000872        0.09191514551698243
31.94000000000087         0.09689703230633419
31.960000000000875        0.1034007314697987
31.980000000000867        0.1117881707058574
32.00000000000088         0.1224989336654027
32.0200000000009          0.13595635996702476
32.04000000000088         0.1521722826280076
32.06000000000087         0.16980016553616206
32.080000000000865        0.18576097114105714
32.10000000000086         0.1975487558643074
32.12000000000086         0.20405785361224965
32.14000000000086         0.2060599279187365
32.160000000000856        0.20424023358938848
32.18000000000086         0.19794027579666637
32.200000000000884        0.18636969758367714
32.220000000000866        0.1705784686521861
32.240000000000876        0.1531775111740632
32.2600000000009          0.13720086526935035
32.2800000000009          0.12399725160086754
32.30000000000091         0.11355125415795078
32.32000000000091         0.10543600301379472
32.34000000000092         0.09920855237867139
32.36000000000091         0.09450687276259172
32.38000000000091         0.09105733428094648
32.400000000000915        0.08866214452520861
32.420000000000925        0.08718560458164772
32.44000000000093         0.08654345008804411
32.460000000000925        0.08669595805191854
32.48000000000094         0.08764467742319056
32.50000000000093         0.08943229610772288
32.52000000000093         0.0921472203285449
32.54000000000093         0.09592959640691766
32.56000000000093         0.10098320593818924
32.58000000000094         0.10758973368945497
32.60000000000093         0.11612192649982443
32.62000000000094         0.12703621301002388
32.640000000000946        0.14077410773995794
32.66000000000095         0.15736016451844573
32.68000000000093         0.17543494907996565
32.70000000000092         0.19185332339490538
32.720000000000915        0.20401129076871563
32.740000000000904        0.21075092313661162
32.76000000000091         0.21283194348549872
32.78000000000091         0.2109471980336817
32.800000000000914        0.20440947790104178
32.820000000000924        0.19246632804333044
32.84000000000094         0.17627472824887738
32.86000000000093         0.1584415892780141
32.88000000000095         0.14211425342617182
32.90000000000095         0.1286502797198161
32.920000000000954        0.11802105121792916
32.940000000000964        0.10978105642918738
32.96000000000096         0.10347092972658589
32.98000000000097         0.09871609551770315
33.000000000000966        0.09523395459597887
33.02000000000096         0.09282055112459203
33.04000000000097         0.09133602620244465
33.060000000000976        0.09069349589263341
33.08000000000098         0.0908516136016663
33.100000000000975        0.09181178460164638
33.12000000000099         0.09361779630818379
33.14000000000098         0.09635972301819978
33.16000000000098         0.10018151994023572
33.18000000000099         0.10529270799518985
33.20000000000098         0.11198352586239456
33.22000000000099         0.12063893337694871
33.24000000000098         0.13173172464588098
33.26000000000099         0.1457225768562403
33.28000000000099         0.1626510294906235
33.300000000001006        0.1811493295639395
33.32000000000098         0.19801158204531474
33.34000000000098         0.21055618196363046
33.360000000000966        0.21750759353419769
33.38000000000096         0.2196688659262071
33.400000000000965        0.21771912275226823
33.42000000000097         0.21096802218650385
33.44000000000098         0.1986773607005333
33.46000000000099         0.18205992318725017
33.48000000000099         0.16382035810057624
33.500000000001           0.14716763990088627
33.520000000001005        0.13346840991859155
33.540000000001015        0.12267915232378032
33.56000000000102         0.1143349792692179
33.58000000000103         0.10795967492084518
33.600000000001025        0.1031666151194057
33.620000000001035        0.09966278059477615
33.640000000001024        0.09723912181655452
33.660000000001034        0.09575195413899658
33.68000000000103         0.09511205100919776
33.700000000001026        0.09527711423982087
33.72000000000104         0.096248163631599
33.74000000000104         0.09806969341042214
33.76000000000105         0.10083362373580788
33.78000000000104         0.10468725001617626
33.80000000000105         0.10984549349293449
33.820000000001045        0.1166068815955582
33.84000000000105         0.12536857074292307
33.86000000000104         0.1366202079053628
33.88000000000104         0.15082255614423887
33.90000000000104         0.1680626612991915
33.92000000000104         0.1869900531749851
33.94000000000104         0.20432316269449735
33.96000000000101         0.21718766961086744
33.98000000000102         0.22436558340218063
34.000000000001016        0.22660595536861403
34.020000000001026        0.22459272617812928
34.04000000000103         0.2176308336014214
34.06000000000103         0.20500066464069905
34.08000000000106         0.18797146394361627
34.10000000000106         0.16934563845674935
34.12000000000106         0.15239117415441303
34.140000000001066        0.13848051916391924
34.16000000000107         0.12755112230312454
34.180000000001066        0.11912290067234858
34.20000000000107         0.11269754625065562
34.2200000000011          0.10787675710029043
34.240000000001075        0.10436093389544379
34.260000000001085        0.10193447710891881
34.28000000000109         0.1004500207277664
34.300000000001084        0.09981616482147028
34.320000000001095        0.09998952504420837
34.34000000000108         0.10097094112545862
34.360000000001094        0.10280560083852691
34.38000000000109         0.10558709701021347
34.4000000000011          0.10946571372786952
34.4200000000011          0.11466204855130871
34.4400000000011          0.12148044038317483
34.4600000000011          0.13032932604471048
34.4800000000011          0.14171274698291791
34.50000000000111         0.15613072770649228
34.52000000000109         0.17366831225051443
34.5400000000011          0.19298166415784213
34.56000000000109         0.21073507433173458
34.58000000000109         0.2239545958595638
34.60000000000108         0.23136078757030148
34.62000000000108         0.23368193863083064
34.64000000000107         0.2316058335655355
34.66000000000108         0.22443418620654712
34.68000000000109         0.21146933208136381
34.700000000001104        0.19403316682472865
34.72000000000112         0.17501671645849726
34.74000000000112         0.1577948267514463
34.76000000000112         0.14370937596545666
34.780000000001124        0.13267071585077667
34.80000000000113         0.1241741581982847
34.82000000000114         0.1177120536654015
34.84000000000113         0.11287420995012358
34.86000000000115         0.1093533556550181
34.88000000000114         0.10692912094784543
34.900000000001135        0.10545110306897043
34.920000000001146        0.10482593203483244
34.94000000000114         0.10500913065294837
34.96000000000115         0.10600127321513346
34.98000000000115         0.1078483445263552
35.000000000001165        0.11064499542885999
35.020000000001154        0.11454428454323229
35.04000000000115         0.11977041100972136
35.06000000000115         0.1266365202938994
35.080000000001164        0.13556182290756216
35.10000000000115         0.14706730742883245
35.12000000000115         0.16167534186372798
35.140000000001145        0.17949280087695269
35.16000000000115         0.1991774898892664
35.18000000000112         0.2173416710769871
35.200000000001125        0.2309118347802868
35.220000000001136        0.23854520027710557
35.24000000000112         0.24094691146312622
35.260000000001114        0.23880911900108545
35.280000000001124        0.23144919104138967
35.30000000000114         0.21816588619128682
35.32000000000115         0.2003016406304638
35.340000000001154        0.18093449591690178
35.36000000000117         0.16345473082473858
35.38000000000118         0.14920200370985864
35.400000000001185        0.1380643570699201
35.42000000000119         0.12951442047029546
35.440000000001184        0.12302741052381112
35.460000000001195        0.11818159175145998
35.480000000001205        0.11466230118508791
35.500000000001194        0.1122445647176499
35.520000000001204        0.11077508855115939
35.5400000000012          0.11015948078220775
35.5600000000012          0.11035239782116626
35.5800000000012          0.11135436170882793
35.60000000000122         0.1132115129251291
35.620000000001205        0.11601996282098251
35.640000000001216        0.11993480343903094
35.66000000000121         0.12518412064451961
35.680000000001215        0.1320876466339185
35.700000000001204        0.14107534217388978
35.720000000001214        0.15268477650587606
35.74000000000122         0.16746110456499413
35.76000000000121         0.1855349878615622
35.780000000001195        0.20557000753711285
35.80000000000119         0.2240960793765916
35.82000000000117         0.23802248620076757
35.840000000001176        0.24590188977208094
35.860000000001186        0.24838500641815855
35.880000000001175        0.24618372534821437
35.90000000000118         0.23861573398025349
35.92000000000119         0.22500650520162893
35.9400000000012          0.20676486109813758
35.960000000001216        0.1870680861951908
35.980000000001226        0.16935402382555065
36.000000000001236        0.15495618978991765
36.02000000000124         0.14373835200532226
36.04000000000124         0.1351500710988729
36.06000000000125         0.12864893202375002
36.08000000000124         0.12380389176583
36.100000000001266        0.12029271044137509
36.120000000001255        0.11788632599670221
36.14000000000125         0.11642927275000559
36.160000000001254        0.11582546724093246
36.18000000000126         0.11602920989616879
36.20000000000126         0.1170408990771365
36.220000000001264        0.11890710312503842
36.24000000000125         0.1217250147224464
36.26000000000126         0.12565169387625413
36.28000000000127         0.1309186557676582
36.30000000000127         0.13785154766339944
36.320000000001265        0.14689031177671177
36.34000000000127         0.1585958047786373
36.36000000000127         0.1735344829903215
36.38000000000126         0.19185653001391417
36.400000000001256        0.21220341187976025
36.42000000000125         0.23110748767819037
36.44000000000124         0.24537360864943072
36.46000000000124         0.2534786341458839
36.48000000000123         0.2560428766074738
36.50000000000124         0.25377880783797035
36.52000000000123         0.24600424820503336
36.54000000000125         0.23207401084087811
36.56000000000125         0.21346581765892453
36.580000000001256        0.19345656735994113
36.600000000001295        0.17552823420595465
36.62000000000129         0.16101140250414686
36.640000000001294        0.14972293899456807
36.6600000000013          0.14110587862793586
36.6800000000013          0.13459998160692316
36.7000000000013          0.12976148824383688
36.720000000001306        0.12626268411835556
36.740000000001324        0.12387090575220626
36.76000000000131         0.12242854664576881
36.78000000000131         0.12183836712609908
36.80000000000132         0.1220541368667702
36.820000000001315        0.12307614936687651
36.84000000000131         0.12495125227740511
36.86000000000132         0.1277774028102971
36.880000000001345        0.13171256526928132
36.90000000000131         0.13699219270739776
36.92000000000132         0.1439470394318633
36.940000000001326        0.15302724875552026
36.96000000000133         0.16480427777009693
36.98000000000133         0.17987274640974388
37.00000000000132         0.19840991359660534
37.02000000000132         0.21907132850936284
37.0400000000013          0.2383481041185818
37.06000000000128         0.25294631756477676
37.08000000000128         0.2612736345570679
37.10000000000128         0.26391799417538214
37.12000000000128         0.26159158111901587
37.140000000001294        0.25361346730147283
37.160000000001304        0.23933668340771047
37.1800000000013          0.2204218536439811
37.200000000001324        0.20014356977262884
37.220000000001335        0.18201350964112636
37.24000000000135         0.1673725027867345
37.26000000000135         0.15603672891090065
37.28000000000135         0.1474055820392326
37.30000000000136         0.14090327560390645
37.32000000000136         0.13607687256600037
37.34000000000136         0.13259354363977852
37.360000000001364        0.13021795513669487
37.380000000001374        0.12879115600808747
37.40000000000137         0.1282151868155321
37.42000000000136         0.1284433933384456
37.440000000001376        0.12947575782154838
37.46000000000137         0.13135938111195744
37.48000000000138         0.1341927449467509
37.50000000000138         0.13813567592891055
37.52000000000139         0.14342501622689638
37.54000000000137         0.15039644106333544
37.56000000000138         0.15950839628158667
37.580000000001384        0.17134697415292344
37.60000000000138         0.1865302081963996
37.620000000001376        0.20526530478631458
37.64000000000137         0.22622539706961511
37.660000000001354        0.24586412286857992
37.68000000000133         0.26078963264577243
37.70000000000133         0.26933839428705436
37.720000000001335        0.2720629334409487
37.74000000000135         0.2696715329747687
37.76000000000134         0.2614680949469586
37.780000000001365        0.24690658629237955
37.80000000000137         0.227651099643386
37.820000000001386        0.20709813187737358
37.84000000000141         0.18879618725292707
37.8600000000014          0.1740674444592783
37.88000000000141         0.16269742824506198
37.90000000000141         0.15406177001270974
37.920000000001416        0.1475699036715661
37.94000000000142         0.14276054241213243
37.96000000000142         0.1392963398455529
37.98000000000144         0.1369398117801941
38.00000000000143         0.1355301091003751
38.02000000000143         0.13496903117633888
38.040000000001434        0.13520968948407647
38.06000000000142         0.1362522366753834
38.08000000000144         0.13814387827705618
38.10000000000144         0.14098359794901966
38.12000000000144         0.14493213790163825
38.14000000000144         0.15022817988019208
38.16000000000146         0.1572111022225865
38.180000000001435        0.1663465796990027
38.20000000000144         0.17823411698512504
38.22000000000144         0.19351436022188834
38.240000000001444        0.21242549166395147
38.260000000001426        0.2336511881397322
38.28000000000141         0.2536791333677857
38.30000000000139         0.2689138600791407
38.32000000000139         0.27765798515992984
38.340000000001375        0.28045748194707265
38.36000000000139         0.27800086664430196
38.38000000000142         0.26959486481976436
38.400000000001405        0.25473300068042476
38.42000000000143         0.23515366059627682
38.44000000000143         0.21434953574192447
38.46000000000144         0.1959000184590693
38.48000000000147         0.1811039807267989
38.50000000000146         0.16971480303998107
38.52000000000147         0.16108550717399137
38.54000000000146         0.15461110350496543
38.56000000000147         0.14982305255782263
38.580000000001476        0.14638067778947156
38.60000000000147         0.1440445019838599
38.62000000000149         0.1426534174856707
38.64000000000148         0.1421083915045257
38.66000000000148         0.14236236405047087
38.68000000000148         0.14341545670155875
38.70000000000149         0.14531496467807006
38.720000000001484        0.14816015079037484
38.74000000000149         0.15211242314609458
38.7600000000015          0.1574118924285394
38.7800000000015          0.1644008966543657
38.8000000000015          0.17355017456408858
38.82000000000149         0.18546792418620417
38.84000000000149         0.20081399675308267
38.86000000000148         0.21986512913330616
38.88000000000147         0.241373547910394
38.90000000000146         0.26172952840772123
38.92000000000145         0.27727627550307615
38.940000000001454        0.28623793463975317
38.960000000001436        0.2891179779525494
38.980000000001446        0.2865988199945024
39.00000000000145         0.2779936796588982
39.02000000000146         0.26283977568914607
39.04000000000148         0.2429530992122696
39.06000000000148         0.22192008301784988
39.0800000000015          0.20332642864914144
39.10000000000152         0.18849243719822203
39.120000000001525        0.17710164880835755
39.14000000000153         0.1684873972655489
39.160000000001524        0.16203548457241795
39.18000000000151         0.15727212065419077
39.20000000000153         0.15385366642951856
39.22000000000154         0.15153931889210823
39.24000000000154         0.1501674058697774
39.26000000000155         0.1496386783716939
39.28000000000154         0.1499060186813708
39.30000000000153         0.15096957024943594
39.32000000000154         0.15287671684736923
39.340000000001545        0.15572728871368002
39.36000000000155         0.15968263212667805
39.38000000000155         0.164984062507607
39.40000000000157         0.17197600105070254
39.42000000000155         0.1811344425528567
39.440000000001554        0.193079388789707
39.460000000001564        0.2084906744449561
39.48000000000154         0.22767693100571934
39.50000000000152         0.24942001325782445
39.52000000000151         0.2700930118589268
39.540000000001505        0.2859503200163366
39.56000000000149         0.2951324313419179
39.58000000000149         0.2980930044485016
39.600000000001494        0.295504830064713
39.6200000000015          0.2867174285282219
39.64000000000151         0.2712777501690495
39.660000000001524        0.2510524836712631
39.680000000001534        0.22979255822769618
39.70000000000155         0.211123159174048
39.72000000000156         0.19625355566325312
39.74000000000157         0.18486522175787365
39.760000000001575        0.17627071555441057
39.780000000001586        0.16984494802681613
39.800000000001575        0.16510869615552426
39.820000000001585        0.1617157610847861
39.84000000000159         0.15942428830899952
39.860000000001584        0.15807224249912388
39.880000000001594        0.1575602882748657
39.9000000000016          0.15784134369239064
39.92000000000159         0.15891560825813558
39.9400000000016          0.1608304759044833
39.96000000000159         0.16368548668406221
39.980000000001596        0.16764268706694074
40.0000000000016          0.17294370986186905
40.0200000000016          0.179934436855681
40.04000000000161         0.1890945430782525
40.0600000000016          0.20105255399713973
40.080000000001604        0.21650604742390006
40.1000000000016          0.2357944042460533
40.12000000000159         0.25773437565891766
40.14000000000158         0.2786968272803186
40.16000000000156         0.29483686165936746
40.18000000000155         0.3042673993089374
40.20000000000156         0.30731533015455587
40.220000000001555        0.3046497045471751
40.24000000000156         0.2956405578411603
40.26000000000159         0.27990930321377805
40.28000000000158         0.2594165294434165
40.3000000000016          0.2379881252105694
40.32000000000161         0.21924865850821468
40.34000000000162         0.20437011506310368
40.36000000000164         0.19300188143451813
40.38000000000163         0.18443820745130532
40.400000000001654        0.17804529424513055
40.420000000001636        0.1733402922004264
40.44000000000164         0.16997538410640056
40.460000000001635        0.16770927099449176
40.480000000001645        0.16637942835593872
40.50000000000167         0.16588670979756562
40.520000000001644        0.1661842093630186
40.540000000001655        0.1672722709770619
40.56000000000165         0.1691984323438167
40.580000000001654        0.17206229872381415
40.600000000001664        0.1760259998351482
40.62000000000165         0.18133143905915133
40.640000000001656        0.1883254063494486
40.66000000000166         0.19749022416700282
40.68000000000167         0.20946125115839953
40.70000000000165         0.22495163125305906
40.72000000000165         0.24435939148704153
40.74000000000163         0.26646506811259496
40.76000000000163         0.2876642795751129
40.780000000001614        0.3041367048366114
40.8000000000016          0.3137991768011492
40.8200000000016          0.3169365916816734
40.8400000000016          0.3141906109447346
40.86000000000161         0.30496427628371425
40.88000000000162         0.2889566703611315
40.90000000000164         0.26823200043939033
40.92000000000166         0.24668549524018038
40.94000000000168         0.22793099244045326
40.96000000000168         0.21309776138388226
40.98000000000169         0.2018030252234915
41.0000000000017          0.19332145672016915
41.0200000000017          0.18701580124759434
41.0400000000017          0.18240083226047984
41.0600000000017          0.1791293197277974
41.080000000001704        0.17696028613872636
41.10000000000171         0.1757333310024249
41.12000000000171         0.17535108016512538
41.14000000000172         0.1757685439826344
41.160000000001716        0.1769881066431148
41.18000000000171         0.17905945073103774
41.20000000000172         0.18208437788687032
41.22000000000173         0.18622720872170023
41.24000000000172         0.19173208343704742
41.260000000001725        0.19894768341359273
41.28000000000174         0.20836207779194457
41.300000000001724        0.22061795245674873
41.32000000000173         0.23644383526243007
41.34000000000172         0.25622807868849
41.36000000000169         0.27883029029772555
41.380000000001665        0.30063081699093525
41.40000000000166         0.3177210503926674
41.42000000000166         0.3278830003082942
41.44000000000165         0.3313058665835596
41.460000000001656        0.3286129096054218
41.48000000000166         0.31930876605172387
41.50000000000168         0.30326120353127534
41.520000000001694        0.2827242273037653
41.54000000000171         0.26172334571442557
41.560000000001715        0.2437664282386667
41.58000000000174         0.22993515097352554
41.60000000000174         0.21979034908965311
41.62000000000175         0.21258287524918829
41.640000000001756        0.20767071052785363
41.66000000000175         0.20458303154179958
41.680000000001755        0.20299615592509238
41.70000000000176         0.20270009590088078
41.72000000000176         0.20357263156674957
41.740000000001764        0.20556231256630528
41.75                     0.20697716864444335
