% Model:              ModelBH2CR.mph
% Version:            COMSOL 5.6.0.280
% Date:               Oct 15 2021, 11:45
% Dimension:          1
% Nodes:              994
% Expressions:        1
% Description:        线图
% cln1x                   Height
49.24999999999999         0.2949645782403039
49.260000000000076        0.29354414361115233
49.280000000000086        0.29280192700024743
49.300000000000104        0.2949162168496897
49.32000000000011         0.30009163679533923
49.34000000000012         0.3087046673853455
49.36000000000011         0.32133769790363204
49.38000000000013         0.33882313683462767
49.400000000000134        0.36228366344547824
49.420000000000144        0.3931113578903002
49.440000000000154        0.4326787927703382
49.460000000000164        0.4812481481167155
49.48000000000015         0.5346577537360255
49.50000000000016         0.5834916964054463
49.520000000000174        0.6196837352942344
49.540000000000205        0.6396139056249117
49.560000000000194        0.6454115431180419
49.58000000000019         0.6390855909337525
49.60000000000019         0.618586709772862
49.62000000000021         0.5816455051563086
49.6400000000002          0.5316780553635612
49.66000000000021         0.4769440730279721
49.680000000000234        0.42697769846474315
49.70000000000021         0.38573227131261434
49.72000000000022         0.35306574815258723
49.74000000000024         0.3276153097488358
49.760000000000254        0.30798055501105814
49.78000000000025         0.2930187148646996
49.80000000000025         0.28186422014851636
49.82000000000027         0.27389243327693147
49.840000000000266        0.2686743704764926
49.86000000000028         0.2659416950596652
49.88000000000028         0.265563745577682
49.90000000000029         0.267536163946375
49.92000000000031         0.2719807275590116
49.940000000000296        0.2791559299360314
49.96000000000031         0.28947883292096244
49.98000000000032         0.3035588017905672
50.00000000000033         0.32223992897210807
50.02000000000034         0.34665010234298343
50.04000000000033         0.37816477817165395
50.060000000000365        0.4181205009665062
50.08000000000035         0.4666148458261057
50.10000000000036         0.5196385521119873
50.12000000000035         0.5678582798645148
50.140000000000356        0.6034663734520351
50.160000000000366        0.6230171506530292
50.18000000000036         0.6287231267522666
50.20000000000038         0.6226246469264727
50.22000000000038         0.6027169329752885
50.240000000000386        0.5667081871106455
50.260000000000396        0.5178888786243719
50.280000000000406        0.4643679771706562
50.300000000000416        0.4153232527902941
50.320000000000405        0.3747851116188132
50.34000000000043         0.3426661544129325
50.36000000000043         0.3176387893311196
50.38000000000044         0.2983317787808638
50.400000000000446        0.2836259250120871
50.42000000000046         0.2726764921975225
50.44000000000047         0.2648734581336106
50.46000000000046         0.2597978072991468
50.48000000000047         0.25718768009403703
50.500000000000476        0.25691636720171807
50.520000000000486        0.2589815171353056
50.54000000000049         0.26350488432208136
50.56000000000051         0.2707411398627403
50.58000000000051         0.2811042189983222
50.60000000000052         0.29519350930057703
50.62000000000053         0.3138401436176155
50.640000000000526        0.3381444986175609
50.66000000000054         0.369452987021807
50.68000000000056         0.4090647315280846
50.70000000000054         0.4570470613563262
50.72000000000055         0.5094010105810725
50.740000000000556        0.5568968932549724
50.76000000000056         0.5919003171265523
50.78000000000056         0.6110680376464792
50.800000000000566        0.6166490837237434
50.82000000000058         0.6106785634636478
50.84000000000057         0.5911104012209395
50.860000000000575        0.5556931940637998
50.88000000000058         0.5077781859596767
50.9000000000006          0.45499334369365035
50.92000000000062         0.4065604867602571
50.94000000000062         0.366480094154443
50.96000000000063         0.3346903914634095
50.980000000000636        0.30989704215890873
51.00000000000064         0.29075729181278287
51.02000000000065         0.27617323045187114
51.04000000000065         0.26531508151192146
51.06000000000068         0.2575829488627545
51.080000000000666        0.2525644084732629
51.10000000000067         0.2500017122910599
51.12000000000067         0.24976957427190571
51.14000000000069         0.2518662470456634
51.16000000000069         0.2564119059997601
51.1800000000007          0.2636590805647591
51.20000000000071         0.2740133767015891
51.22000000000071         0.2880653691288882
51.24000000000071         0.3066317168165629
51.26000000000073         0.3307922723765088
51.28000000000072         0.3618666698341333
51.30000000000074         0.4011235644013933
51.32000000000075         0.4486050247530462
51.34000000000075         0.500322065769948
51.36000000000075         0.5471393631600961
51.380000000000734        0.5816447369204921
51.40000000000074         0.6003992844945196
51.42000000000074         0.6058632671011488
51.440000000000765        0.6000113490111016
51.46000000000077         0.5808059163267485
51.48000000000077         0.5459702132525159
51.50000000000078         0.49876968007250516
51.52000000000079         0.4466761875067308
51.540000000000816        0.3988120242856919
51.56000000000083         0.35916083290259665
51.58000000000084         0.32768224605480406
51.60000000000083         0.3031110879246348
51.62000000000085         0.2841300953774657
51.64000000000084         0.26966072450686573
51.66000000000085         0.25888838351175086
51.68000000000085         0.2512193480103478
51.70000000000087         0.2462494132722
51.72000000000089         0.2437244252339587
51.74000000000088         0.24352138786237268
51.760000000000886        0.2456382151024061
51.7800000000009          0.25019350357580894
51.800000000000885        0.25743628597905
51.82000000000092         0.2677662481127931
51.840000000000906        0.28176482410983444
51.860000000000916        0.3002353567462691
51.880000000000926        0.3242391837830357
51.90000000000094         0.35507187556265224
51.92000000000093         0.39391445036526646
51.94000000000094         0.44088184811598535
51.960000000000946        0.4920708205274303
51.98000000000094         0.5383820317950876
52.00000000000094         0.572262047577323
52.020000000000934        0.5906995137253597
52.04000000000095         0.5960639608445955
52.06000000000094         0.5903239798136651
52.08000000000096         0.5714538817201031
52.10000000000098         0.5371558672447481
52.12000000000098         0.4906185561684082
52.140000000000995        0.43917130841730356
52.160000000001           0.3918435305503421
52.18000000000104         0.35260133010046174
52.20000000000103         0.321417076717176
52.22000000000105         0.29706822407562067
52.24000000000106         0.27824411187371856
52.26000000000104         0.2638872090758849
52.28000000000106         0.25319556754146866
52.30000000000107         0.24558798957087394
52.32000000000107         0.24066420182247025
52.34000000000109         0.23817364875817112
52.36000000000108         0.23799509509562028
52.380000000001104        0.24012660303036265
52.40000000000111         0.24468532361222425
52.42000000000112         0.25191707020798454
52.44000000000114         0.26221614664170534
52.46000000000112         0.2761558117719262
52.48000000000113         0.2945284516948341
52.50000000000115         0.31837106777410396
52.52000000000115         0.3489529846698909
52.54000000000114         0.38748456135835063
52.560000000001146        0.43399747941989486
52.58000000000116         0.4846242291649706
52.600000000001124        0.5303462634139263
52.62000000000113         0.563745292729199
52.64000000000112         0.5818833471553978
52.66000000000113         0.5871500522224858
52.68000000000113         0.5815052123581083
52.700000000001125        0.5629326795229872
52.72000000000114         0.529120652282073
52.74000000000116         0.483180858795307
52.760000000001185        0.43226068260749395
52.7800000000012          0.3854670918285508
52.80000000000121         0.3466519876962636
52.82000000000125         0.3157795773566812
52.84000000000124         0.29164001679804746
52.86000000000126         0.27296706354987743
52.880000000001246        0.25871958479244506
52.90000000000125         0.24810755528342654
52.92000000000126         0.24055809309493492
52.94000000000126         0.23567646508252058
52.96000000000128         0.2332155060194251
52.98000000000128         0.23305562437783323
53.00000000000127         0.23519498105370873
53.02000000000129         0.23975022050739922
53.0400000000013          0.24696272172115874
53.06000000000132         0.2572221139202161
53.08000000000131         0.2710936599908879
53.10000000000133         0.28935669114675794
53.120000000001326        0.3130377025704651
53.14000000000133         0.34338398560646194
53.16000000000133         0.38158371762775695
53.180000000001336        0.42765371967617083
53.20000000000134         0.4777429137398394
53.22000000000133         0.5229131973766998
53.24000000000134         0.5558677468072057
53.26000000000132         0.573734811238791
53.28000000000132         0.5789198145113365
53.300000000001326        0.5733786603601483
53.32000000000134         0.5551601868328095
53.34000000000136         0.5218712303941125
53.360000000001385        0.4764020970133427
53.38000000000139         0.4260434976306824
53.400000000001405        0.3797168631579392
53.420000000001416        0.34126214763535023
53.440000000001426        0.3106577715683296
53.460000000001436        0.2867141248138231
53.48000000000145         0.26818334999843246
53.500000000001464        0.2540387737796617
53.52000000000147         0.24350100664742244
53.54000000000147         0.2360046507665926
53.56000000000147         0.2311595419838939
53.58000000000149         0.22872276814662285
53.60000000000149         0.2285753807507377
53.62000000000149         0.2307155836809922
53.6400000000015          0.23525769272942212
53.66000000000151         0.24244138284754843
53.680000000001506        0.2526508416804509
53.700000000001516        0.26644412404189194
53.720000000001534        0.28459042629570497
53.74000000000154         0.30810221400679305
53.76000000000154         0.33820866802169697
53.78000000000154         0.37607787360943323
53.80000000000154         0.42171347366718714
53.82000000000152         0.4712796155225398
53.840000000001524        0.5158000869755301
53.860000000001506        0.5483761453342361
53.880000000001495        0.5660368955518505
53.90000000000151         0.5711402777212801
53.920000000001515        0.5656882732891431
53.94000000000152         0.5477415821979592
53.96000000000155         0.5148947584192733
53.98000000000156         0.46997756392314083
54.000000000001606        0.4201646317217941
54.020000000001595        0.3742996407047913
54.040000000001605        0.3362046675324632
54.060000000001615        0.3058697278674683
54.080000000001625        0.28212420082951384
54.10000000000166         0.26373781169045935
54.120000000001646        0.24969588159714914
54.14000000000165         0.23923368943917628
54.16000000000166         0.2317905803866103
54.18000000000168         0.22698162926556356
54.20000000000168         0.22456571486864704
54.22000000000169         0.2244261098033015
54.24000000000169         0.22656095866357792
54.260000000001696        0.23108308489428198
54.28000000000169         0.2382290906089628
54.30000000000171         0.24837821756146744
54.3200000000017          0.2620812937447417
54.340000000001744        0.2800975223308284
54.36000000000174         0.3034259386793039
54.380000000001736        0.33330189694637474
54.40000000000174         0.3708631652430087
54.42000000000174         0.4160792647247387
54.44000000000174         0.4650437474983463
54.4600000000017          0.5090355342873657
54.48000000000171         0.5411981544460306
54.50000000000172         0.5586101817545295
54.52000000000173         0.5636384890546543
54.54000000000171         0.558275969125759
54.560000000001736        0.540594678805712
54.58000000000174         0.5081798032853043
54.600000000001764        0.4638036734718398
54.620000000001816        0.4145284985564607
54.640000000001805        0.36912142065256315
54.66000000000182         0.33140904284258643
54.680000000001826        0.30132778278361527
54.700000000001836        0.27777718241932486
54.72000000000186         0.25953683704156505
54.740000000001864        0.2456039973847526
54.76000000000186         0.23521818818889254
54.780000000001856        0.22782789413134918
54.800000000001866        0.22305290114971701
54.82000000000188         0.22065495779963884
54.84000000000189         0.22051865723797906
54.860000000001904        0.22264206001995496
54.8800000000019          0.22713650573905805
54.9000000000019          0.2342355779498696
54.920000000001934        0.24431369375897732
54.940000000001916        0.2579124725382303
54.960000000001955        0.27578721245751026
54.98000000000194         0.29892562995262595
55.00000000000195         0.32853067877896797
55.020000000001936        0.3657399587954241
55.040000000001946        0.41050682034056785
55.060000000001935        0.4589413623114744
55.080000000001924        0.502397249157589
55.10000000000192         0.5341320572289573
55.12000000000192         0.5512810367131
55.140000000001905        0.556225269130518
55.16000000000192         0.5509481152948918
55.18000000000193         0.5335312102239361
55.20000000000194         0.5014373286429358
55.22000000000198         0.45772221479314595
55.24000000000201         0.40906803290184135
55.260000000002016        0.3641026943008374
55.280000000002026        0.3267005158504407
55.30000000000206         0.296899439638955
55.320000000002054        0.27355763725568155
55.34000000000207         0.25547072448776953
55.36000000000208         0.24164878164137563
55.380000000002084        0.23134089103937838
55.400000000002066        0.2240023177269467
55.42000000000209         0.219257380760861
55.4400000000021          0.21687052927854364
55.46000000000211         0.21672749476709333
55.48000000000213         0.21882553619144043
55.500000000002125        0.223274864957779
55.52000000000214         0.23030554609619497
55.54000000000214         0.24028690379820108
55.56000000000215         0.25375568857799663
55.580000000002165        0.27145248325170723
55.60000000000216         0.2943536639438155
55.62000000000217         0.3236461121698525
55.64000000000217         0.3604508976688836
55.660000000002164        0.4047126659208121
55.68000000000215         0.4525640137033172
55.70000000000214         0.49544228937576773
55.72000000000212         0.5267214478330987
55.740000000002105        0.5435941747807109
55.7600000000021          0.5484516487126481
55.780000000002104        0.5432654454807433
55.80000000000213         0.526074934931415
55.82000000000214         0.4945015825773768
55.84000000000217         0.45137097263893305
55.86000000000221         0.4033064562938612
55.88000000000223         0.3588521332965075
55.90000000000223         0.32185910925186684
55.920000000002254        0.2923733861312029
55.94000000000226         0.2692698143440969
55.960000000002275        0.25136008106642954
55.98000000000227         0.2376671899527598
56.000000000002295        0.2274499156408325
56.02000000000229         0.2201713103715898
56.04000000000231         0.21545829842498554
56.06000000000232         0.21307937983330535
56.080000000002315        0.21292128963666804
56.10000000000234         0.2149812699113781
56.12000000000233         0.2193668812558486
56.14000000000233         0.2263047050666265
56.16000000000235         0.23615844321590349
56.180000000002345        0.24945684856883563
56.200000000002376        0.26692962169211215
56.22000000000237         0.289538981844231
56.24000000000237         0.31845481823985533
56.26000000000235         0.3547814464610414
56.28000000000235         0.3984569333150013
56.300000000002356        0.4456396604468318
56.32000000000234         0.4879821156716864
56.34000000000232         0.5186945702575869
56.36000000000231         0.5352024262168926
56.38000000000231         0.5399620729926463
56.40000000000232         0.5348784652673514
56.420000000002354        0.5180032541232527
56.44000000000235         0.48694778517891724
56.460000000002374        0.44447516166510764
56.4800000000024          0.39708106079732575
56.50000000000243         0.35321544868104143
56.520000000002454        0.316701347238111
56.54000000000246         0.28759167940290564
56.560000000002475        0.2647782229696928
56.5800000000025          0.2470912837993088
56.60000000000249         0.23356303974954026
56.62000000000249         0.22346451115078192
56.64000000000251         0.21626575965536066
56.66000000000251         0.21160102485231697
56.68000000000252         0.20924072878055372
56.700000000002525        0.20907305638934665
56.72000000000254         0.21109493449296446
56.74000000000253         0.21541194939021055
56.76000000000256         0.2222469711055064
56.78000000000255         0.23195797632684795
56.800000000002555        0.24506556243398864
56.82000000000258         0.2622883494906744
56.84000000000256         0.28456882169178194
56.86000000000257         0.3130528482486488
56.880000000002575        0.34882305720159984
56.90000000000257         0.3918404853041755
56.92000000000255         0.4383859601142798
56.94000000000255         0.4800253916132398
56.96000000000253         0.5101877498061521
56.98000000000252         0.526363758144654
57.000000000002515        0.5310186197205317
57.02000000000251         0.5260436874921376
57.04000000000255         0.5095046197031552
57.06000000000255         0.4790028269390767
57.080000000002585        0.4372362966933737
57.100000000002616        0.39056593197894746
57.12000000000265         0.34728437518048977
57.14000000000267         0.3113303316391926
57.16000000000268         0.28265540985860654
57.180000000002686        0.26017351383671267
57.20000000000273         0.24273639616179193
57.2200000000027          0.22939796655051772
57.24000000000271         0.21943936689019192
57.26000000000271         0.21233849300062835
57.28000000000271         0.20773488161699813
57.30000000000274         0.20540222369493244
57.32000000000274         0.20523041747699117
57.34000000000276         0.2072165555024631
57.36000000000275         0.21146447672276936
57.38000000000277         0.21819332369483133
57.400000000002784        0.22775715566136237
57.42000000000277         0.24066467822718646
57.44000000000279         0.25762343891918416
57.4600000000028          0.2795634993969857
57.4800000000028          0.3076134163677493
57.5000000000028          0.3428381288565706
57.52000000000279         0.3851938101716243
57.54000000000277         0.43099575953108826
57.560000000002745        0.47191541549736093
57.58000000000272         0.5015194568088615
57.60000000000271         0.5173633556992902
57.62000000000272         0.5219165463029815
57.6400000000027          0.5170551421265435
57.66000000000275         0.5009156149259
57.680000000002764        0.47103847969121565
57.70000000000278         0.4298859452193562
57.72000000000283         0.38388471954353554
57.74000000000285         0.34134580280982485
57.76000000000287         0.30593982508490036
57.78000000000289         0.2777019951615419
57.80000000000289         0.2555626533845243
57.82000000000292         0.23839075472044702
57.84000000000291         0.22525460401667582
57.86000000000291         0.21544638981180728
57.88000000000292         0.2084520565379126
57.90000000000294         0.20391665460554093
57.92000000000294         0.20161722991788533
57.940000000002954        0.2014453214434815
57.96000000000297         0.2033979696198368
57.98000000000297         0.2075775965249224
58.00000000000297         0.21420006979117143
58.02000000000298         0.2236117942741353
58.04000000000298         0.23631647227785038
58.06000000000301         0.2530090993414005
58.080000000003004        0.27460528167821113
58.10000000000301         0.30221631573998453
58.120000000003           0.3368904847201269
58.14000000000299         0.3785795242153152
58.16000000000298         0.423634131914615
58.180000000002956        0.4638325160851978
58.20000000000292         0.49287859701686454
58.22000000000292         0.5083905854380285
58.240000000002915        0.5128436880009247
58.26000000000293         0.5080952078460114
58.28000000000294         0.49229606319341035
58.30000000000295         0.4629859524900604
58.320000000003           0.4225617284805012
58.340000000003016        0.3773129296872699
58.36000000000305         0.33544544746157
58.380000000003086        0.3005951199069668
58.40000000000309         0.27280121580524297
58.42000000000311         0.2510105698770619
58.44000000000313         0.2341093734392394
58.46000000000312         0.2211803220091841
58.48000000000312         0.21152537482686948
58.50000000000313         0.2046416133164541
58.52000000000315         0.20017780117585005
58.540000000003154        0.1979144712388866
58.56000000000316         0.19774461462526322
58.580000000003174        0.19966513611125128
58.60000000000316         0.2037767628677836
58.62000000000318         0.2102921888501094
58.640000000003184        0.21955268606229092
58.660000000003194        0.232054030723391
58.68000000000321         0.2484801791514915
58.7000000000032          0.26973242390622315
58.72000000000321         0.2969050049722508
58.74000000000321         0.33102985204884716
58.760000000003195        0.3721308531063085
58.780000000003184        0.41636442558506764
58.80000000000315         0.45573858480665774
58.82000000000311         0.48429287752428934
58.84000000000314         0.499534987393489
58.860000000003126        0.5038888853061773
58.88000000000313         0.4992497819129662
58.90000000000316         0.48378500287011494
58.92000000000317         0.4550334499094446
58.9400000000032          0.4153299640785064
58.96000000000325         0.37083022677015803
58.98000000000325         0.32963331086732695
59.00000000000328         0.2953381435509647
59.0200000000033          0.26798786944090003
59.04000000000332         0.24654521752004477
59.06000000000334         0.22991365213060627
59.08000000000333         0.21719220396320804
59.10000000000334         0.2076939444190918
59.120000000003344        0.20092057416890324
59.140000000003354        0.19652821769008694
59.16000000000335         0.19430088248529873
59.18000000000336         0.19413319667397275
59.20000000000338         0.19602194743550494
59.22000000000338         0.2000659255437196
59.240000000003384        0.20647407351713723
59.26000000000339         0.215582274016407
59.2800000000034          0.22787880576978062
59.30000000000338         0.2440361962925936
59.320000000003425        0.2649486620715415
59.34000000000343         0.29169754900782086
59.36000000000342         0.32530352697917797
59.380000000003406        0.3656830384987022
59.40000000000338         0.40917741025605825
59.42000000000337         0.4478515976898984
59.44000000000334         0.4758711978769966
59.46000000000334         0.49080130795205673
59.48000000000333         0.4950598350240364
59.500000000003325        0.4905209574918976
59.52000000000335         0.4753711056022205
59.540000000003374        0.447158818313969
59.560000000003406        0.4081625549667139
59.580000000003444        0.3644858119086603
59.600000000003476        0.3239443659973067
59.6200000000035          0.2901762013821374
59.64000000000353         0.26325572727153623
59.66000000000352         0.24215828801646375
59.680000000003524        0.22579856731683212
59.70000000000354         0.2132850841507488
59.72000000000355         0.2039420474960223
59.74000000000355         0.19727927435845682
59.76000000000356         0.19295849883622654
59.78000000000356         0.1907672399972812
59.800000000003564        0.19060180581899053
59.82000000000358         0.19245894688668416
59.840000000003585        0.1964356524601481
59.8600000000036          0.20273579622037374
59.880000000003584        0.21169137779044683
59.9000000000036          0.22378206786016722
59.92000000000362         0.23967155260443804
59.940000000003614        0.2602354596979527
59.96000000000364         0.28653933912743157
59.98000000000365         0.3195867719612772
60.00000000000362         0.35929279567468014
60.0200000000036          0.40204843084646735
60.04000000000358         0.44004011868219883
60.06000000000355         0.46754879937211485
60.080000000003544        0.4821907704788613
60.100000000003526        0.4863635000625121
60.12000000000353         0.48191499314304403
60.140000000003546        0.46700393943953805
60.16000000000358         0.4392486743885886
60.1800000000036          0.40104774511439684
60.20000000000365         0.358121517667587
60.22000000000368         0.3182616720707428
60.2400000000037          0.28505822957740495
60.260000000003714        0.25858737178903113
60.280000000003724        0.23784210985690957
60.30000000000373         0.22175534287454995
60.32000000000375         0.20945047599441255
60.34000000000376         0.20026302039134236
60.36000000000376         0.193711039422458
60.38000000000376         0.18946200887059295
60.40000000000378         0.18730718244929148
60.42000000000378         0.1871441064290632
60.440000000003806        0.1889698936031501
60.460000000003795        0.19287978425281022
60.48000000000381         0.1990753303122702
60.50000000000382         0.20788064117130384
60.520000000003805        0.21976760545160046
60.54000000000382         0.2353884958217763
60.56000000000382         0.25560457531342934
60.58000000000384         0.28146370533170034
60.60000000000383         0.313952305893088
60.620000000003834        0.3529849791575005
60.6400000000038          0.39500722897256585
60.660000000003784        0.432331976777786
60.680000000003744        0.4594003457511963
60.70000000000374         0.4737202488580093
60.72000000000373         0.47781511899580914
60.74000000000374         0.4734562108615052
60.76000000000376         0.45882990853343275
60.78000000000378         0.4315788648232602
60.80000000000382         0.39405370827349734
60.820000000003866        0.3518645512353747
60.8400000000039          0.31267877032381214
60.860000000003915        0.28003436257217246
60.880000000003925        0.25400882366167543
60.900000000003956        0.2336125128004304
60.920000000003974        0.21779625003139153
60.94000000000397         0.20569989504988917
60.96000000000397         0.19666627460134534
60.980000000003976        0.1902238037981012
61.000000000003986        0.1860456173411837
61.02000000000399         0.1839263873866178
61.04000000000399         0.18376593924300294
61.06000000000403         0.1855610955092014
61.08000000000401         0.18940544350255317
61.10000000000402         0.1954970416247623
61.12000000000403         0.20415437951785648
61.140000000004044        0.21584106092826266
61.16000000000406         0.2311977690664355
61.18000000000405         0.25107079547865063
61.20000000000407         0.27649042932042467
61.220000000004056        0.30837439265697364
61.24000000000403         0.3467221944663666
61.260000000004           0.3880973565379314
61.28000000000399         0.4248743418334573
61.300000000003955        0.4513560212022045
61.320000000003944        0.4654174982098039
61.340000000003926        0.4694389933099458
61.360000000003936        0.46516393737843076
61.380000000003946        0.45080702416302243
61.40000000000398         0.42404292754559675
61.42000000000402         0.38717667755835383
61.44000000000406         0.34571458029993424
61.460000000004094        0.3071975037212967
61.48000000000412         0.27510824582870624
61.50000000000414         0.24951990534825022
61.52000000000417         0.2294751839574531
61.540000000004156        0.2139283814327495
61.56000000000417         0.2020353066509709
61.58000000000418         0.19315492007227475
61.60000000000419         0.18682180165923476
61.62000000000419         0.1827146440495606
61.64000000000419         0.18063162654952208
61.6600000000042          0.18047431747064813
61.68000000000423         0.18223971076742165
61.700000000004216        0.18601995321930875
61.72000000000422         0.1920097576091135
61.74000000000423         0.20052213511532452
61.76000000000425         0.2120145654344759
61.78000000000425         0.2271116354547788
61.800000000004246        0.24664362097245895
61.820000000004256        0.2716170486488585
61.84000000000427         0.302980324040512
61.86000000000425         0.3406757597721329
61.88000000000421         0.3813426142839861
61.900000000004205        0.41748223287992586
61.92000000000415         0.4435002833008255
61.940000000004154        0.4573120367490982
61.960000000004136        0.4612630352557598
61.98000000000414         0.4570687180209074
62.000000000004164        0.4429720841692955
62.02000000000419         0.41668117163291857
62.04000000000423         0.38046148690924725
62.06000000000425         0.33963781163351503
62.0800000000043          0.3017957447123348
62.100000000004336        0.27028216652767184
62.12000000000435         0.24514841793074876
62.14000000000436         0.22544381834417654
62.160000000004366        0.2101606890825827
62.18000000000437         0.198469255051043
62.200000000004394        0.18973950339591172
62.22000000000439         0.18351404096743498
62.24000000000439         0.17947706029144853
62.260000000004396        0.17743011925982782
62.28000000000441         0.17727638118261713
62.30000000000443         0.17901291000112865
62.32000000000443         0.18273118952192297
62.34000000000444         0.188621745742396
62.36000000000444         0.19699272965552464
62.38000000000445         0.20829164191446672
62.400000000004454        0.22313616470032172
62.420000000004464        0.24234055781347252
62.440000000004474        0.2668938056172585
62.46000000000446         0.29772783993892116
62.48000000000446         0.3347854652716666
62.50000000000443         0.3747609154632897
62.52000000000438         0.4102808068681798
62.540000000004355        0.4358497841210315
62.56000000000434         0.4494213655301347
62.580000000004354        0.45330562995390045
62.60000000000432         0.4491903785078412
62.62000000000435         0.43539391094477115
62.64000000000437         0.40961751131036644
62.66000000000442         0.3739192460203685
62.6800000000045          0.33379132579806187
62.700000000004515        0.29659047249388726
62.720000000004546        0.2656098017364766
62.740000000004585        0.24090067035783772
62.760000000004545        0.22152860416203843
62.780000000004584        0.20650319743749027
62.80000000000459         0.19500895845071078
62.8200000000046          0.1864266674627194
62.84000000000463         0.18030673802038719
62.86000000000459         0.17633836223519467
62.88000000000464         0.17432752596433804
62.90000000000462         0.17417832067680186
62.92000000000464         0.1758877896013012
62.94000000000463         0.17954507851367732
62.96000000000465         0.1853387220381773
62.98000000000466         0.19357154532256501
63.00000000000465         0.20468369597029687
63.020000000004686        0.21928244987999782
63.040000000004675        0.2381682530330464
63.06000000000467         0.2623131883851175
63.08000000000469         0.292633018122382
63.10000000000467         0.32907078047139143
63.12000000000463         0.36837461632602136
63.140000000004584        0.4031904340197859
63.16000000000456         0.4283794028048011
63.180000000004554        0.4417674624065642
63.20000000000454         0.4455883111335625
63.22000000000454         0.44154920763896216
63.24000000000457         0.42799563772655225
63.26000000000459         0.4026631695482575
63.28000000000464         0.36757259471178566
63.3000000000047          0.32812133068458865
63.32000000000475         0.29154490507405956
63.34000000000476         0.2610832923821099
63.3600000000048          0.23678763532440567
63.38000000000476         0.217739449791511
63.40000000000479         0.20296345969631363
63.42000000000479         0.1916617267107884
63.440000000004815        0.18322386378726846
63.46000000000482         0.17720755958283924
63.48000000000481         0.17330757419381984
63.50000000000483         0.1713321723907561
63.520000000004806        0.17118779911637755
63.540000000004845        0.1728715570176673
63.56000000000485         0.1764710384933167
63.58000000000486         0.18217153051887866
63.60000000000486         0.19027090070100908
63.620000000004865        0.2012022674213103
63.640000000004875        0.21556305353669872
63.66000000000488         0.23414044529086506
63.68000000000489         0.2579097520629567
63.700000000004906        0.28776143502324053
63.72000000000486         0.323617644008308
63.740000000004834        0.3622016256661104
63.7600000000048          0.396443778484908
63.78000000000475         0.4212135529779404
63.80000000000476         0.4343788713695543
63.82000000000473         0.43813921599647854
63.84000000000476         0.4341743136911351
63.860000000004774        0.4208554571672633
63.88000000000479         0.39595201918418793
63.90000000000483         0.3614490813519989
63.920000000004904        0.3226523811557537
63.94000000000491         0.2866800745552096
63.96000000000496         0.256739791886937
63.980000000004964        0.23282922873832806
64.000000000005           0.2140892696493922
64.020000000005           0.1995571988252613
64.040000000005           0.18844197251729033
64.06000000000503         0.18014381953942243
64.08000000000503         0.17422769792754167
64.10000000000501         0.17039345860959987
64.12000000000504         0.1684526527476801
64.14000000000505         0.16831337448416075
64.16000000000507         0.16997281681671206
64.18000000000507         0.17351714638529897
64.20000000000508         0.17912855228839025
64.22000000000507         0.18709829681221643
64.24000000000507         0.1978554900247125
64.26000000000508         0.21198800226725034
64.28000000000512         0.23027313704306035
64.30000000000511         0.2536567645788092
64.32000000000511         0.28302884158628644
64.34000000000509         0.3183076798589398
64.36000000000507         0.3562681912589599
64.38000000000497         0.3899544546007802
64.40000000000497         0.4143214542213733
64.42000000000495         0.42727308567718764
64.44000000000494         0.43097533283144746
64.46000000000495         0.42708105995791457
64.48000000000496         0.4139867072748264
64.50000000000499         0.3893963477544435
64.52000000000506         0.35555344401758654
64.5400000000051          0.3174570609249011
64.56000000000513         0.28205019335425313
64.58000000000517         0.25254651154824403
64.6000000000052          0.22902222397206481
64.6200000000052          0.21058523157393697
64.64000000000522         0.1962885284638135
64.66000000000521         0.18535383507833678
64.68000000000524         0.1771910977144883
64.70000000000525         0.17137234083974745
64.72000000000524         0.16760227572863257
64.74000000000525         0.16569551653749587
64.76000000000526         0.16556177728895846
64.78000000000527         0.1671981401813437
64.80000000000527         0.1706899747314461
64.8200000000053          0.17621641873574412
64.84000000000529         0.18406565823644425
64.8600000000053          0.19465717409615382
64.88000000000532         0.2085706257252171
64.90000000000535         0.22657129440102686
64.9200000000053          0.24959027426415495
64.94000000000531         0.2785033771152088
64.9600000000053          0.3132297873280259
64.98000000000528         0.3505942366001678
65.0000000000052          0.3837496840413378
65.02000000000518         0.4077323611074316
65.04000000000514         0.4204803522066139
65.06000000000512         0.42412717422968055
65.08000000000514         0.4202998964470218
65.10000000000515         0.4073750837860645
65.12000000000519         0.38322585708751317
65.14000000000526         0.3499228016582904
65.16000000000531         0.31242978175753316
65.18000000000536         0.2775814866235426
65.20000000000539         0.2485425918994056
65.2200000000054          0.22538902796930999
65.2400000000054          0.20724307936716782
65.26000000000542         0.19317264715681803
65.28000000000543         0.18241172362138122
65.30000000000544         0.1743796082826276
65.32000000000548         0.16865580794512017
65.34000000000547         0.16494802098655553
65.3600000000055          0.16307487352679972
65.38000000000548         0.16294746959173467
65.40000000000548         0.164563390975658
65.42000000000549         0.16800648482924413
65.44000000000548         0.1734534764664261
65.4600000000055          0.1811881570129792
65.48000000000549         0.19162349927733602
65.5000000000055          0.20533012929325262
65.52000000000555         0.22306162090457227
65.5400000000055          0.24573511886312085
65.56000000000552         0.27421316629676207
65.5800000000055          0.3084158515152029
65.6000000000055          0.34521964440106506
65.62000000000542         0.3779648376602704
65.64000000000537         0.4015323218081624
65.66000000000535         0.41404277808739504
65.68000000000534         0.41763690763767936
65.70000000000535         0.4138735397843032
65.72000000000536         0.40115272542986563
65.74000000000541         0.3773780979936643
65.76000000000545         0.344587481001947
65.78000000000551         0.30766760559108197
65.80000000000555         0.27335029794251653
65.8200000000056          0.24475364572643005
65.84000000000562         0.2219531745085567
65.86000000000563         0.2040852141536284
65.88000000000561         0.1902317621470797
65.90000000000566         0.17963674952286743
65.92000000000564         0.1717293399852404
65.94000000000565         0.16609511230065666
65.96000000000566         0.162447993678665
65.98000000000566         0.16060834021676595
66.00000000000567         0.16048865172274185
66.02000000000568         0.16208658507064444
66.04000000000569         0.16548485485643374
66.06000000000569         0.17085789805262136
66.0800000000057          0.17848561320700432
66.10000000000572         0.1887749764311668
66.12000000000572         0.2022881840868562
66.14000000000574         0.21976335078342207
66.16000000000572         0.24209892510515016
66.18000000000572         0.27014135812843365
66.2000000000057          0.3038358592591225
66.2200000000057          0.3401718308468411
66.24000000000561         0.372444012910193
66.26000000000559         0.39567117544279945
66.28000000000556         0.408002023739438
66.30000000000555         0.4115475095151125
66.32000000000552         0.4078442873691252
66.34000000000557         0.39531504610146284
66.36000000000561         0.3718921876900138
66.38000000000565         0.3395828182603819
66.40000000000572         0.30320134281314404
66.42000000000576         0.2693376450768443
66.4400000000058          0.24118411673019713
66.46000000000578         0.21872974282996016
66.48000000000583         0.2011271211879816
66.50000000000584         0.18747692654632836
66.52000000000585         0.17703840115014555
66.54000000000586         0.1692490511210643
66.56000000000587         0.1637005215201444
66.58000000000587         0.16011094666485004
66.60000000000588         0.15830335468162166
66.6200000000059          0.1581915894685519
66.64000000000587         0.15977341614212945
66.66000000000591         0.16313042663508676
66.68000000000589         0.16843580776545183
66.70000000000591         0.17596414026711857
66.72000000000594         0.18611739935166494
66.74000000000594         0.19944906689473246
66.76000000000597         0.21668864397357626
66.78000000000594         0.23872208206134043
66.80000000000592         0.2663836402444315
66.82000000000592         0.2996192359587667
66.8400000000059          0.3354591313163449
66.86000000000581         0.36728977428258086
66.88000000000577         0.3901994339972025
66.90000000000575         0.4023628877759922
66.92000000000574         0.4058631117287516
66.94000000000575         0.4022160108785419
66.96000000000576         0.38990919649955497
66.98000000000582         0.3668646353827254
67.00000000000588         0.3349155704086225
67.02000000000592         0.2989718857900026
67.04000000000597         0.265636714891187
67.060000000006           0.23787202702481772
67.08000000000601         0.21572845071808094
67.10000000000603         0.19837025469849026
67.12000000000606         0.18491053721917666
67.14000000000607         0.17461880327656112
67.16000000000608         0.16694035079114608
67.1800000000061          0.16147248020777583
67.2000000000061          0.15793725717298362
67.2200000000061          0.1561602287719621
67.2400000000061          0.15605664408641062
67.2600000000061          0.15762441241693842
67.28000000000611         0.16094405242582058
67.30000000000614         0.16618546036215576
67.32000000000612         0.17362140774777735
67.34000000000614         0.183648249852314
67.36000000000614         0.19681243443985735
67.38000000000619         0.21383393287101
67.40000000000614         0.23558701652526493
67.42000000000617         0.2628949813218164
67.44000000000612         0.2957043661402878
67.46000000000612         0.33108340359598215
67.48000000000602         0.3625037013502028
67.50000000000597         0.38507444480267855
67.52000000000595         0.3971251951480467
67.54000000000595         0.40058357254208893
67.56000000000594         0.3969886459832532
67.58000000000598         0.38484658007229566
67.600000000006           0.3621064516877015
67.62000000000609         0.33057631090576095
67.64000000000613         0.2951015132773532
67.66000000000618         0.26220064118207703
67.68000000000619         0.23479820288165626
67.70000000000624         0.21294436761640506
67.72000000000625         0.19581424969625394
67.74000000000626         0.18253249986352485
67.76000000000627         0.17237815030588285
67.78000000000628         0.16480267495775147
67.80000000000629         0.1594110837337846
67.82000000000627         0.15592759184127616
67.8400000000063          0.15418011936084935
67.86000000000631         0.15408506858204746
67.88000000000632         0.15564056002747986
67.90000000000633         0.15892632615918523
67.92000000000634         0.1641102358799208
67.94000000000634         0.17146177609434515
67.96000000000633         0.18137264070664125
67.98000000000636         0.1943828493497251
68.00000000000635         0.21120367068988022
68.02000000000636         0.23269865112279736
68.04000000000636         0.2596809112590752
68.06000000000635         0.2921574178730337
68.08000000000628         0.3270471181099833
68.10000000000625         0.358000887290534
68.12000000000619         0.38039122999083963
68.14000000000615         0.3922967288868928
68.16000000000615         0.39571467660692794
68.18000000000615         0.39216597979159956
68.20000000000617         0.3801747951028521
68.22000000000621         0.35771432089190025
68.24000000000628         0.32657013253575784
68.26000000000634         0.2915282604235759
68.28000000000638         0.2590288982471259
68.30000000000645         0.23196160762982584
68.32000000000644         0.2103759968757571
68.34000000000646         0.19345662454343787
68.3600000000065          0.1803388291511839
68.38000000000648         0.17031208370482126
68.40000000000649         0.1628346332170557
68.42000000000651         0.1575135944610426
68.4400000000065          0.15407801975269714
68.46000000000652         0.15235799774456163
68.48000000000651         0.1522710620646226
68.50000000000652         0.1538155083323418
68.52000000000655         0.15707027667511814
68.54000000000654         0.16220141230294777
68.56000000000655         0.1694754121337311
68.58000000000654         0.17927960406264792
68.60000000000657         0.19214741325317092
68.62000000000656         0.20878781219507112
68.64000000000658         0.23005793710362232
68.66000000000658         0.25676557309292125
68.68000000000656         0.28883487336614555
68.7000000000065          0.32333178593188006
68.72000000000644         0.35393477686765
68.7400000000064          0.37606956546815645
68.76000000000634         0.38783732836500096
68.78000000000634         0.39121408193823665
68.80000000000635         0.387704394028454
68.82000000000637         0.37584966879135645
68.84000000000643         0.35364622051858546
68.86000000000648         0.32285971794117857
68.88000000000658         0.28828056152759035
68.9000000000066          0.256142116372538
68.92000000000664         0.22936550040413803
68.94000000000665         0.208022448918091
68.96000000000667         0.191303234673181
68.98000000000668         0.1783480775497348
69.0000000000067          0.16845069692070153
69.02000000000669         0.16107587965267103
69.04000000000671         0.15583570936011942
69.06000000000671         0.15246294913987396
69.0800000000067          0.1507903945712517
69.08999999999999         0.15056330665428805
