% Model:              ModelBH.mph
% Version:            COMSOL 5.6.0.280
% Date:               Oct 14 2021, 21:17
% Dimension:          1
% Nodes:              994
% Expressions:        1
% Description:        线图
% cln2x                   Height
21.91                     0.03899379031485246
21.920000000000027        0.03904383341565213
21.94000000000003         0.03943848958047288
21.96000000000003         0.04024378292376993
21.980000000000036        0.04149983498502102
22.00000000000004         0.04327118961201485
22.020000000000042        0.04565187592177412
22.040000000000045        0.048771976520665186
22.060000000000045        0.05280357960890748
22.080000000000048        0.05795698640535184
22.100000000000048        0.06443347839110415
22.12000000000006         0.07224557291768095
22.140000000000054        0.08067219799269598
22.16000000000005         0.08819611370386925
22.180000000000042        0.09368337786198232
22.20000000000005         0.09664442912698157
22.22000000000005         0.0975311792032224
22.240000000000055        0.09669713381597253
22.260000000000062        0.09379813160660881
22.280000000000076        0.08837207862384608
22.300000000000065        0.08087374692002182
22.320000000000068        0.07247483994256515
22.340000000000067        0.06471823223971146
22.360000000000074        0.05828468827344363
22.38000000000007         0.053176293565452976
22.40000000000007         0.049191597410971344
22.420000000000076        0.04612010965991717
22.440000000000087        0.04378991105421268
22.46000000000009         0.04207062781940449
22.480000000000093        0.04086818866535958
22.500000000000092        0.04011816161469596
22.520000000000092        0.03978066023085
22.54000000000009         0.03983707690963059
22.560000000000088        0.04028853297852049
22.58000000000009         0.04115594488222875
22.6000000000001          0.042481709580136605
22.620000000000104        0.04433311488028925
22.640000000000107        0.046807579828303296
22.6600000000001          0.050039286601473124
22.680000000000106        0.05420694367399374
22.700000000000113        0.05952782576811462
22.720000000000105        0.0662098667310894
22.74000000000011         0.07424581130961412
22.76000000000011         0.08292032722591992
22.78000000000011         0.09066248505676835
22.800000000000107        0.0963071349260945
22.820000000000107        0.09935196891513408
22.840000000000114        0.10026283397900325
22.860000000000113        0.09940424061020449
22.880000000000116        0.09642315976061012
22.900000000000134        0.0908451766478485
22.920000000000126        0.08313829278278875
22.940000000000126        0.07452157969731607
22.96000000000013         0.06654791888421147
22.98000000000013         0.059932882362435706
23.00000000000013         0.05468374392605442
23.020000000000127        0.05059236899074018
23.040000000000138        0.04744104336830251
23.060000000000144        0.045052082801507944
23.080000000000144        0.04329149809423375
23.100000000000147        0.04206264808632407
23.12000000000015         0.04129938659511499
23.14000000000015         0.04096082626681906
23.160000000000156        0.04102798397197209
23.180000000000152        0.041502193790564426
23.200000000000156        0.04240518400819745
23.220000000000166        0.043780572118504696
23.24000000000016         0.04569828964936304
23.26000000000016         0.04825884816851805
23.28000000000016         0.05160112700147061
23.30000000000017         0.05590874177808014
23.320000000000174        0.06140625869833284
23.340000000000163        0.06830813794114804
23.36000000000017         0.07660663739085083
23.380000000000173        0.08556311744523382
23.400000000000166        0.09355601093282681
23.42000000000017         0.09938303523006388
23.44000000000017         0.10252614884027218
23.460000000000164        0.10346660299123496
23.48000000000017         0.10258083297877676
23.500000000000178        0.09949470104758217
23.520000000000184        0.09372821209552058
23.54000000000019         0.08579923544015565
23.56000000000019         0.07691115212022358
23.58000000000019         0.06868688561896752
23.60000000000019         0.06186530187542628
23.6200000000002          0.056453753995984034
23.640000000000196        0.05223739644273102
23.6600000000002          0.048991523046972366
23.680000000000213        0.046532750744334335
23.70000000000021         0.04472283093866977
23.72000000000021         0.04346209540632648
23.74000000000021         0.04268237350260597
23.760000000000208        0.04234161243053017
23.780000000000207        0.04242026972185975
23.80000000000021         0.04291998150668739
23.820000000000213        0.04386339644994211
23.84000000000023         0.045296077124543394
23.860000000000216        0.047290166954209685
23.880000000000223        0.049950034182816766
23.900000000000222        0.05341960924193561
23.920000000000222        0.05788914096815656
23.940000000000232        0.06359126246157036
23.960000000000235        0.07074807254234884
23.98000000000023         0.07935135320435026
24.000000000000234        0.08863548455132547
24.020000000000227        0.09692010246250446
24.040000000000223        0.10297076330131792
24.060000000000223        0.10621798562285571
24.08000000000023         0.10719343739998402
24.100000000000225        0.10627699155797617
24.120000000000232        0.10308117973619665
24.14000000000024         0.09710888113755797
24.160000000000245        0.08889676883376706
24.180000000000245        0.079691705373885
24.200000000000255        0.0711750544251401
24.22000000000026         0.06411217569533938
24.240000000000254        0.0585105807772143
24.26000000000026         0.054147651914055454
24.280000000000264        0.05079060635120211
24.300000000000278        0.048249804058113986
24.320000000000267        0.04638119129016997
24.340000000000266        0.045082025118040936
24.36000000000027         0.044281773330857935
24.380000000000273        0.04393694892800158
24.400000000000272        0.04402754380999825
24.42000000000027         0.04455534946430061
24.440000000000264        0.0455440605732049
24.46000000000029         0.04704117286231992
24.48000000000028         0.049121800610594
24.50000000000028         0.05189454749685941
24.520000000000284        0.055509135803131625
24.540000000000287        0.06016342794592579
24.56000000000029         0.0660993256866183
24.58000000000029         0.07353612470442665
24.60000000000029         0.08248387421478924
24.620000000000292        0.09216006724159262
24.640000000000292        0.10080246108964311
24.660000000000288        0.10707316245925606
24.680000000000287        0.11045196356129922
24.700000000000294        0.11146798153843207
24.720000000000294        0.11051660680752136
24.74000000000029         0.10719513640056061
24.760000000000296        0.10098673297315819
24.780000000000307        0.09244956359014252
24.80000000000031         0.08288034820142223
24.82000000000031         0.07402756248059018
24.840000000000312        0.06668704121556049
24.860000000000316        0.06086547087750994
24.88000000000032         0.056334605984457616
24.90000000000032         0.05284920461422225
24.92000000000032         0.05021238974641458
24.94000000000033         0.048275468083207033
24.960000000000328        0.04693119549671049
24.98000000000033         0.04610628649128682
25.000000000000327        0.04575562015714931
25.020000000000344        0.04585852467920417
25.040000000000333        0.046417035388490284
25.060000000000336        0.04745601238676955
25.080000000000336        0.04902512682880946
25.100000000000342        0.0512028481749071
25.120000000000342        0.05410301148128965
25.14000000000034         0.057880743666801196
25.16000000000034         0.06274225904243161
25.18000000000035         0.06893855901316376
25.200000000000347        0.07670932220007341
25.220000000000343        0.0860515629385577
25.240000000000343        0.0961532106567027
25.260000000000346        0.1051751149798567
25.280000000000342        0.11172129027859032
25.300000000000338        0.11524914645149624
25.320000000000338        0.11631117504936714
25.340000000000334        0.11532028776778006
25.36000000000034         0.11185644222640248
25.380000000000347        0.10538038413066166
25.40000000000035         0.09647530337046376
25.420000000000368        0.08647553336262447
25.440000000000364        0.0772458754764771
25.46000000000037         0.06959729842819033
25.480000000000373        0.06353157579405301
25.500000000000377        0.058808260897765974
25.520000000000376        0.055176185755474234
25.54000000000038         0.05242996661910832
25.56000000000039         0.050414535960764895
25.580000000000382        0.04901802949478034
25.60000000000038         0.04816400883744026
25.62000000000039         0.047805465172180164
25.640000000000384        0.04792094645107927
25.660000000000387        0.04851273540215442
25.680000000000398        0.04960716620867128
25.700000000000394        0.051256060887444506
25.7200000000004          0.05354172492900462
25.740000000000396        0.056582835866940004
25.7600000000004          0.060542761850413025
25.780000000000403        0.06563696330145552
25.800000000000406        0.0721281657418093
25.82000000000041         0.08026717577839972
25.840000000000412        0.09005066727461888
25.860000000000404        0.10062835737808809
25.880000000000397        0.11007501714166387
25.900000000000404        0.11692954983317376
25.920000000000393        0.12062425430914887
25.940000000000385        0.12173773059950381
25.9600000000004          0.12070275962831595
25.9800000000004          0.1170916892278297
26.00000000000041         0.1103292015487792
26.020000000000408        0.10098424679826823
26.040000000000422        0.09052028084789811
26.06000000000042         0.08086280138927605
26.08000000000043         0.07286063941747106
26.100000000000428        0.06651561234059503
26.120000000000427        0.06157600142568727
26.140000000000434        0.05777887503831157
26.160000000000434        0.05490924976488549
26.180000000000454        0.0528048704489677
26.200000000000443        0.05134876310719425
26.220000000000443        0.05046091156657081
26.240000000000443        0.05009242851487819
26.260000000000446        0.050220779901194265
26.280000000000445        0.05084850390527251
26.30000000000045         0.052003163082192966
26.320000000000448        0.05373952818146005
26.34000000000046         0.05614394886473852
26.360000000000458        0.05934104294939416
26.380000000000457        0.0635023186505227
26.400000000000457        0.06885394051037513
26.420000000000456        0.075671642176436
26.440000000000456        0.08421855684126194
26.460000000000463        0.09449100227159798
26.48000000000046         0.1055963853422887
26.50000000000046         0.11548626227200028
26.520000000000454        0.12269726754254193
26.540000000000457        0.12658996910705927
26.560000000000457        0.1277606817412282
26.580000000000457        0.12667631696101309
26.60000000000045         0.12288837060303007
26.62000000000046         0.11579303822581427
26.640000000000462        0.10598745183881704
26.660000000000476        0.09500772273298314
26.680000000000483        0.08487484395236436
26.70000000000048         0.07647968878215064
26.720000000000482        0.06982409436211381
26.740000000000485        0.0646438177777053
26.76000000000049         0.06066239596862888
26.78000000000049         0.05765519345925324
26.8000000000005          0.055451464185101
26.8200000000005          0.05392839811802597
26.840000000000497        0.05300220921450018
26.860000000000497        0.05262145362417659
26.880000000000507        0.05276276767759032
26.900000000000503        0.05342892133822803
26.920000000000503        0.054648994072379706
26.940000000000506        0.05648067781980046
26.96000000000051         0.05901487385701779
26.980000000000512        0.06238272939374039
27.000000000000522        0.06676470712920349
27.02000000000051         0.07239874333778339
27.040000000000518        0.0795804295878178
27.060000000000517        0.08858377555724932
27.080000000000517        0.09939881749843037
27.100000000000517        0.11106405152392204
27.12000000000051         0.12147132722645695
27.140000000000505        0.12905926310165278
27.160000000000508        0.1331561713030788
27.180000000000504        0.13438948492028066
27.20000000000051         0.1332505962622788
27.220000000000514        0.12926782329068146
27.24000000000051         0.12180603174773157
27.260000000000524        0.11149336863190344
27.28000000000053         0.09994585121207711
27.30000000000054         0.08928953323844671
27.32000000000054         0.08046710496844774
27.340000000000543        0.07346529041130312
27.36000000000054         0.06801851760473043
27.380000000000543        0.06383475874528939
27.40000000000055         0.060675851479428534
27.420000000000545        0.05836238294696718
27.44000000000055         0.056765188984941546
27.46000000000056         0.05579617333092798
27.480000000000555        0.0554013042878508
27.500000000000558        0.05555614679000255
27.520000000000557        0.056263771272058456
27.540000000000564        0.05755492188052925
27.560000000000556        0.059490475328784355
27.58000000000057         0.06216582268234401
27.600000000000577        0.06572017642628927
27.62000000000057         0.0703437588668253
27.64000000000057         0.07628820328105317
27.660000000000572        0.08386090941607786
27.680000000000568        0.09335497871426135
27.70000000000057         0.10475852881953764
27.72000000000057         0.11705803221336522
27.740000000000563        0.12803128446303855
27.76000000000056         0.13603227563258102
27.780000000000555        0.14035293578287672
27.80000000000057         0.1416547631501496
27.820000000000558        0.14045595459792679
27.840000000000565        0.13625942583433326
27.86000000000057         0.12836499935908474
27.880000000000575        0.11752632445245446
27.90000000000058         0.10537766718984987
27.920000000000606        0.09414191625189822
27.940000000000598        0.08483063514743364
27.960000000000594        0.07745346235353105
27.980000000000597        0.07171582944009866
28.0000000000006          0.06730984178078846
28.020000000000607        0.06398437509850147
28.040000000000603        0.06155028990595993
28.060000000000606        0.05987145648943262
28.08000000000062         0.058855058973932034
28.10000000000061         0.058444206292129076
28.12000000000062         0.058613224915917375
28.14000000000062         0.059365342189659304
28.16000000000062         0.06073328774935649
28.180000000000618        0.0627813843256844
28.20000000000062         0.06561095422675885
28.22000000000062         0.06936816404439874
28.24000000000063         0.07425425841190221
28.260000000000627        0.08053495377437792
28.28000000000063         0.0885348663244845
28.30000000000063         0.09856351130147015
28.32000000000063         0.11060840339478692
28.340000000000625        0.12359957975591956
28.36000000000062         0.13519067494759685
28.380000000000614        0.14364288325217284
28.40000000000061         0.1482083316367891
28.42000000000062         0.1495852916463035
28.440000000000616        0.1483206289531244
28.46000000000063         0.14387500834686673
28.480000000000626        0.13555543751281554
28.500000000000632        0.12411142214529323
28.520000000000643        0.11128490839031846
28.540000000000646        0.09942304134147087
28.56000000000066         0.08959370822489551
28.58000000000066         0.08180696764000339
28.60000000000066         0.07575176159310472
28.62000000000066         0.07110302773900318
28.640000000000665        0.06759559191321995
28.660000000000668        0.06502966227461758
28.680000000000668        0.063261677385294
28.700000000000678        0.06219310011010407
28.72000000000067         0.06176425610212997
28.74000000000067         0.06194809938930151
28.760000000000673        0.06274826227995149
28.78000000000068         0.06419926252229209
28.80000000000068         0.06636924002443916
28.820000000000675        0.0693654037139172
28.84000000000068         0.0733423779069359
28.860000000000685        0.07851302533348638
28.88000000000069         0.0851583795409047
28.900000000000684        0.09362175106472223
28.920000000000684        0.10423049389885862
28.940000000000683        0.11697160144456278
28.960000000000683        0.13071524350780905
28.980000000000675        0.14301183599198766
29.00000000000067         0.15193768587729484
29.02000000000066         0.15675441111362018
29.040000000000667        0.15821321272192287
29.060000000000674        0.15687677524560176
29.08000000000067         0.15217487158417925
29.100000000000676        0.14337592825813122
29.120000000000687        0.13127319243310404
29.140000000000693        0.11771032174008736
29.160000000000704        0.10516888841466518
29.180000000000714        0.09477745372417788
29.200000000000717        0.08654639587314746
29.220000000000713        0.08014688036366747
29.240000000000713        0.07523501492399681
29.26000000000072         0.07152987047243047
29.28000000000072         0.06882059672097389
29.30000000000072         0.06695525448424304
29.32000000000072         0.06583020798167283
29.340000000000735        0.06538199110037922
29.360000000000728        0.06558206625454319
29.380000000000724        0.0664343758298709
29.40000000000073         0.06797555918434083
29.42000000000074         0.07027785240126708
29.440000000000733        0.07345485923322509
29.46000000000074         0.07767039221118155
29.480000000000743        0.08314993523689806
29.50000000000075         0.0901895456703457
29.520000000000742        0.09915075016481424
29.54000000000074         0.11037879723865232
29.560000000000745        0.12386922857771364
29.580000000000744        0.13845339036868898
29.600000000000733        0.15148315245022365
29.620000000000726        0.1609433387412808
29.640000000000718        0.16605078081114957
29.660000000000725        0.16759926276147846
29.680000000000728        0.16618431836264796
29.700000000000728        0.16120269502723328
29.720000000000734        0.15188161507491132
29.740000000000745        0.1390622016071738
29.760000000000748        0.12469917712696443
29.78000000000076         0.11140237906702825
29.80000000000078         0.10041090244712264
29.82000000000077         0.09170241980353058
29.840000000000767        0.08493013147878778
29.86000000000077         0.07973188096492874
29.880000000000777        0.07581160790888046
29.900000000000777        0.0729459729799692
29.92000000000078         0.07097412314322368
29.94000000000078         0.06978637103009278
29.960000000000793        0.06931548595461845
29.980000000000786        0.06953118417083853
30.00000000000079         0.07043758638692091
30.02000000000078         0.07207343824385325
30.040000000000788        0.07451558720143153
30.06000000000079         0.0778834844575491
30.080000000000794        0.08235048467514783
30.100000000000797        0.08815448246124644
30.1200000000008          0.0956087958245272
30.140000000000796        0.10509493638646775
30.160000000000796        0.11697682478157952
30.180000000000792        0.13125203621781667
30.200000000000784        0.14669932070208183
30.220000000000784        0.16053548569867537
30.240000000000776        0.170606177923862
30.260000000000776        0.17606716394598956
30.280000000000776        0.17773006374194242
30.300000000000782        0.1762161115048861
30.32000000000079         0.17091480314319857
30.340000000000792        0.16101798400768205
30.3600000000008          0.14737200795972008
30.38000000000081         0.13213448644292713
30.400000000000816        0.11809094072013955
30.42000000000082         0.10646111994887326
30.440000000000833        0.09724453939440499
30.46000000000082         0.09007513662535267
30.480000000000828        0.08457059584886965
30.500000000000835        0.08041808438194172
30.520000000000838        0.07738135297861612
30.540000000000838        0.0752900947582336
30.560000000000834        0.07402809881375438
30.58000000000085         0.07352409544302578
30.600000000000847        0.07374593622144644
30.620000000000836        0.07469771033796925
30.640000000000843        0.07642002374540649
30.660000000000842        0.07899326831182887
30.68000000000085         0.08254394260835882
30.700000000000845        0.08725432305505323
30.72000000000085         0.09337485291979608
30.740000000000858        0.10123511327538467
30.760000000000858        0.11123598587954443
30.780000000000854        0.12375993707684338
30.800000000000853        0.13880911125600975
30.82000000000085         0.15512142136180182
30.840000000000835        0.16979194781765808
30.860000000000838        0.18049161247826373
30.88000000000083         0.1863600584060177
30.90000000000083         0.18814955222219346
30.920000000000837        0.1865172478849081
30.94000000000084         0.1808333466783364
30.960000000000846        0.17029572722490194
30.98000000000086         0.15582387944387185
31.000000000000867        0.13973260891952516
31.02000000000087         0.12492717623396164
31.040000000000877        0.11266668856659096
31.06000000000089         0.10294568733790171
31.080000000000894        0.09537927224847532
31.10000000000088         0.08956547319404727
31.12000000000089         0.085174934766387
31.14000000000089         0.08195814841921738
31.160000000000895        0.07973631045537022
31.180000000000895        0.07838573201172944
31.20000000000089         0.07783063650711593
31.2200000000009          0.0780363773407643
31.240000000000904        0.07900653431730384
31.260000000000897        0.08078311648492423
31.280000000000904        0.08344988660273406
31.300000000000903        0.08713899630221408
31.320000000000917        0.09204109378603727
31.34000000000091         0.09841824157865622
31.360000000000923        0.10661530214415603
31.38000000000091         0.11705170763389129
31.4000000000009          0.1301284043514834
31.420000000000897        0.14588247958400738
31.440000000000904        0.1629369110005575
31.46000000000089         0.17831938826756233
31.48000000000091         0.1896458162046648
31.500000000000902        0.1958726245349295
31.520000000000902        0.19778122743443932
31.5400000000009          0.19604522319433407
31.5600000000009          0.19001855458972683
31.580000000000894        0.17890283221079686
31.600000000000904        0.16368568855486496
31.620000000000925        0.14682569275151477
31.64000000000094         0.13133826632771234
31.660000000000938        0.11851735283710436
31.680000000000938        0.10835260714443364
31.700000000000944        0.10043444889741336
31.72000000000094         0.09434682341660953
31.74000000000094         0.08974283597250828
31.760000000000932        0.08636018589132916
31.780000000000953        0.08400927796905083
31.800000000000953        0.08256005588620059
31.820000000000952        0.0819318545728335
31.840000000000952        0.08208686862408664
31.86000000000096         0.08302708472551659
31.880000000000955        0.08479448137479965
31.900000000000954        0.08747446851103445
31.920000000000968        0.0912027806994925
31.940000000000968        0.09617600549785313
31.960000000000974        0.10266477947634241
31.98000000000098         0.11102895886868584
32.00000000000096         0.12170544213353504
32.02000000000096         0.13511457201295174
32.04000000000096         0.15126615176007827
32.060000000000954        0.1688159611812773
32.08000000000094         0.1846966352354845
32.10000000000094         0.19641997159118066
32.12000000000095         0.20288940307345577
32.14000000000093         0.2048786769684064
32.16000000000093         0.20307155446925346
32.18000000000094         0.1968110874400624
32.20000000000094         0.1853055621857966
32.22000000000096         0.16959593909531856
32.24000000000096         0.15227576259977613
32.26000000000098         0.13636729839623407
32.28000000000097         0.12321626222966739
32.30000000000098         0.11280914281372431
32.32000000000098         0.10472211041894684
32.340000000000984        0.09851499615629668
32.36000000000099         0.09382794870080266
32.38000000000098         0.09038894171040171
32.40000000000098         0.08800132776311807
32.42000000000099         0.08653019814699173
32.440000000000985        0.08589180010716478
32.460000000000996        0.08604669728311022
32.480000000000985        0.08699652918452797
32.500000000001           0.08878388192419112
32.52000000000099         0.09149684813363326
32.540000000001           0.09527499975856647
32.560000000001           0.1003212056976026
32.580000000001014        0.10691578954780269
32.600000000001           0.11542956600753612
32.620000000001           0.1263164033712366
32.640000000000995        0.1400148961198648
32.660000000001           0.1565476267329189
32.68000000000099         0.17455754533162005
32.700000000000976        0.19090985601616572
32.720000000000965        0.20301439959326395
32.740000000000975        0.20972133266114715
32.76000000000096         0.21179221382860783
32.78000000000096         0.2099182932142362
32.80000000000098         0.20341625145086129
32.820000000000974        0.19152872293993792
32.84000000000098         0.17540535633200333
32.86000000000099         0.1576379020401216
32.880000000001           0.1413641546651491
32.900000000001           0.12794014688940203
32.920000000001004        0.11733937900823281
32.94000000000101         0.10911919272595826
32.96000000000101         0.10282271415718582
32.98000000000103         0.09807726140907012
33.00000000000101         0.09460158952180907
33.02000000000101         0.09219267547953716
33.04000000000102         0.09071127868312942
33.060000000001025        0.0900709030893275
33.080000000001036        0.09023041288572255
33.100000000001025        0.09119127001432198
33.12000000000102         0.0929971671103521
33.140000000001024        0.09573791295676237
33.16000000000103         0.09955698142161752
33.180000000001016        0.10466312073071601
33.200000000001026        0.11134539711979584
33.220000000001036        0.11998707077857736
33.240000000001025        0.1310586257535013
33.26000000000103         0.14501798464313956
33.28000000000102         0.16190242046045022
33.30000000000102         0.18034503497344068
33.32000000000101         0.19714814151535978
33.340000000001005        0.20964394824756788
33.360000000001           0.21656479061726708
33.380000000001           0.2187161962490443
33.40000000000099         0.21677658803508051
33.420000000001004        0.21005635871240635
33.44000000000102         0.19781484677616684
33.460000000001024        0.1812571373794844
33.48000000000103         0.1630742653256
33.50000000000103         0.1464668849490181
33.52000000000103         0.13280061193635156
33.540000000001044        0.12203412839406617
33.56000000000105         0.11370527609386825
33.58000000000106         0.10734014049679604
33.600000000001046        0.10255380674454215
33.62000000000105         0.09905444845001002
33.64000000000105         0.09663381425111024
33.66000000000105         0.09514873854023893
33.680000000001066        0.0945103135327872
33.70000000000106         0.0946764083872219
33.72000000000107         0.0956480835676661
33.74000000000107         0.09746975432074431
33.76000000000106         0.10023312392920822
33.78000000000107         0.10408508806314264
33.800000000001056        0.10923991085909132
33.82000000000106         0.1159950955268319
33.84000000000107         0.12474626834863346
33.86000000000107         0.13598092774660928
33.88000000000106         0.1501571787993921
33.90000000000107         0.16735978441954322
33.92000000000105         0.18623874957254719
33.94000000000104         0.20351962327152368
33.960000000001024        0.2163405441037038
33.98000000000103         0.2234910060707123
34.00000000000102         0.22572245280735384
34.02000000000103         0.22371832020584165
34.04000000000104         0.21678413753157239
34.06000000000104         0.20419785593575432
34.080000000001064        0.18722149359510545
34.10000000000106         0.1686451061363135
34.12000000000108         0.15172935929859385
34.14000000000107         0.1378461041672668
34.160000000001084        0.12693505641505745
34.18000000000107         0.11851878041780471
34.20000000000108         0.11210109272617728
34.2200000000011          0.10728521429624872
34.24000000000109         0.10377257059063685
34.260000000001085        0.10134823571441148
34.280000000001095        0.09986527565010173
34.300000000001084        0.09923255126464016
34.32000000000109         0.09940681450715352
34.340000000001105        0.10038894145199548
34.360000000001094        0.10222406074515228
34.38000000000109         0.10500559487226654
34.40000000000111         0.10888350664451533
34.4200000000011          0.11407785066948443
34.4400000000011          0.12089209311148386
34.4600000000011          0.12973332547643476
34.48000000000109         0.14110362928330902
34.50000000000111         0.15550049888963433
34.52000000000109         0.1730065803074936
34.54000000000109         0.1922780044808102
34.56000000000108         0.2099851599239164
34.580000000001085        0.22316553101134842
34.60000000000108         0.23054683043164106
34.62000000000107         0.23285989380532124
34.640000000001066        0.23079219179089258
34.66000000000108         0.22364585004498033
34.68000000000107         0.21072060175388882
34.70000000000108         0.19333147331864184
34.72000000000111         0.17435782724795867
34.740000000001096        0.15716845373500718
34.76000000000111         0.14310524380815492
34.78000000000112         0.13208091828582522
34.80000000000111         0.1235932907713972
34.82000000000111         0.11713665075932732
34.840000000001126        0.11230214074795497
34.860000000001136        0.10878335896093728
34.88000000000112         0.10636048435142692
34.90000000000112         0.10488344907706244
34.920000000001124        0.10425907780555164
34.94000000000113         0.10444299555112503
34.96000000000113         0.10543580388517568
34.98000000000112         0.1072834412497134
35.00000000000112         0.11008042147526839
35.02000000000114         0.11397954375298502
35.04000000000114         0.11920455848631015
35.060000000001125        0.1260678684330389
35.080000000001135        0.1349874981696963
35.10000000000114         0.14648264762693586
35.120000000001134        0.16107328152579467
35.14000000000113         0.17886385134246632
35.16000000000111         0.1985117837194252
35.180000000001115        0.2166346278355642
35.2000000000011          0.23016936602514104
35.22000000000109         0.23778001223164358
35.240000000001096        0.24017428432647941
35.260000000001114        0.23804413587516648
35.280000000001095        0.2307072884786148
35.30000000000111         0.2174600141471629
35.320000000001116        0.19963797760999283
35.34000000000113         0.1803085046302898
35.360000000001136        0.16285658483633025
35.38000000000114         0.14862230631647536
35.40000000000115         0.1374961245292986
35.42000000000116         0.12895304566540963
35.44000000000115         0.12247005169463107
35.46000000000116         0.11762657682251773
35.48000000000116         0.11410869338503582
35.500000000001144        0.11169187763449996
35.52000000000117         0.11022310595692421
35.540000000001164        0.1096081437730449
35.56000000000116         0.10980172636552676
35.580000000001164        0.11080439486764915
35.60000000000116         0.11266225079229564
35.62000000000116         0.11547130069112452
35.640000000001166        0.11938643409927441
35.66000000000117         0.12463537564206113
35.68000000000118         0.13153723883059934
35.70000000000117         0.14052096077220722
35.72000000000117         0.15212250828691484
35.74000000000117         0.16688478869090698
35.76000000000116         0.18493601183694117
35.780000000001145        0.20493890132108583
35.80000000000115         0.22342774248474612
35.82000000000112         0.23732216474339277
35.840000000001126        0.2451809325201003
35.86000000000112         0.2476574552603509
35.88000000000113         0.24546343497026135
35.90000000000115         0.23791667491388807
35.92000000000114         0.22434004185772743
35.94000000000116         0.20613589106785932
35.960000000001166        0.18647191111353267
35.980000000001176        0.168781451524084
36.00000000000118         0.1543987266489754
36.02000000000119         0.14318990251562136
36.040000000001186        0.1346067647490946
36.06000000000119         0.1281084804423488
36.08000000000119         0.1232650165952683
36.100000000001195        0.11975475021886231
36.120000000001184        0.11734898220235872
36.1400000000012          0.11589245793698814
36.1600000000012          0.11528921302436011
36.18000000000121         0.11549360822641543
36.2000000000012          0.11650605906115559
36.22000000000119         0.11837311044630096
36.240000000001196        0.12119188146179524
36.260000000001206        0.12511928190221466
36.28000000000121         0.13038654851195014
36.30000000000121         0.1373188317550436
36.3200000000012          0.14635521363904017
36.340000000001204        0.15805515272545306
36.36000000000121         0.172982984256278
36.380000000001196        0.19128648154863792
36.40000000000119         0.21160616582650402
36.42000000000118         0.23047820843764572
36.44000000000117         0.24471571705605666
36.460000000001166        0.25280173193885686
36.48000000000116         0.2553595113307332
36.500000000001165        0.2531017145039
36.52000000000117         0.2453461749223849
36.54000000000119         0.23144503390271273
36.56000000000119         0.21286986949221937
36.5800000000012          0.1928887926060268
36.60000000000121         0.1749800222964258
36.620000000001205        0.16047517599259298
36.64000000000122         0.14919346195840902
36.660000000001226        0.14058000259436682
36.68000000000123         0.1340759498589378
36.700000000001225        0.12923838880660704
36.72000000000123         0.1257400928833109
36.740000000001224        0.12334867464604417
36.76000000000123         0.12190668593986596
36.78000000000123         0.12131697667239122
36.800000000001226        0.12153336195595522
36.82000000000125         0.12255614974068543
36.84000000000124         0.12443217416166864
36.860000000001236        0.12725934302280173
36.88000000000124         0.13119551282498934
36.90000000000124         0.13647593265732602
36.92000000000124         0.14343096966516267
36.94000000000124         0.15251006388686142
36.960000000001244        0.16428345195848432
36.98000000000124         0.17934383700671386
37.00000000000125         0.19786608878996048
37.020000000001225        0.218504465203628
37.04000000000122         0.2377531244958928
37.06000000000121         0.2523256743041447
37.0800000000012          0.2606355961309383
37.1000000000012          0.2632738219694229
37.12000000000119         0.2609528928095133
37.14000000000119         0.2529918442933863
37.160000000001205        0.2387409535868531
37.18000000000122         0.21985509406456882
37.200000000001225        0.19960094050604332
37.22000000000124         0.1814869758543785
37.240000000001245        0.16685528621069992
37.260000000001256        0.15552439747394894
37.28000000000125         0.14689559237401006
37.300000000001255        0.14039429190369324
37.32000000000127         0.1355682581951273
37.34000000000126         0.13208504957230705
37.36000000000126         0.1297095438216891
37.38000000000127         0.1282829042987123
37.40000000000126         0.12770723085353206
37.42000000000126         0.127935895472085
37.44000000000127         0.12896888757785985
37.460000000001266        0.1308532992321342
37.48000000000127         0.13368757676167226
37.50000000000127         0.13763146754874936
37.52000000000127         0.14292165400690518
37.54000000000127         0.14989350031859414
37.56000000000128         0.15900486337189862
37.58000000000126         0.17084077078437412
37.60000000000127         0.18601750689913069
37.62000000000126         0.20473996084517893
37.64000000000126         0.22567974813900596
37.66000000000124         0.24529306065825696
37.68000000000125         0.26019528696625904
37.70000000000124         0.26872831999406765
37.720000000001235        0.2714475185727195
37.74000000000123         0.26906145444858115
37.760000000001234        0.26087387820336494
37.78000000000123         0.24633600366311767
37.800000000001255        0.22710649769945362
37.82000000000127         0.20657455068055142
37.840000000001275        0.18828606259992908
37.860000000001286        0.17356469870862448
37.880000000001296        0.16219827176004672
37.90000000000129         0.1535641376048272
37.920000000001295        0.14707277714106276
37.9400000000013          0.14226348182284845
37.96000000000131         0.1387992113978814
37.980000000001304        0.13644264154220603
38.0000000000013          0.1350330041932928
38.02000000000131         0.1344721425809583
38.040000000001314        0.13471318985585448
38.06000000000132         0.1357563077135258
38.08000000000131         0.13764869983157052
38.10000000000131         0.1404893316251013
38.12000000000131         0.14443889746269425
38.14000000000132         0.14973597562825064
38.16000000000131         0.1567197260260361
38.180000000001314        0.1658553757917192
38.20000000000132         0.17774156100396687
38.22000000000131         0.19301739439833723
38.24000000000131         0.21191884667857197
38.260000000001305        0.23312790072444578
38.28000000000127         0.2531340210721706
38.300000000001276        0.26834808618060446
38.32000000000126         0.27707805831789295
38.34000000000126         0.2798727551342271
38.360000000001264        0.27742105251376115
38.38000000000126         0.26902932498097554
38.40000000000127         0.25418825723307115
38.42000000000128         0.2346310742046553
38.4400000000013          0.21384401340237902
38.46000000000131         0.19540460978295257
38.48000000000131         0.1806134776387235
38.50000000000133         0.1692261903016153
38.52000000000133         0.16059727963863918
38.54000000000132         0.15412260812040116
38.560000000001324        0.14933406325549933
38.580000000001334        0.145891178869024
38.60000000000134         0.14355457668447713
38.620000000001326        0.1421631940014233
38.640000000001336        0.14161801697032866
38.66000000000133         0.14187199205830014
38.680000000001336        0.14292524053944675
38.70000000000134         0.14482505078997565
38.720000000001335        0.1476706677945975
38.740000000001345        0.15162345956976428
38.76000000000134         0.15692344887585474
38.78000000000136         0.16391278506235707
38.80000000000134         0.17306180701489707
38.82000000000134         0.18497793054304182
38.840000000001346        0.2003195857392835
38.860000000001335        0.21936140808054566
38.88000000000134         0.24085384465887208
38.900000000001306        0.261188811930135
38.92000000000131         0.27671596549468225
38.94000000000129         0.28566441613531063
38.960000000001294        0.28854016021502166
38.9800000000013          0.28602587864561285
39.000000000001315        0.2774343733814688
39.02000000000131         0.26229997840906727
39.04000000000133         0.24243355200958497
39.06000000000134         0.221415459006517
39.08000000000134         0.20282990123216232
39.10000000000136         0.18799914668629944
39.12000000000136         0.17660884743499855
39.14000000000136         0.16799374826639332
39.16000000000136         0.16154041666984667
39.18000000000137         0.1567754395717251
39.20000000000137         0.15335534889733082
39.22000000000136         0.15103941181430286
39.240000000001366        0.1496659793430737
39.26000000000138         0.14913580454772513
39.28000000000139         0.14940176268173702
39.30000000000138         0.15046398586415224
39.32000000000138         0.15236984334526268
39.340000000001375        0.15521914656411537
39.360000000001385        0.15917320867958124
39.38000000000138         0.16447328247476248
39.400000000001384        0.1714636532739936
39.42000000000139         0.18062001760190527
39.44000000000138         0.19256174184560682
39.460000000001386        0.20796741762872833
39.48000000000138         0.22714365921019164
39.500000000001364        0.2488702984127724
39.52000000000135         0.26952113371237174
39.54000000000134         0.28535595823066806
39.56000000000133         0.2945215458254011
39.580000000001334        0.2974757325469892
39.60000000000132         0.2948922532569312
39.620000000001326        0.28611875487163846
39.640000000001365        0.27069775958861536
39.660000000001354        0.2504894173630575
39.680000000001364        0.22923924160295775
39.70000000000137         0.21057218944977513
39.720000000001384        0.195700101172505
39.74000000000139         0.18430684235285433
39.76000000000139         0.17570643176754425
39.7800000000014          0.1692745325716195
39.8000000000014          0.16453228760049565
39.8200000000014          0.16113368598595185
39.840000000001396        0.15883698188980652
39.8600000000014          0.15748021924985103
39.8800000000014          0.1569641401703412
39.9000000000014          0.1572417532871572
39.92000000000143         0.15831337197993828
39.940000000001405        0.16022653315682459
39.96000000000141         0.1630809564673361
39.98000000000141         0.16703890715671643
40.00000000000141         0.17234227044790645
40.02000000000141         0.17933718339509463
40.04000000000141         0.18850348468365705
40.06000000000141         0.20046953444933024
40.08000000000141         0.21593192664921398
40.10000000000142         0.23522757362865837
40.1200000000014          0.2571694213976097
40.14000000000139         0.27812614182408235
40.160000000001375        0.29425600050371276
40.180000000001364        0.30367847569602924
40.20000000000137         0.30672582521594133
40.22000000000136         0.30407035032455154
40.240000000001366        0.2950819225326761
40.26000000000138         0.27937899696970947
40.280000000001394        0.25891739379365636
40.300000000001404        0.2375191632332279
40.320000000001414        0.21880870754149423
40.34000000000141         0.2039590834424742
40.36000000000142         0.19262002303115933
40.38000000000143         0.1840854016237399
40.40000000000143         0.1777207738638897
40.42000000000145         0.17304265966046364
40.44000000000144         0.16970276489540395
40.460000000001436        0.16745946530095235
40.48000000000144         0.16615004775366402
40.50000000000144         0.16567528689710062
40.520000000001446        0.1659882862459408
40.540000000001434        0.16708946523978346
40.560000000001445        0.1690264830703656
40.58000000000144         0.17189909538749576
40.60000000000145         0.17586959742613073
40.62000000000144         0.18118006228551278
40.64000000000145         0.18817744315700197
40.660000000001446        0.19734420421264628
40.68000000000145         0.20931579665032307
40.70000000000145         0.22480535354976616
40.72000000000144         0.244210708572502
40.74000000000143         0.2663119855466928
40.76000000000142         0.2875049384625902
40.78000000000141         0.3039708458804572
40.8000000000014          0.3136282800598653
40.82000000000141         0.3167629366754171
40.840000000001396        0.31401681483180494
40.8600000000014          0.30479216490396427
40.88000000000141         0.2887864212476595
40.90000000000142         0.2680618395095427
40.92000000000144         0.2465123742494551
40.94000000000145         0.2277522713028538
40.96000000000146         0.21291191002568524
40.980000000001475        0.20160938729628364
41.000000000001464        0.19311985382125788
41.02000000000146         0.18680629396400777
41.04000000000147         0.18218357209701452
41.06000000000149         0.1789044778228643
41.08000000000147         0.17672801571931068
41.10000000000148         0.17549374614472943
41.120000000001475        0.17510424281550221
41.14000000000148         0.17551445634776447
41.160000000001475        0.17672670768241291
41.180000000001485        0.17879061624183107
41.20000000000148         0.18180792473632487
41.220000000001484        0.1859429028687575
41.2400000000015          0.19143965068408947
41.260000000001504        0.19864682061994018
41.28000000000149         0.20805245115014698
41.30000000000148         0.22029914431116895
41.320000000001485        0.23611515749585246
41.34000000000148         0.2558881654321573
41.36000000000146         0.278476706534608
41.38000000000145         0.30026069737459526
41.40000000000144         0.3173333996443884
41.42000000000143         0.3274808345468374
41.440000000001426        0.3308956709473848
41.46000000000145         0.32820226055065355
41.48000000000144         0.31890257848641773
41.50000000000144         0.3028599182606242
41.52000000000146         0.2823234614723655
41.54000000000147         0.26131657265892055
41.5600000000015          0.24334870990100185
41.58000000000149         0.2295043322614048
41.6000000000015          0.2193461942042291
41.62000000000149         0.21212614646824302
41.6400000000015          0.20720265230733076
41.6600000000015          0.20410512981728698
41.680000000001506        0.20251003122107408
41.7000000000015          0.20220744992305575
41.720000000001505        0.2030752132301972
41.74000000000152         0.205061890782682
41.75000000000001         0.20647590843827496
