% Model:              ModelBH.mph
% Version:            COMSOL 5.6.0.280
% Date:               Oct 14 2021, 20:59
% Dimension:          1
% Nodes:              963
% Expressions:        1
% Description:        线图
% cln1x                   Height
49.25000000000001         0.20689174024091547
49.260000000000026        0.20548174626003235
49.28000000000002         0.20350260902537284
49.300000000000026        0.20264112966725217
49.320000000000036        0.20294873182647735
49.34000000000003         0.20454758672884366
49.360000000000035        0.20764757250545252
49.380000000000045        0.2125720676808187
49.40000000000004         0.21979103133819153
49.420000000000044        0.22994437007467158
49.44000000000004         0.24377809484127597
49.46000000000005         0.26176194876949077
49.48000000000004         0.282789257835953
49.50000000000004         0.3032978401606529
49.520000000000074        0.31935335682246885
49.54000000000007         0.328680103804366
49.56000000000006         0.331378596693503
49.58000000000007         0.32796063796761016
49.600000000000065        0.317819044682412
49.62000000000005         0.3007317471303214
49.64000000000007         0.2788934545580912
49.66000000000009         0.2562817995901987
49.68000000000006         0.2365149524783412
49.700000000000074        0.22070430040095748
49.720000000000056        0.20845645197422843
49.74000000000007         0.19904534469152405
49.76000000000007         0.19183080077431555
49.78000000000007         0.18632698563615574
49.80000000000008         0.18218435326951735
49.82000000000009         0.1791587023855405
49.8400000000001          0.17708571653218172
49.86000000000008         0.1758636172359389
49.88000000000009         0.17544275425751715
49.90000000000008         0.1758207844388636
49.92000000000008         0.17704275176760764
49.94000000000009         0.17920610246987947
49.9600000000001          0.18247132311415887
49.98000000000012         0.1870794565388233
50.0000000000001          0.1933770604636003
50.0200000000001          0.2018512145592615
50.040000000000106        0.213144291885305
50.060000000000116        0.22798282594780495
50.08000000000011         0.24674603076475668
50.1000000000001          0.26827573846700997
50.12000000000012         0.28895677611422005
50.140000000000114        0.30496196925291796
50.16000000000013         0.3141992024478812
50.180000000000106        0.31693617233644955
50.200000000000124        0.3137899670722101
50.22000000000013         0.3041389262082257
50.240000000000116        0.28766550481854947
50.26000000000012         0.2664245673976161
50.28000000000012         0.24433351764842226
50.30000000000014         0.22494219610142932
50.32000000000013         0.20943910188652798
50.340000000000124        0.1974613329423748
50.36000000000013         0.18829307903521736
50.38000000000013         0.18129697734508854
50.400000000000134        0.1759899162811247
50.42000000000014         0.17202487352886758
50.44000000000014         0.16915990039791323
50.460000000000136        0.16723287122773603
50.48000000000015         0.16614419293144103
50.50000000000015         0.1658463400718488
50.520000000000145        0.1663389830785059
50.54000000000015         0.1676690478863861
50.56000000000016         0.16993535064202211
50.580000000000155        0.17330040926973736
50.600000000000165        0.17800626734483388
50.62000000000018         0.18440073118175418
50.64000000000017         0.192967665944875
50.66000000000017         0.20434328118330095
50.680000000000184        0.21923660258073954
50.70000000000017         0.23799269539074694
50.72000000000017         0.25940910886955
50.74000000000017         0.2798614312908497
50.76000000000018         0.29559453760409365
50.780000000000165        0.30461792955635103
50.80000000000019         0.30727743394911505
50.820000000000185        0.30422174091396853
50.84000000000018         0.2947870822366488
50.860000000000184        0.2786174089310515
50.880000000000194        0.2577007208602359
50.90000000000018         0.23578241589936333
50.920000000000186        0.21648589582314404
50.94000000000021         0.20102402214815232
50.9600000000002          0.1890635065962043
50.98000000000019         0.17990395698894432
51.00000000000021         0.17291471413728193
51.02000000000021         0.16761526063797252
51.040000000000205        0.16365947879354764
51.06000000000021         0.16080570984527143
51.08000000000021         0.15889193810954283
51.1000000000002          0.15781868845083405
51.12000000000022         0.15753844525666938
51.140000000000214        0.1580511314942231
51.16000000000023         0.15940385180665828
51.18000000000022         0.16169594162260684
51.20000000000023         0.16508945582764092
51.22000000000025         0.16982634495981772
51.24000000000022         0.17625315089193727
51.26000000000023         0.1848501152161003
51.28000000000022         0.19624474506363182
51.30000000000023         0.21112769591081998
51.320000000000235        0.22981158016261244
51.340000000000245        0.2510564628738763
51.360000000000234        0.27123975184402066
51.380000000000244        0.28670733170145424
51.40000000000024         0.2954930040255435
51.420000000000236        0.2980737065845699
51.44000000000024         0.2951070330770625
51.46000000000024         0.28590244699703476
51.480000000000246        0.2700387037952362
51.500000000000256        0.24941103180569713
51.52000000000026         0.2276886457764937
51.540000000000276        0.20849243954154276
51.56000000000026         0.19307101420985467
51.58000000000026         0.1811222073654341
51.600000000000264        0.1719633155925198
51.62000000000027         0.16497208699651444
51.64000000000027         0.15967160400818028
51.660000000000274        0.15571752469425984
51.68000000000027         0.15286781200296257
51.70000000000028         0.15096116182210748
51.72000000000028         0.1498980967146986
51.74000000000027         0.14963121877879978
51.760000000000275        0.15016036880888012
51.7800000000003          0.1515326469034589
51.80000000000028         0.15384728546422985
51.82000000000029         0.15726595685091943
51.84000000000029         0.16202953852671584
51.8600000000003          0.1684819902121085
51.8800000000003          0.17709810214861824
51.90000000000029         0.18849447959491614
51.92000000000029         0.20332254410588974
51.94000000000029         0.2218860157273679
51.96000000000029         0.24293832110056138
51.980000000000295        0.2628694643055131
52.00000000000032         0.2780164162988062
52.02000000000031         0.2866000687995159
52.040000000000305        0.28911641879173205
52.060000000000315        0.2862335826265742
52.080000000000304        0.2772503892821655
52.10000000000031         0.2616961789797842
52.12000000000032         0.2413845365344862
52.14000000000031         0.2198960457179518
52.160000000000316        0.20083369629289638
52.180000000000334        0.185476220775243
52.200000000000344        0.17355264149887262
52.220000000000326        0.16440431808187797
52.240000000000336        0.15741587779352506
52.26000000000035         0.152116597574218
52.280000000000356        0.14816447236528021
52.30000000000036         0.14531947192117173
52.32000000000036         0.14342019045121562
52.34000000000036         0.14236734886780372
52.360000000000355        0.14211363392602802
52.380000000000365        0.14265890720068578
52.40000000000036         0.1440502133079054
52.42000000000036         0.1463865747638256
52.44000000000037         0.14982911229723206
52.460000000000385        0.15461740229203044
52.48000000000037         0.16109304062931756
52.50000000000037         0.1697218271368655
52.52000000000037         0.18110628670534934
52.54000000000038         0.19589110054835573
52.560000000000365        0.21432999805892192
52.580000000000375        0.23515563117907554
52.60000000000037         0.2547809118983821
52.62000000000037         0.269635422887578
52.64000000000037         0.2780194465382728
52.660000000000366        0.2804722654886291
52.68000000000036         0.2776685223596208
52.70000000000036         0.26890103801632254
52.72000000000037         0.2536564481298882
52.74000000000038         0.23366064177398543
52.76000000000038         0.21240482305013272
52.7800000000004          0.19350616610964702
52.800000000000395        0.17823850022870763
52.8200000000004          0.166356782875644
52.8400000000004          0.1572233246312499
52.8600000000004          0.15024102172478568
52.8800000000004          0.1449452180679507
52.900000000000404        0.1409968679361989
52.92000000000042         0.13815736752015415
52.94000000000041         0.13626597374629415
52.96000000000042         0.13522368364238563
52.9800000000004          0.13498327039312158
53.00000000000041         0.13554456037197757
53.02000000000042         0.13695467377725842
53.040000000000425        0.13931186719529487
53.06000000000042         0.1427764908985415
53.08000000000042         0.1475861854188134
53.100000000000435        0.1540779336208453
53.12000000000043         0.16271196179344055
53.140000000000434        0.174076415404778
53.16000000000043         0.18879285990774547
53.18000000000044         0.20708334559543556
53.20000000000043         0.22765778401728337
53.22000000000043         0.24695885120419875
53.24000000000044         0.26151202949959135
53.260000000000424        0.2696944052163132
53.28000000000044         0.2720842429338684
53.30000000000042         0.2693619065886204
53.320000000000434        0.26083422800499484
53.34000000000044         0.24591820169694673
53.36000000000045         0.22623601418362105
53.38000000000045         0.20525556083932278
53.40000000000046         0.18653197819612594
53.42000000000047         0.17136087423402652
53.44000000000046         0.15952782333673318
53.46000000000047         0.15041763986958834
53.480000000000466        0.1434466146980426
53.500000000000476        0.13815731824786287
53.520000000000486        0.13421440475289537
53.54000000000048         0.1313811062396024
53.56000000000049         0.1294974728999508
53.58000000000048         0.12846529869264162
53.60000000000049         0.12823738161979337
53.62000000000051         0.12881363860774844
53.6400000000005          0.1302407412920235
53.660000000000494        0.13261666461750715
53.6800000000005          0.13610035408181037
53.700000000000514        0.14092705312513115
53.7200000000005          0.1474292372471183
53.740000000000514        0.15605879898167332
53.7600000000005          0.1673891465634336
53.78000000000051         0.18201822947415017
53.80000000000051         0.2001378226564406
53.82000000000049         0.22043926160503208
53.84000000000049         0.23936650334779097
53.86000000000048         0.253621235636309
53.8800000000005          0.26162121414672895
53.90000000000049         0.26394897304301557
53.92000000000049         0.261305161689465
53.94000000000049         0.2529976600017433
53.96000000000049         0.238409108691591
53.98000000000051         0.2190885537992309
54.00000000000052         0.1984059696321434
54.02000000000054         0.17988017152874422
54.04000000000052         0.16482405212685555
54.06000000000053         0.15305275866803494
54.08000000000054         0.1439744397687945
54.100000000000534        0.13702004238233262
54.12000000000053         0.1317398459687888
54.14000000000054         0.12780448004240613
54.16000000000056         0.1249787088857089
54.18000000000054         0.12310393067398986
54.20000000000054         0.12208220032825962
54.22000000000055         0.12186668894470302
54.24000000000054         0.12245712399699211
54.260000000000545        0.12389975837657827
54.28000000000055         0.12629185257341258
54.30000000000055         0.1297910116894547
54.32000000000055         0.13462981033518834
54.34000000000056         0.14113561034930264
54.360000000000554        0.1497511304317382
54.38000000000055         0.16104147468483887
54.40000000000055         0.1755790646263738
54.42000000000055         0.19352052485873902
54.44000000000055         0.21351065091064783
54.46000000000055         0.23207781577936842
54.48000000000056         0.24602124057806488
54.50000000000056         0.25381774103219606
54.520000000000564        0.25608292291467866
54.54000000000056         0.2535187555271271
54.56000000000056         0.2454328989138321
54.58000000000055         0.23117669502939617
54.600000000000556        0.21222823169596716
54.62000000000056         0.19185881859777223
54.64000000000056         0.17354735018088735
54.66000000000058         0.158627926693335
54.68000000000058         0.14692352038788492
54.70000000000058         0.13788278839778603
54.72000000000058         0.13094959994457053
54.74000000000059         0.12568286312524385
54.76000000000059         0.12175651239952567
54.78000000000059         0.11893890679637333
54.80000000000061         0.11707296209996776
54.82000000000059         0.11606149332049323
54.84000000000061         0.11585794926758125
54.860000000000596        0.11646195222948302
54.8800000000006          0.11791922504723094
54.9000000000006          0.12032587329886199
54.92000000000059         0.12383736454354567
54.9400000000006          0.12868189277836317
54.960000000000605        0.13518280438508468
54.98000000000062         0.14377337635232212
55.000000000000604        0.15499783046555263
55.02000000000061         0.16940951046704705
55.04000000000062         0.18713685083158538
55.060000000000606        0.20681464155629475
55.0800000000006          0.22501651207355092
55.100000000000584        0.2386400622198899
55.120000000000616        0.24622942018121274
55.140000000000576        0.24843084993767828
55.160000000000615        0.24594681407232488
55.180000000000604        0.238085739002167
55.20000000000061         0.2241348493689509
55.22000000000062         0.20561613421773467
55.24000000000063         0.1856029909619728
55.260000000000645        0.16751738028910715
55.28000000000063         0.15272783580383475
55.300000000000644        0.14111209291749113
55.32000000000065         0.13212233518690777
55.34000000000064         0.12521846924505067
55.360000000000646        0.11996936427699874
55.38000000000064         0.11605485423139997
55.40000000000065         0.11324671803458841
55.42000000000066         0.11138983420462724
55.44000000000067         0.11038809468193325
55.46000000000066         0.11019537053784724
55.480000000000665        0.11081100144169417
55.500000000000675        0.11228024147301184
55.52000000000067         0.11469782211568207
55.54000000000066         0.11821690056655568
55.56000000000067         0.123062572294616
55.58000000000068         0.12954992127445292
55.600000000000676        0.13810185085829013
55.62000000000069         0.1492457035969157
55.64000000000069         0.16351165617347033
55.66000000000067         0.18100364322607687
55.68000000000067         0.20035047890516175
55.70000000000066         0.21817491845414974
55.72000000000064         0.23147364786288893
55.74000000000065         0.23885538884568625
55.76000000000064         0.2409938307877989
55.78000000000064         0.23858928915952538
55.80000000000066         0.2309330154616509
55.820000000000654        0.21734773496016838
55.84000000000067         0.1992253843520845
55.860000000000674        0.1795631422037931
55.88000000000068         0.1617343160745175
55.900000000000695        0.1471131252815155
55.920000000000684        0.13560130365250972
55.940000000000694        0.12667390052554198
55.96000000000069         0.11980741242786563
55.9800000000007          0.1145814548749664
56.0000000000007          0.11068244746424076
56.0200000000007          0.10788632922193131
56.0400000000007          0.10603948108327074
56.0600000000007          0.10504731596965806
56.080000000000716        0.1048641023656398
56.10000000000072         0.10548925141622842
56.120000000000715        0.1069672313648565
56.14000000000072         0.1093914154141604
56.16000000000071         0.11291224716467581
56.18000000000072         0.11775025163636449
56.20000000000072         0.12421316506232873
56.22000000000074         0.13271239443859964
56.24000000000073         0.14375817242136216
56.26000000000072         0.15785792257379894
56.280000000000726        0.1750930452827964
56.30000000000072         0.19408332680280108
56.32000000000071         0.2115614702504706
56.34000000000071         0.22451608913208243
56.36000000000072         0.23166808940710706
56.38000000000071         0.23374242047669122
56.40000000000073         0.23141833756244892
56.42000000000071         0.22398857780233433
56.44000000000072         0.21075182629245043
56.460000000000726        0.19303834683268492
56.48000000000073         0.17374635207815897
56.50000000000073         0.15619615838421438
56.52000000000074         0.1417637137409189
56.54000000000076         0.1303728495204463
56.560000000000755        0.12152101803419758
56.58000000000076         0.11470239741921785
56.600000000000755        0.10950633494223387
56.62000000000076         0.10562727790256798
56.64000000000074         0.1028454620717832
56.66000000000077         0.10101058643481532
56.68000000000078         0.10002902468671457
56.700000000000756        0.09985555871570613
56.720000000000766        0.10048932617450075
56.74000000000078         0.10197369853205374
56.76000000000077         0.10440007973755527
56.78000000000078         0.10791588333146508
56.80000000000077         0.11273687860320056
56.820000000000775        0.11916314858541495
56.84000000000078         0.12759257001027452
56.860000000000795        0.13851553680411394
56.88000000000078         0.15241572201554143
56.90000000000077         0.1693632924734389
56.920000000000776        0.18801792997719285
56.940000000000765        0.20509450615400812
56.96000000000076         0.21771249985677915
56.980000000000764        0.22465394961792465
57.00000000000076         0.22666482717446243
57.02000000000076         0.22442101458236333
57.040000000000774        0.21721907950229255
57.060000000000755        0.20433607831750641
57.08000000000077         0.18704248242992405
57.10000000000078         0.1681374555893113
57.1200000000008          0.15086547738607126
57.1400000000008          0.13665409976552373
57.16000000000082         0.12540770778129096
57.180000000000824        0.1166475279790545
57.200000000000806        0.10988623951465422
57.220000000000816        0.10472773737836426
57.240000000000826        0.1008738517321209
57.26000000000083         0.09810974652964088
57.280000000000825        0.09628812387424843
57.30000000000082         0.09531704124778666
57.32000000000084         0.09515198304656024
57.34000000000083         0.09579191477112955
57.36000000000084         0.09727913058749348
57.38000000000084         0.09970287270200458
57.400000000000844        0.10320755556744117
57.42000000000084         0.108001937664121
57.44000000000084         0.11437767230019866
57.46000000000086         0.12272107718650709
57.48000000000084         0.13350617995715916
57.500000000000846        0.14719582803115835
57.52000000000084         0.1638428831063096
57.54000000000084         0.18211224993558564
57.56000000000081         0.19877639468475616
57.58000000000081         0.2110537329299318
57.600000000000804        0.21778422513038728
57.6200000000008          0.21973161591754006
57.64000000000082         0.21756733268133402
57.660000000000814        0.2106141699583718
57.68000000000084         0.19810372743459906
57.700000000000834        0.18119737511067363
57.720000000000844        0.16267148543669782
57.740000000000855        0.14574969669094004
57.760000000000865        0.1317688777146924
57.78000000000088         0.12068048409788128
57.80000000000088         0.11202599199179097
57.820000000000874        0.10533484123858933
57.84000000000087         0.10022307204875429
57.86000000000088         0.0964007728798657
57.88000000000088         0.09365848894469819
57.900000000000894        0.09185225065009532
57.920000000000876        0.09089195409605705
57.94000000000088         0.09073384187943688
57.960000000000896        0.09137665511572951
57.98000000000089         0.09286152824053484
58.000000000000895        0.09527544173374616
58.020000000000884        0.09875828370399989
58.0400000000009          0.10351396319681047
58.0600000000009          0.10982477924806024
58.08000000000091         0.11806435154872806
58.100000000000925        0.12868989505287085
58.12000000000089         0.14214494747739193
58.140000000000896        0.1584675634352891
58.1600000000009          0.17633143898500028
58.180000000000874        0.1925696629993219
58.20000000000087         0.20449916530511142
58.22000000000086         0.21101505490257036
58.24000000000086         0.21289933937819983
58.26000000000086         0.2108161980616225
58.28000000000086         0.2040922851489357
58.30000000000088         0.19194616007389867
58.320000000000896        0.1754822539152807
58.3400000000009          0.15737901149680417
58.3600000000009          0.1407996432494711
58.38000000000091         0.1270720338496756
58.400000000000915        0.11616230034779096
58.42000000000094         0.10763105122996089
58.44000000000092         0.10102412725647009
58.460000000000925        0.09596981267432603
58.48000000000092         0.09218630013847152
58.500000000000924        0.08947099043229541
58.52000000000093         0.08768288463967952
58.54000000000093         0.08673396431634953
58.56000000000092         0.08658125118910502
58.58000000000093         0.087223205985722
58.600000000000946        0.08869956734560071
58.62000000000094         0.09109461620270293
58.64000000000093         0.0945440481482626
58.660000000000935        0.09924556384298379
58.680000000000945        0.10547243566323677
58.70000000000095         0.11358566640233793
58.720000000000944        0.12402597680310971
58.74000000000096         0.13721824623985723
58.76000000000093         0.15321649454001043
58.78000000000094         0.17062359840495167
58.800000000000935        0.18637724700553385
58.82000000000093         0.19796770192459867
58.840000000000934        0.20428934863730225
58.860000000000916        0.20611022753422134
58.880000000000926        0.2041080666305036
58.90000000000092         0.19761693059249813
58.92000000000095         0.1858437176364783
58.94000000000094         0.16983914440442624
58.96000000000095         0.1521822873722022
58.980000000000956        0.1359718998473143
59.000000000000966        0.1225236837437882
59.02000000000098         0.11181638152044278
59.04000000000097         0.10342832349412534
59.06000000000099         0.0969214727238952
59.08000000000098         0.09193708501850734
59.10000000000099         0.08820221480186413
59.12000000000097         0.08551904454228225
59.14000000000099         0.08375111205666788
59.16000000000099         0.08281263082570195
59.180000000001           0.08266152200254084
59.200000000001005        0.08329594297944558
59.220000000000994        0.08475408831691822
59.240000000001004        0.08711728646669131
59.260000000001           0.0905165663131716
59.280000000000996        0.0951428220509874
59.300000000001006        0.10125962170735395
59.320000000001           0.10921797742580389
59.340000000001           0.11944415962192664
59.360000000001           0.13234762661029112
59.38000000000101         0.14793300759089076
59.40000000000099         0.16487164933177392
59.420000000001           0.18015274421940472
59.440000000000985        0.19136860150716228
59.460000000000996        0.197465024750254
59.480000000000985        0.19921857230212817
59.50000000000098         0.19729687573210397
59.52000000000099         0.19104350925739075
59.540000000000994        0.1796577933173613
59.560000000001004        0.16413777657725764
59.58000000000101         0.14698821411573412
59.60000000000102         0.1311723393807068
59.62000000000102         0.11802277732572358
59.64000000000102         0.10753827776938935
59.66000000000103         0.09931247580094942
59.68000000000104         0.0929205461237858
59.70000000000105         0.08801417784415219
59.72000000000103         0.08432929149941727
59.74000000000104         0.081674142832082
59.76000000000105         0.07991611570338071
59.780000000001046        0.07897146779892805
59.800000000001035        0.07879862947177947
59.820000000001045        0.07939486370648892
59.84000000000107         0.08079608499352016
59.86000000000105         0.08307935630808948
59.88000000000105         0.0863707388751379
59.90000000000105         0.09085290715125564
59.92000000000105         0.09677914487374312
59.94000000000108         0.10448460995810666
59.96000000000105         0.11437894964416052
59.98000000000107         0.12685398522548472
60.00000000000104         0.14190643521428037
60.02000000000106         0.1582344689641251
60.04000000000104         0.1729178264925115
60.06000000000104         0.18366708507667037
60.08000000000103         0.1894855349255391
60.10000000000104         0.1911552558733663
60.12000000000102         0.18932955508313612
60.14000000000104         0.18334670143182594
60.16000000000107         0.17241847505852098
60.18000000000105         0.1575399839983002
60.20000000000107         0.14099594681166103
60.22000000000108         0.12570581675680523
60.240000000001075        0.11297440755854053
60.260000000001085        0.10280842667795444
60.28000000000108         0.09481857305969986
60.300000000001106        0.0885964037161506
60.320000000001095        0.08380669030189085
60.3400000000011          0.08019497562941964
60.36000000000109         0.07757613748644993
60.3800000000011          0.07582169100748964
60.40000000000111         0.07484999065975452
60.4200000000011          0.0746194404187632
60.440000000001085        0.07512584361463448
60.4600000000011          0.07640166328986557
60.48000000000113         0.07851898307207879
60.500000000001116        0.08159547144997778
60.5200000000011          0.08580370324922736
60.54000000000111         0.09138329587539475
60.56000000000112         0.0986520212722492
60.58000000000112         0.10799905363835911
60.60000000000112         0.11979684865186711
60.62000000000112         0.1340376375368085
60.6400000000011          0.1494619897921615
60.66000000000112         0.16327551319297479
60.68000000000108         0.1733690800022562
60.70000000000108         0.17876612413789264
60.72000000000107         0.18031047070695203
60.74000000000109         0.17861840183140876
60.76000000000109         0.17304630620103273
60.7800000000011          0.16279921456881496
60.80000000000112         0.14879618818724769
60.82000000000112         0.13316146593552652
60.84000000000112         0.11868766456501366
60.86000000000114         0.1066363548660763
60.88000000000115         0.09701840113598276
60.90000000000116         0.08946340475268175
60.920000000001146        0.08358284889663209
60.94000000000117         0.07905894672845712
60.96000000000115         0.07564891894638617
60.98000000000116         0.07317810738069237
61.00000000000116         0.07152484336083946
61.020000000001154        0.0706117773223006
61.040000000001164        0.0703997594088395
61.060000000001175        0.07088477536955529
61.080000000001185        0.07209773390427712
61.100000000001174        0.07410706155285453
61.12000000000117         0.07702434147574785
61.14000000000117         0.0810132332423159
61.16000000000117         0.08630113811388679
61.18000000000118         0.09318995706567483
61.200000000001175        0.10204981191463862
61.2200000000012          0.11321732506728183
61.24000000000118         0.12671001381571492
61.26000000000118         0.14133632621600883
61.28000000000115         0.1544051198085011
61.30000000000115         0.16386336897302492
61.32000000000114         0.168912373492457
61.34000000000113         0.17035211218987853
61.360000000001136        0.16877857534556984
61.38000000000114         0.16356990866813514
61.40000000000114         0.15393564757041306
61.42000000000116         0.14072931033330616
61.44000000000118         0.1259348159124358
61.46000000000118         0.11222069592762444
61.48000000000118         0.10080232593352109
61.500000000001194        0.09169160077169304
61.5200000000012          0.0845412602880668
61.5400000000012          0.07897678985297818
61.5600000000012          0.07469667312500314
61.58000000000123         0.07147215003436828
61.6000000000012          0.06913689444135183
61.62000000000121         0.06757553126147982
61.640000000001216        0.06671471657608052
61.660000000001205        0.06651729841221332
61.680000000001215        0.06697938225006844
61.700000000001225        0.06813012158371924
61.720000000001235        0.07003422324403662
61.740000000001224        0.07279730222637974
61.76000000000122         0.07657482262881253
61.78000000000122         0.08158028483906189
61.800000000001226        0.08809882157597201
61.820000000001244        0.09647858622634921
61.840000000001226        0.10705297497430445
61.86000000000122         0.11981993407513618
61.8800000000012          0.1336567830468799
61.90000000000123         0.1460155990733275
61.92000000000119         0.15495765978289097
61.940000000001206        0.15972936686775543
61.96000000000119         0.16109091087854407
61.9800000000012          0.15960723766399731
62.000000000001194        0.15468919930326422
62.020000000001204        0.14558555705528464
62.04000000000121         0.13310305279241894
62.06000000000122         0.1190886638323659
62.08000000000125         0.10612480297175643
62.100000000001245        0.09533633204096717
62.120000000001255        0.08672773179392014
62.14000000000125         0.07996723040814
62.16000000000125         0.07470715491551808
62.18000000000125         0.07066226277694296
62.20000000000126         0.06761616943815894
62.22000000000128         0.06541157244777249
62.24000000000126         0.06393938315126414
62.260000000001256        0.06313028670129751
62.280000000001266        0.06294921817798306
62.30000000000127         0.06339258639385267
62.32000000000128         0.06448829755372568
62.34000000000127         0.06629735328732234
62.360000000001286        0.06891989141766466
62.380000000001274        0.07250255282022341
62.40000000000128         0.07724886255491387
62.420000000001274        0.08342846352009414
62.440000000001284        0.0913711079926783
62.46000000000127         0.10139250622601456
62.480000000001276        0.113490511302972
62.50000000000128         0.12660107673911017
62.520000000001254        0.13831005263988533
62.54000000000125         0.14678176060167628
62.56000000000124         0.1513027847731845
62.58000000000126         0.15259414771470456
62.60000000000124         0.1511915598258763
62.620000000001255        0.14655187988962276
62.640000000001265        0.13794934151728708
62.66000000000124         0.12609556251924356
62.68000000000128         0.1128228423137392
62.700000000001296        0.10054487927054312
62.7200000000013          0.0903277214999262
62.74000000000131         0.0821757524168582
62.760000000001284        0.0757747147619181
62.78000000000132         0.07079527477640139
62.800000000001326        0.06696724672771809
62.82000000000132         0.06408568452884196
62.840000000001325        0.0620016212292037
62.86000000000132         0.060611643619254384
62.880000000001324        0.059850509792930384
62.90000000000131         0.05968486776657105
62.92000000000132         0.06011144219667789
62.940000000001326        0.06115660707068978
62.96000000000132         0.06287862207620078
62.980000000001326        0.0653724315711404
63.000000000001336        0.0687771702301863
63.020000000001325        0.07328593960276206
63.04000000000133         0.07915466185771822
63.06000000000135         0.086696324440115
63.08000000000134         0.0962105020514461
63.10000000000135         0.10769502595184274
63.120000000001326        0.12013988887928878
63.14000000000132         0.13122246364661158
63.16000000000128         0.13928036645007688
63.180000000001264        0.1435873644157249
63.20000000000131         0.14481494699645187
63.22000000000128         0.14348593216452687
63.240000000001295        0.13908527258516756
63.26000000000131         0.13092420293696874
63.28000000000132         0.11967800601521399
63.30000000000131         0.1070852396890898
63.320000000001336        0.09543653767773007
63.34000000000134         0.08574368331013198
63.360000000001335        0.07801087264849701
63.38000000000137         0.07193989607414256
63.40000000000137         0.06721769316502005
63.420000000001366        0.06358902190711883
63.44000000000137         0.06085888861691465
63.46000000000138         0.05888586253685405
63.4800000000014          0.05757197566151908
63.50000000000137         0.056855084766450646
63.520000000001396        0.056703877013087815
63.54000000000137         0.05711536313347058
63.560000000001395        0.058114715044192126
63.58000000000137         0.059757404816117514
63.60000000000138         0.06213376844554058
63.62000000000141         0.06537613463526111
63.64000000000139         0.06966810198378016
63.66000000000141         0.0752529568578186
63.68000000000137         0.0824339050110574
63.700000000001396        0.09149321754583302
63.720000000001384        0.10242271745789801
63.74000000000138         0.11423883582043337
63.76000000000134         0.12478053140756336
63.78000000000138         0.13244493027828258
63.80000000000137         0.13654235871168444
63.82000000000138         0.13771150555456285
63.84000000000137         0.1364496836380497
63.860000000001364        0.13226734580585625
63.88000000000137         0.1245096174641889
63.90000000000137         0.11381859731527975
63.92000000000141         0.10184730717747856
63.94000000000141         0.09077398011260308
63.96000000000142         0.08156646926288998
63.980000000001425        0.07421296746091603
64.00000000000142         0.06844283411361164
64.02000000000143         0.06395718375340977
64.04000000000143         0.060511397881145526
64.06000000000141         0.05792027544540536
64.08000000000146         0.056049380319174315
64.10000000000143         0.05480561486970719
64.12000000000144         0.05412996011311148
64.14000000000142         0.053992751266046926
64.16000000000143         0.05439131445712635
64.18000000000146         0.055349785475575654
64.20000000000147         0.056921122589081045
64.22000000000146         0.059191040387444986
64.24000000000146         0.06228652933413846
64.26000000000147         0.06638256844150786
64.28000000000145         0.0717117797806165
64.30000000000146         0.07855932180205231
64.32000000000146         0.087198028986323
64.34000000000144         0.09761886227368112
64.36000000000142         0.10888432191539071
64.38000000000142         0.11893463731705793
64.40000000000138         0.12624219362362463
64.4200000000014          0.13014965788845484
64.44000000000143         0.1312658990876465
64.46000000000139         0.1300650877819774
64.4800000000014          0.12608085721514142
64.50000000000142         0.1186606681921903
64.52000000000142         0.10850117980104104
64.54000000000144         0.09711402413651325
64.56000000000147         0.08655822314430309
64.58000000000149         0.07777271396446186
64.60000000000147         0.07076832942273445
64.62000000000148         0.06527333201087049
64.64000000000148         0.06100279769034651
64.66000000000149         0.057723587839129724
64.6800000000015          0.05525922531988464
64.7000000000015          0.05348163303647371
64.72000000000152         0.05230214717320734
64.7400000000015          0.05166459750552678
64.7600000000015          0.05154080451649761
64.7800000000015          0.051928239875481126
64.8000000000015          0.05285019921486047
64.8200000000015          0.054357399165061104
64.84000000000151         0.056532283969638275
64.86000000000153         0.059495536063222956
64.88000000000153         0.06341467606193735
64.90000000000153         0.06851199291807625
64.92000000000151         0.07505995291902601
64.94000000000152         0.08331920226160078
64.9600000000015          0.0932810074130117
64.9800000000015          0.10404946235037144
65.00000000000146         0.11365630025747041
65.02000000000145         0.12064184917807681
65.04000000000146         0.12437797389346443
65.06000000000145         0.12544657128785255
65.08000000000145         0.1243007681271652
65.10000000000146         0.12048279802930122
65.12000000000145         0.11340752388058249
65.14000000000149         0.10370216594414354
65.1600000000015          0.09282432012974816
65.18000000000151         0.0827415490950269
65.20000000000152         0.07435096119502164
65.22000000000153         0.06766273439932788
65.24000000000153         0.06241707824689139
65.26000000000154         0.05834169649724791
65.28000000000152         0.0552138271266192
65.30000000000155         0.05286487470287841
65.32000000000153         0.0511727061608546
65.34000000000157         0.05005219739587107
65.36000000000156         0.04945007270143139
65.38000000000156         0.049339512384179905
65.40000000000155         0.049718323049444076
65.42000000000155         0.050608820003497104
65.44000000000158         0.05205972246468225
65.46000000000159         0.05415016714505937
65.48000000000155         0.05699593619575997
65.50000000000159         0.0607576338198782
65.52000000000156         0.065648310845332
65.54000000000156         0.07192908844213872
65.56000000000158         0.07984973676356216
65.58000000000156         0.0894018051188504
65.60000000000156         0.09972725509029681
65.62000000000153         0.10896344347019314
65.6400000000015          0.11564782483833388
65.66000000000152         0.11921868023477568
65.68000000000153         0.1202446287249847
65.70000000000151         0.11914828940312998
65.72000000000153         0.11549094533552981
65.74000000000153         0.1087120837858208
65.76000000000154         0.09941312070161834
65.78000000000156         0.08899125911798672
65.80000000000157         0.07933222431382134
65.82000000000158         0.07129560996819347
65.84000000000157         0.06489094513623757
65.86000000000158         0.05986930068042307
65.88000000000159         0.05596963591188606
65.9000000000016          0.05297801054431523
65.9200000000016          0.05073314005398275
65.9400000000016          0.04911792530185393
65.96000000000159         0.0480513377611833
65.9800000000016          0.04748212979904159
66.00000000000163         0.04738473142913845
66.0200000000016          0.047757207939888066
66.04000000000161         0.04862115052489695
66.06000000000161         0.05002349831391736
66.0800000000016          0.052040415645873014
66.10000000000163         0.05478333792608013
66.12000000000161         0.05840682443470132
66.14000000000163         0.06311471891587786
66.16000000000162         0.06915665295978425
66.18000000000161         0.07677173844835068
66.20000000000162         0.08595797878685468
66.22000000000162         0.09590869989995857
66.2400000000016          0.10479462656208494
66.26000000000158         0.11122585630564819
66.28000000000158         0.11466223986690147
66.30000000000157         0.1156507744190591
66.32000000000157         0.11459812930623174
66.34000000000158         0.11108272731531058
66.3600000000016          0.10456588261517322
66.38000000000159         0.09562625850617268
66.4000000000016          0.08560774772740767
66.42000000000162         0.07631170752104885
66.44000000000163         0.0685958014780713
66.46000000000166         0.06244611026590938
66.48000000000165         0.05762417735425133
66.50000000000165         0.053880382582545176
66.52000000000166         0.05101010230156832
66.54000000000167         0.04885827183358359
66.56000000000165         0.047312344162281555
66.58000000000166         0.04629448487325056
66.60000000000166         0.045755524900277796
66.62000000000165         0.04567101852953946
66.64000000000166         0.04603928593817917
66.66000000000165         0.04688131768325668
66.68000000000166         0.04824280371925094
66.70000000000168         0.0501969081277931
66.72000000000166         0.05285133613370239
66.74000000000169         0.05635510754403044
66.76000000000167         0.06090547135570569
66.78000000000169         0.06674346622492283
66.80000000000167         0.07409968892696972
66.82000000000167         0.08297209641157073
66.84000000000165         0.09258182168015866
66.86000000000162         0.10116288102207845
66.88000000000163         0.10737361283537769
66.90000000000161         0.11069271331890716
66.92000000000161         0.11164842524514836
66.94000000000162         0.11063361999897714
66.96000000000163         0.10725327111691738
66.98000000000164         0.10097739002621561
67.00000000000166         0.0923276518090788
67.02000000000167         0.08264433134527893
67.04000000000168         0.07369217707416921
67.06000000000174         0.06624989406532332
67.0800000000017          0.06031986572583745
67.1000000000017          0.055671805859030324
67.12000000000171         0.05206471838552509
67.1400000000017          0.049301087351604066
67.16000000000172         0.04723126941539826
67.18000000000174         0.04574669069782632
67.20000000000175         0.04477231076557237
67.22000000000172         0.04426078649449915
67.24000000000173         0.04418869700033223
67.26000000000172         0.04455461687933319
67.28000000000172         0.045379023005376024
67.30000000000173         0.046706061594645895
67.32000000000173         0.04860712738402271
67.34000000000175         0.05118648720799269
67.36000000000175         0.05458858619093348
67.38000000000174         0.05900461955237102
67.40000000000174         0.06466818976932065
67.42000000000174         0.07180269840445941
67.44000000000173         0.08040599827810377
67.46000000000171         0.0897230061361985
67.4800000000017          0.09804202225327632
67.50000000000168         0.10405157064228886
67.52000000000166         0.10728035954151668
67.54000000000164         0.10820739244538678
67.56000000000166         0.10722459324747216
67.58000000000165         0.1039492658290566
67.60000000000169         0.09786889663568628
67.62000000000171         0.08948926778212167
67.64000000000172         0.08010943554278326
67.66000000000173         0.07143926674836168
67.68000000000175         0.06423297776679443
67.7000000000018          0.05849261724452657
67.72000000000178         0.05399488062036739
67.74000000000176         0.05050616403210669
67.76000000000177         0.04783505373252182
67.78000000000179         0.04583630688150737
67.80000000000175         0.04440538734754922
67.82000000000177         0.043469287932596135
67.8400000000018          0.042982251967839565
67.86000000000175         0.042921714894241306
67.88000000000176         0.04328648182216372
67.90000000000178         0.044096655615402575
67.92000000000178         0.045395306768176956
67.94000000000179         0.04725198805292515
67.96000000000177         0.04976820589041863
67.98000000000178         0.05308452632961451
68.00000000000179         0.05738696159868093
68.0200000000018          0.0629027259917779
68.04000000000178         0.06984902221989683
68.06000000000179         0.07823864794006839
68.08000000000176         0.08729041112464989
68.10000000000174         0.09536318745453509
68.12000000000172         0.10123287343548522
68.14000000000172         0.10437332463347816
68.16000000000172         0.10527409774747457
68.18000000000171         0.1043172809912171
68.20000000000172         0.10113167653554948
68.22000000000175         0.09522001013805458
68.24000000000176         0.08707547396588394
68.26000000000177         0.07796236082196292
68.28000000000179         0.06954322559826656
68.3000000000018          0.06255088228815142
68.32000000000181         0.056986903200307075
68.34000000000184         0.052633874838306775
68.36000000000182         0.049264828335871744
68.38000000000181         0.04669437293119397
68.40000000000182         0.04478185233769172
68.4200000000018          0.04342568588671967
68.44000000000182         0.042556178290893004
68.46000000000181         0.04213001662550724
68.47                     0.04207594605923799
