% Model:              ModelBHUp.mph
% Version:            COMSOL 5.6.0.280
% Date:               Oct 21 2021, 16:05
% Dimension:          1
% Nodes:              1403
% Expressions:        1
% Description:        线图
% cln1x                   Height
47.800000000001894        0.27555867303205905
47.81999980576504         0.2953870775255689
47.82000000000189         0.2953809617286037
47.83999980572656         0.31856590065006607
47.84000000000189         0.3185604176922852
47.859999805842975        0.3458879096489105
47.86000000000188         0.34588574711890663
47.87999980627811         0.37835499772420594
47.880000000001885        0.3783624129388639
47.88000019372564         0.37836275789344337
47.90000000000189         0.41722474113718294
47.91999980946582         0.463782861021034
47.92000000000188         0.4638608109027498
47.93999981329116         0.5192659135777908
47.94000000000188         0.5194189867516201
47.95999981922304         0.5833540486332183
47.960000000001855        0.5835458430700484
47.97999982681223         0.6517119955648883
47.98000000000184         0.6517433921398842
47.99999983427845         0.7139218571000949
48.00000000000182         0.713688434277104
48.019999839525696        0.75877675079461
48.020000000001815        0.7585866307206924
48.03999984196941         0.7843491397655402
48.040000000001804        0.784304296398897
48.05999984258635         0.7963840649130989
48.06000000000181         0.7963908359121507
48.07999984254697         0.8012193680957309
48.0800000000018          0.8012289259367089
48.099999842405964        0.8026903115857198
48.1000000000018          0.8026954758708669
48.11999984225329         0.8025236639411529
48.120000000001795        0.8025260159652532
48.139999842073095        0.8013981351726895
48.1400000000018          0.8013992064846425
48.15999984182922         0.7994978604795572
48.16000000000183         0.7994982592605545
48.17999984144173         0.7966256979000195
48.18000000000181         0.7966256703183079
48.19999984074091         0.792040066430603
48.2000000000018          0.7920400204665395
48.219999839387214        0.7839530953249303
48.22000000000181         0.7839530101696774
48.23999983677117         0.7686290730042578
48.24000000000181         0.7686289062525307
48.25999983205031         0.7400090180459494
48.26000000000181         0.7400087070060423
48.279999824754476        0.6930204877664345
48.28000000000183         0.6930199985806477
48.29999981594459         0.6308307228025448
48.300000000001845        0.6308301201785074
48.319999808208394        0.5652518670797247
48.32000000000184         0.5652512670228221
48.339999803502145        0.5065612789394343
48.340000000001844        0.5065607577347031
48.35999980163454         0.4586216059920388
48.360000000001854        0.45859774509375867
48.37999980115042         0.42126192178014
48.38000000000184         0.42125700693794677
48.39999980095829         0.39307590947915366
48.40000000000185         0.3930770314161364
48.419999800788666        0.37262758215614866
48.420000000001835        0.3726295977812339
48.4399998006258          0.3587847937382894
48.44000000000183         0.35878612051345743
48.45999980046995         0.3507655013042384
48.46000000000184         0.3507658338920567
48.47999980032858         0.34811431244539337
48.48000000000185         0.3481136497071955
48.499999800220166        0.35067401061570336
48.500000000001855        0.35067238583809995
48.51999980018566         0.3585763726852709
48.520000000001836        0.3585738448084236
48.53999980031074         0.3722453373779563
48.540000000001825        0.37224246166833724
48.55999980076391         0.39242251023798663
48.560000000001835        0.3924213484097755
48.579999801849524        0.420180695061283
48.58000000000183         0.4201873865912217
48.599999804051336        0.4568699014089507
48.60000000000182         0.456898997603223
48.60000019595227         0.4568994038029219
48.6200000000018          0.5038524527652771
48.639999814075125        0.5609637122272119
48.6400000000018          0.5610720246127582
48.659999821864055        0.6245243986058636
48.660000000001766        0.6245472319655139
48.679999829527006        0.684134743079952
48.68000000000176         0.6841352226645454
48.69999983491557         0.7279894031645298
48.700000000001744        0.7279896929657468
48.71999983742883         0.7534149666197395
48.72000000000175         0.7534151054592576
48.7399998380667          0.7657477769033124
48.74000000000173         0.7657478355578833
48.759999838030026        0.7710055211592953
48.76000000000173         0.7710055433770844
48.77999983788879         0.7728547523220507
48.78000000000174         0.7728547577240111
48.799999837735534        0.7730462617386882
48.800000000001724        0.7730462584415007
48.81999983755399         0.7723084907447187
48.82000000000172         0.7723084816555811
48.839999837306955        0.7708385986896421
48.840000000001716        0.7708385836553325
48.85999983691226         0.7684384575087729
48.86000000000172         0.7684384331549703
48.87999983619531         0.7643857562229623
48.88000000000171         0.7643857136174793
48.89999983480696         0.7569594869760743
48.90000000000172         0.7569594055426613
48.91999983212044         0.7425558382760348
48.92000000000172         0.7425717495724586
48.9399998272694          0.7152759932109344
48.94000000000172         0.7153669249759338
48.95999981977037         0.670054576166956
48.96000000000175         0.6701785621827847
48.97999981071441         0.6097803247590264
48.980000000001766        0.6097602158143615
48.999999802762886        0.5459165993191007
49.00000000000179         0.5458200939555723
49.01999979792752         0.48855958376598363
49.02000000000178         0.4884953964187171
49.03999979601152         0.44155331979091245
49.04000000000179         0.4415289069120847
49.05999979551835         0.40477662304018996
49.06000000000181         0.4047714718785047
49.07999979532546         0.37688352746132564
49.080000000001796        0.37688465927436193
49.09999979515571         0.35648674325929136
49.10000000000178         0.35648890203543493
49.11999979499295         0.34248792668258543
49.12000000000179         0.3424894857647032
49.13999979483738         0.33412516104331147
49.140000000001784        0.3341257795595841
49.15999979469665         0.3309504447056669
49.16000000000178         0.3309501115692513
49.179999794589854        0.33280490534969237
49.18000000000178         0.33280362864709623
49.19999979455902         0.33980663439411085
49.20000000000177         0.33980446336375497
49.21999979469222         0.35235753970820655
49.22000000000175         0.3523549322050421
49.239999795162646        0.3711653946503958
49.24000000000171         0.3711641627707109
49.25999979628312         0.39726018815034364
49.26000000000162         0.39726049273716996
49.27999979855086         0.43194261701619835
49.280000000001344        0.43194301171232163
49.29999980259743         0.4764583327388897
49.300000000000715        0.4764588230282785
49.30000019740396         0.47652678959898115
49.319999999999176        0.5308668624544919
49.33999981686928         0.5913963682741599
49.3399999999954          0.5913969460199019
49.35999982474157         0.6480742024403705
49.35999999998625         0.648074670254648
49.379999830262804        0.6896165229760579
49.37999999996422         0.689616804386397
49.39999983279773         0.7136712712800012
49.39999999991179         0.7136714065180588
49.41999983333427         0.7254302658856115
49.41999999978885         0.7254303242242666
49.43999983301645         0.7305784341902009
49.43999999950504         0.730578457566846
49.459999832230814        0.732539448860787
49.45999999886086         0.7325411903974902
49.47999983064301         0.7329400595314295
49.47999999742686         0.732940765275382
49.49999982733634         0.7324590912175992
49.49999999430306         0.7324593551570682
49.51999982044666         0.7312808797538828
49.519999987663546        0.7312807971299442
49.53999980632316         0.7292222574146396
49.53999997394196         0.7292214256575056
49.55999977814122         0.7256111974942666
49.559999946493           0.7256085940087489
49.579999723910504        0.7188435470055271
49.579999893685155        0.7188399740874305
49.59999962451223         0.7055395442119236
49.59999979704367         0.7055540023483413
49.61999945502166         0.6800908918758283
49.619999632534025        0.6801779787317965
49.639999197420124        0.6375197292933102
49.639999382634365        0.6376438030142044
49.65999886746566         0.5803552739618179
49.659999061981594        0.5803395707064586
49.679998530556205        0.5195402688793019
49.67999873323895         0.5194474368464445
49.69999827640614         0.4648471268804951
49.69999848405371         0.4647847427060287
49.71999816902311         0.42002506642468107
49.71999837863576         0.42000128405011383
49.73999820642879         0.38497614435330363
49.739998416544374        0.38497110940314533
49.759998318243845        0.3584142543299497
49.7599985285535          0.3584153506248764
49.779998430305604        0.3390128050140389
49.779998640785166        0.33901492965435465
49.79999853354643         0.32572295255700806
49.7999987441886          0.32572451259179697
49.81999863717039         0.31781788675916917
49.81999884796786         0.31781783029480015
49.83999874097611         0.3148718379013954
49.83999895191362         0.3148718323265443
49.859998844843616        0.316735710085941
49.85999905588632         0.3167357551536552
49.87999894872134         0.32352682458374205
49.87999915979123         0.3235269227993121
49.899999052577826        0.33563493027604485
49.89999926350637         0.3356350869749086
49.91999915637093         0.3537439283732127
49.91999936681169         0.35374415180672575
49.93999925999738         0.3788490312441274
49.93999946928257         0.378849332236808
49.959999363155376        0.4122083702360844
49.95999957010637         0.4122087602329744
49.979999464975904        0.4550288823410878
49.97999966776512         0.45502936684788325
49.99999956318321         0.5073676982216512
49.999999759531526        0.5073682598413248
49.99999995587974         0.5074637087071523
50.01999984098394         0.5655711771716613
50.039999726632495        0.619914952260161
50.03999990664735         0.6197835298842508
50.059999778574905        0.6595951990212426
50.059999952891786        0.6595034607323166
50.07999980898328         0.682519600945357
50.079999980638604        0.6825042229823639
50.09999982329452         0.6937708674385201
50.09999999426874         0.6937751533292668
50.119999828114345        0.698777838463543
50.11999999911984         0.6987813640096372
50.13999982885445         0.7007748554203632
50.14000000000163         0.7007763985960086
50.15999982870011         0.7012926728729456
50.16000000000162         0.7012932768366898
50.17999982851587         0.7009702679064265
50.18000000000161         0.7009704718414047
50.19999982826255         0.6999819284698635
50.20000000000163         0.6999818068102969
50.21999982785337         0.6981562812023948
50.22000000000162         0.6981554416581136
50.23999982710419         0.6948615267416394
50.24000000000162         0.694858984339048
50.25999982564654         0.6885856751556211
50.260000000001625        0.6885820895363983
50.27999982281907         0.6761265242603781
50.280000000001635        0.6761398103474741
50.29999981770768         0.652106963692581
50.30000000000165         0.6521908360342084
50.319999809802184        0.6116231051162239
50.32000000000164         0.611622643141979
50.33999980025411         0.5569251419889892
50.34000000000166         0.5569245631992851
50.35999979187185         0.49853984028012527
50.360000000001655        0.49853925900648494
50.37999978677825         0.44597469797130285
50.38000000000167         0.44597419083733414
50.39999978476549         0.40289859248520654
50.400000000001675        0.40289818312468373
50.41999978425417         0.3692304190422364
50.42000000000166         0.3692301027676291
50.43999978405981         0.3437309911676446
50.44000000000167         0.3437307551973865
50.45999978388982         0.325120940921489
50.46000000000165         0.3251207732332367
50.47999978372722         0.31238980750915074
50.48000000000166         0.31238969903514274
50.49999978357219         0.3048388817720664
50.50000000000165         0.3048388265822116
50.51999978343285         0.3020597477841191
50.52000000000166         0.30205974288181003
50.539999783329236        0.30391057016817846
50.540000000001655        0.30391061532642943
50.55999978330574         0.3105064166973626
50.56000000000166         0.3105045101516427
50.57999978345521         0.32222665324528066
50.580000000001654        0.32222428848133083
50.59999978396027         0.3397349421258218
50.600000000001636        0.3397337924707491
50.61999978515081         0.3639969271755728
50.62000000000166         0.36400217511651345
50.63999978755116         0.39623391336540725
50.640000000001635        0.39625820079617685
50.65999979182747         0.4376199037160318
50.66000000000163         0.43768275886771857
50.67999979844314         0.48820955599905363
50.68000000000162         0.48830124706211153
50.69999980689869         0.5444220081813049
50.700000000001594        0.5444325605737623
50.700000193104444        0.5444330965527588
50.72000000000159         0.5966907121297836
50.73999982106969         0.6349268288598048
50.74000000000157         0.634839406374225
50.75999982380522         0.6568871144897999
50.76000000000156         0.6568731664142979
50.77999982450785         0.6676909862192179
50.780000000001564        0.66769514419709
50.79999982447923         0.6725549680737903
50.800000000001546        0.6725582382791145
50.81999982433727         0.6745584446687011
50.82000000000155         0.6745598419969205
50.83999982418236         0.6751535954403612
50.840000000001545        0.6751541246929565
50.85999982399679         0.674946721794113
50.86000000000154         0.6749468827013564
50.87999982374028         0.6741030776176701
50.88000000000154         0.6741029285682124
50.89999982332389         0.672460445653131
50.90000000000153         0.6724604267151713
50.91999982255861         0.6694193229567164
50.92000000000155         0.6694192873629847
50.93999982106628         0.6635422961835424
50.94000000000153         0.6635422252744446
50.95999981816836         0.6517725429143372
50.96000000000154         0.6517723977103226
50.979999812926756        0.6289261339501253
50.98000000000155         0.6289258534390645
50.99999980481806         0.590166179489137
51.00000000000157         0.5901657244636754
51.019999795023956        0.5375132588589832
51.0200000000016          0.537512686220162
51.03999978642634         0.48114673654735235
51.04000000000159         0.48114616041057806
51.05999978120362         0.43035175388301133
51.060000000001594        0.43035125106145955
51.07999977914246         0.3887292979994305
51.080000000001604        0.3887288922229676
51.09999977862211         0.35621200800114
51.10000000000161         0.35620718232187615
51.11999977842698         0.3316001929478472
51.120000000001596        0.33160125060130813
51.13999977825688         0.31365425920149387
51.1400000000016          0.31365631324161114
51.15999977809435         0.3013951199810533
51.160000000001595        0.30139665422016154
51.17999977793961         0.29414640716658497
51.1800000000016          0.29414710678012385
51.19999977780095         0.2915137417553486
51.2000000000016          0.29151359042997055
51.21999977769893         0.293361216424548
51.22000000000159         0.2933602211253275
51.23999977767909         0.2998017607674101
51.240000000001594        0.29979995206486815
51.2599997778367          0.3112046710507039
51.2600000000016          0.31120240478005873
51.27999977835906         0.32821672752884956
51.28000000000158         0.3282156073485866
51.29999977958456         0.35177901306934123
51.30000000000158         0.3517840821479219
51.31999978205111         0.3830822874166727
51.32000000000158         0.38310585349162984
51.33999978644194         0.4232719929206903
51.34000000000156         0.42333305056876774
51.35999979323248         0.472400714184227
51.360000000001556        0.4724012693315979
51.37999980191023         0.5269613103788797
51.38000000000154         0.5269618729478411
51.39999981044713         0.5777252305264238
51.400000000001526        0.5775969618060043
51.40000018955587         0.5775973843679296
51.42000000000151         0.6144382850434643
51.43999981926403         0.6356821457135433
51.440000000001504        0.6356693074651552
51.45999981998823         0.646114027370674
51.460000000001514        0.6461140844128215
51.479999819962295        0.6508578351656642
51.4800000000015          0.6508578598636396
51.49999981982015         0.6528653244374767
51.500000000001506        0.6528653339885677
51.519999819664655        0.6535241411252625
51.52000000000151         0.6535241426668181
51.539999819477735        0.6534125843020506
51.540000000001505        0.6534125804275774
51.55999981921809         0.652687736866104
51.56000000000151         0.6526877274551632
51.57999981879448         0.6511936621085921
51.580000000001505        0.6511936442023074
51.59999981801305         0.648355981402655
51.6000000000015          0.6483559470958388
51.619999816486086        0.6427973277778164
51.6200000000015          0.6427972587319056
51.63999981351769         0.6315797783053364
51.64000000000152         0.6315796360390936
51.65999980814588         0.6096808054159821
51.66000000000151         0.6097598933555094
51.679999799833965        0.5723240519546464
51.68000000000151         0.5724474092727887
51.699999789793786        0.521345166569922
51.700000000001545        0.5213380386749572
51.71999978098083         0.46663346067994105
51.720000000001534        0.46654826762835505
51.73999977562898         0.41728483380939196
51.74000000000154         0.4172263010308038
51.759999773519446        0.37684153859868375
51.76000000000154         0.37681912405698836
51.77999977299003         0.345247058511776
51.78000000000155         0.3452422983345488
51.79999977279413         0.3213343704688595
51.80000000000154         0.32133540286154266
51.81999977262395         0.3038972565373015
51.82000000000154         0.3038992838516387
51.83999977246148         0.2919837306119846
51.840000000001524        0.2919852594777913
51.85999977230703         0.2849363554886327
51.86000000000154         0.28493707284757386
51.879999772169015        0.28237194222236134
51.88000000000152         0.2823718322871531
51.89999977206862         0.28415881282060473
51.90000000000152         0.2841578786589167
51.91999977205246         0.29040665764749096
51.92000000000153         0.2904049352463487
51.9399997722182          0.30147438080803746
51.940000000001525        0.3014722103123307
51.95999977275787         0.31799078653224117
51.960000000001536        0.31798970477680977
51.979999774018346        0.3408728498744012
51.98000000000152         0.34087314609675934
51.99999977655107         0.3712822653963689
52.00000000000153         0.37128264932595745
52.01999978105645         0.41033781563473076
52.020000000001495        0.41033829288346974
52.03999978802184         0.45809064475552724
52.04000000000149         0.45809119799088815
52.05999979692177         0.5111053335618436
52.060000000001466        0.511105893808816
52.07999980567717         0.5603513868092604
52.08000000000146         0.5603518351128489
52.09999981183907         0.5959395811459769
52.100000000001444        0.5959398460821396
52.11999981472283         0.616356526622187
52.12000000000145         0.6163566536809274
52.13999981546858         0.6264329566915431
52.140000000001436        0.6264330133646127
52.15999981544536         0.6310483281659998
52.160000000001446        0.6310483530631023
52.17999981530297         0.6330385834782282
52.180000000001435        0.6330385934665059
52.19999981514692         0.6337324402810365
52.20000000000144         0.6337328668317705
52.21999981495865         0.6336826157935616
52.22000000000141         0.633682719986624
52.23999981469585         0.6330389110715922
52.24000000000143         0.6330387306291407
52.25999981426502         0.631652081721978
52.26000000000144         0.6316512538720864
52.27999981346748         0.6289729287657294
52.28000000000143         0.6289705492396571
52.299999811905856        0.6236818162119971
52.30000000000142         0.623678265370088
52.31999980886698         0.6129531011137433
52.32000000000142         0.6129640015354308
52.339999803364975        0.5919156961775764
52.34000000000143         0.5919926658877539
52.35999979484985         0.5558535745723104
52.36000000000144         0.5559765357523538
52.379999784563644        0.5064351099668205
52.38000000000146         0.5064301991321075
52.39999977553534         0.45327974518518754
52.400000000001484        0.4531966976484144
52.41999977005436         0.4053039619627504
52.42000000000147         0.40524656783757507
52.439999767896424        0.3659921434301067
52.44000000000148         0.3659701526625198
52.459999767357964        0.33529591647563217
52.46000000000148         0.33529124806407795
52.47999976716133         0.312077547183215
52.48000000000149         0.31207855891716674
52.499999766991           0.2951609349864238
52.50000000000148         0.2951629218918754
52.51999976682864         0.2836185152732156
52.52000000000148         0.28361840945535655
52.53999976667445         0.27681044163082863
52.54000000000148         0.27681038832634924
52.55999976653712         0.27436446532000625
52.560000000001466        0.27436446159623656
52.57999976643833         0.276153561101172
52.580000000001476        0.2761536067633482
52.59999976642582         0.2822865398588768
52.60000000000146         0.2822866374165447
52.61999976659969         0.29311578121508375
52.62000000000147         0.2931159359848389
52.63999976715666         0.3092576188584756
52.64000000000147         0.30925783906481924
52.65999976845211         0.33160960284964275
52.66000000000145         0.33160989929638957
52.679999771051016        0.36130873235414657
52.68000000000145         0.36130911652831543
52.69999977567094         0.39945050989186326
52.70000000000144         0.3994509874415707
52.71999978281117         0.4460820988648856
52.720000000001434        0.4460826523713256
52.73999979193332         0.4978210079143703
52.740000000001416        0.49782453579768243
52.75999980090721         0.5457940479897557
52.76000000000141         0.5456679742609483
52.77999980722379         0.5803524526032695
52.7800000000014          0.5802738696848703
52.79999981018165         0.6001297536632897
52.80000000000141         0.6001186063667713
52.81999981094899         0.609893826653254
52.8200000000014          0.6098976929156964
52.839999810928454        0.6143871275393142
52.8400000000014          0.6143898900320169
52.85999981078582         0.6163476408038796
52.8600000000014          0.6163487617474939
52.879999810629215        0.6170554855711468
52.8800000000014          0.6170558803891123
52.899999810439624        0.6170439345459031
52.900000000001405        0.6170440229998089
52.91999981017368         0.6164578263817454
52.920000000001416        0.616457640622865
52.9399998097356          0.6151534085438044
52.94000000000141         0.6151525947016737
52.95999980892195         0.6126011757488553
52.96000000000141         0.6125988513930618
52.9799998073257          0.6075285659901888
52.98000000000144         0.6075250430150968
52.99999980421632         0.5972027117133178
53.000000000001414        0.5972130352470211
53.01999979858414         0.5768801714755831
53.02000000000141         0.5769553655580706
53.039999789865774        0.5418988324675367
53.040000000001406        0.5420214487484003
53.0599997793335          0.49378786563107585
53.0600000000014          0.4937873003074194
53.07999977008981         0.4419366949012383
53.080000000001405        0.44193612372760027
53.099999764479726        0.3951076353109243
53.10000000000141         0.3951071363917273
53.11999976227338         0.35673568079846785
53.1200000000014          0.35673527832528573
53.13999976172587         0.32677970873148354
53.14000000000139         0.3267793981756368
53.15999976152849         0.30412691077031373
53.16000000000142         0.3041266794564538
53.17999976135805         0.28762658629538757
53.180000000001385        0.2876264223019836
53.19999976119577         0.2763721186740815
53.200000000001396        0.2763720130276088
53.219999761041834        0.26973853463129444
53.220000000001384        0.26973848148163915
53.23999976090521         0.2673624518638096
53.24000000000139         0.26736244827455347
53.259999760808           0.2691196433698626
53.2600000000014          0.2691196891408857
53.27999976079918         0.27511677988506256
53.280000000001394        0.27511687753403535
53.29999976098115         0.2856988376825121
53.300000000001376        0.28569677540185784
53.319999761555444        0.3014694302153631
53.32000000000139         0.3014683977393112
53.33999976288588         0.3233075427362767
53.340000000001396        0.3233122320679924
53.359999765550945        0.35232770830373983
53.36000000000137         0.3523496511270546
53.379999770285444        0.38960472932860324
53.38000000000139         0.3896616825765218
53.3999997776005          0.4351832831767538
53.400000000001356        0.43526474092125395
53.41999978694487         0.4857320723925916
53.420000000001366        0.48573374435265576
53.43999979613722         0.5325265592252371
53.44000000000135         0.5324012822028844
53.45999980260848         0.5661372954927497
53.46000000000132         0.5660608279340783
53.47999980564044         0.5853241174419117
53.480000000001326        0.5853136145180697
53.49999980642937         0.5947948213597632
53.50000000000133         0.5947986119532949
53.51999980641151         0.5991685870383222
53.52000000000132         0.5991712355958411
53.539999806268646        0.6010954418738083
53.540000000001335        0.6010965051574367
53.55999980611148         0.60181090456519
53.560000000001324        0.6018112733108851
53.57999980592054         0.6018294394759984
53.58000000000133         0.6018295156496324
53.59999980565145         0.6012909374011975
53.600000000001344        0.6012909293774173
53.61999980520614         0.600056199451387
53.62000000000132         0.6000561831834165
53.639999804376366        0.597613467695738
53.64000000000133         0.5976134356170206
53.65999980274545         0.5927330287708841
53.66000000000132         0.5927329632567487
53.67999979956563         0.5827673581203425
53.680000000001336        0.5827672217297153
53.69999979380323         0.563090586004619
53.700000000001324        0.5630903179161295
53.719999784881665        0.5290921684600141
53.720000000001335        0.5290917254723273
53.73999977410335         0.4821764027241015
53.74000000000135         0.48217583782882634
53.75999976464431         0.4315213341635781
53.76000000000134         0.43152076277216905
53.77999975890511         0.3857455776374262
53.780000000001344        0.38574507841787775
53.799999756650365        0.348236904458753
53.80000000000135         0.3482365017833641
53.819999756093814        0.3189600607111371
53.820000000001336        0.31895975005448834
53.839999755895676        0.29682538706865297
53.840000000001346        0.29682635700083393
53.85999975572513         0.28070646720248454
53.86000000000134         0.28070839193219177
53.879999755562935        0.2697161356468755
53.88000000000135         0.26971760248363896
53.89999975540927         0.2632426519196396
53.900000000001334        0.2632433588518344
53.919999755273324        0.2609296716808682
53.92000000000136         0.26092960819413974
53.93999975517771         0.26265568710183684
53.94000000000134         0.2626548577071857
53.95999975517257         0.268525631616805
53.960000000001344        0.26852405260960654
53.979999755362655        0.27887825997625254
53.98000000000133         0.27887624696963226
53.99999975595423         0.294304793435818
54.000000000001336        0.29430379383014055
54.01999975731965         0.31566649627260723
54.02000000000133         0.31567109718362973
54.03999976005092         0.34405630684546423
54.04000000000132         0.3440778351073005
54.05999976489995         0.38052930300234045
54.06000000000133         0.38058518778496514
54.07999977238984         0.42512726549688196
54.080000000001306        0.42520683725973013
54.09999978195641         0.4745671509773479
54.10000000000129         0.4745671614620496
54.11999979136725         0.5202650631439801
54.12000000000128         0.5201405535132585
54.13999979799319         0.5529965009919227
54.14000000000127         0.5529219281155293
54.15999980109924         0.5716351976221336
54.160000000001276        0.5716252561406726
54.17999980190976         0.5808305380509248
54.18000000000129         0.5808342601192039
54.19999980189461         0.5850875415290189
54.20000000000129         0.5850875665853281
54.21999980175151         0.5869758355425143
54.220000000001285        0.58697584613391
54.23999980159378         0.5876905046272708
54.24000000000129         0.5876905074924116
54.259999801401484        0.5877288660634471
54.26000000000129         0.5877288636656189
54.27999980112925         0.5872263004458733
54.280000000001294        0.5872262926766901
54.29999980067673         0.58604868001293
54.3000000000013          0.5860486640697766
54.31999979983083         0.5837006206715045
54.320000000001315        0.5837005890558146
54.33999979816526         0.5789905731949405
54.34000000000129         0.5789905084297634
54.35999979491497         0.5693491003317281
54.3600000000013          0.569348965202935
54.37999978902238         0.5502618791106094
54.380000000001296        0.550333875412327
54.39999977989759         0.5171710823556458
54.400000000001285        0.5172929119142101
54.4199997688732          0.4713664410648154
54.42000000000129         0.47136677169783314
54.43999975919883         0.4218263126853531
54.44000000000129         0.42174842952115915
54.459999753330465        0.3770328919519387
54.46000000000128         0.3769782245815187
54.479999751027336        0.3403297047556789
54.480000000001276        0.34030871249448147
54.49999975046176         0.3116873183727586
54.5000000000013          0.3116828549218857
54.51999975026284         0.2900373629213245
54.52000000000126         0.2900383139338911
54.53999975009218         0.27427479329086335
54.540000000001285        0.27427667744516226
54.55999974993005         0.2635296023384982
54.56000000000126         0.263531040359746
54.579999749776675        0.2572025622474569
54.58000000000128         0.2572032614289274
54.59999974964138         0.2549459498819475
54.60000000000127         0.2549459464780982
54.619999749547404        0.25664191599657904
54.620000000001276        0.25664110774836363
54.63999974954591         0.26239348736350243
54.64000000000127         0.2623919497058214
54.65999974974416         0.27253145803803785
54.66000000000127         0.27252950220125366
54.67999975035301         0.2876346772186372
54.68000000000126         0.28763370128747345
54.680000249649495        0.28763392408110794
54.70000000000127         0.3085481887706735
54.71999975455087         0.3363440987581559
54.72000000000128         0.3363444843014315
54.739999759514426        0.3720588302246646
54.74000000000126         0.37211370443956227
54.759999767179195        0.41573076857344393
54.76000000000125         0.41573132429889514
54.77999977696795         0.4641256071241825
54.78000000000122         0.4641261682252121
54.79999978659731         0.5087992307448895
54.80000000000122         0.5087996757168161
54.81999979337789         0.5407202875850715
54.820000000001215        0.540720546818149
54.83999979655804         0.5588577038093456
54.840000000001204        0.5588578272266733
54.85999979739013         0.5678001321027757
54.860000000001214        0.5678001876087373
54.879999797377664        0.571946624839727
54.8800000000012          0.571946649866738
54.89999979723432         0.5737939405476917
54.9000000000012          0.5737939512093326
54.919999797076045        0.5745016453126655
54.92000000000121         0.5745016482983789
54.93999979688241         0.5745524347767655
54.94000000000123         0.5745524959356663
54.959999796607           0.574077282990323
54.9600000000012          0.5740770966535531
54.979999796147254        0.5729448109985532
54.980000000001226        0.5729440496104834
54.99999979528522         0.570674003781528
55.00000000000121         0.5706718431399506
55.01999979358501         0.5661095715149412
55.020000000001204        0.5661061662533621
55.03999979026423         0.5567546619334532
55.0400000000012          0.5567635992649238
55.059999784241484        0.5381982813947138
55.06000000000122         0.538268767572632
55.07999977491348         0.5059380208314165
55.08000000000122         0.5060589925713035
55.099999763643055        0.46116922396276705
55.10000000000122         0.4611686590251844
55.11999975375333         0.41268216150775655
55.120000000001234        0.412605863018691
55.13999974775585         0.36882167437789604
55.14000000000124         0.3687679044606395
55.159999745404356        0.33288367737974334
55.16000000000123         0.3328630153269455
55.179999744829686        0.3048427451352521
55.18000000000123         0.30483834591490816
55.199999744630034        0.28365116068038565
55.20000000000122         0.2836520921163262
55.21999974445926         0.2682256925301101
55.22000000000123         0.2682275498216702
55.2399997442972          0.2577137798606308
55.24000000000121         0.2577136742683977
55.2599997441441          0.2515277995346088
55.26000000000122         0.2515277465575267
55.279999744009515        0.2493259718070704
55.28000000000122         0.2493259684874991
55.29999974391713         0.250992348495669
55.30000000000123         0.2509923946435182
55.31999974391928         0.256628947787109
55.32000000000122         0.25662904595817154
55.33999974412567         0.266562204151058
55.340000000001226        0.2665623597299061
55.359999744751846        0.28136128840083985
55.360000000001214        0.2813615097001965
55.37999974618722         0.3018553273050962
55.3800000000012          0.3018556252779218
55.39999974905083         0.3290974341209113
55.400000000001214        0.329097820466234
55.40000025095155         0.32911864301662985
55.420000000001195        0.36410544414687546
55.439999761968544        0.4069130779062917
55.440000000001184        0.40691363484402093
55.45999977197953         0.4543257721503268
55.46000000000118         0.45432633401310574
55.479999781827324        0.49801633705302606
55.480000000001155        0.4978930665259955
55.4999997887626          0.5291361453264549
55.500000000001144        0.5290648512819367
55.51999979201687         0.546765977624159
55.52000000000117         0.5467569880417629
55.539999792870496        0.5554467431590886
55.54000000000115         0.55545034495482
55.55999979286075         0.5594751803369535
55.56000000000117         0.5594775665315681
55.579999792717196        0.5612754243743407
55.580000000001164        0.5612763611254404
55.599999792558336        0.5619702798739588
55.60000000000115         0.5619705969043766
55.61999979236334         0.5620263797734463
55.620000000001156        0.5620264368928154
55.63999979208479         0.5615704515089561
55.64000000000116         0.561570269457379
55.65999979161779         0.5604760372929145
55.66000000000115         0.5604752988618991
55.67999979073967         0.5582783322336148
55.68000000000115         0.5582762314142854
55.69999978900479         0.5538584401516398
55.70000000000114         0.5538550791339416
55.71999978561356         0.5447906393887164
55.72000000000116         0.544799147617872
55.7399997794606          0.5267630823252084
55.74000000000116         0.5268321787337651
55.75999976992937         0.4953167336342678
55.76000000000115         0.4954375857930166
55.77999975841291         0.45153810932101135
55.78000000000116         0.4515413781839319
55.799999748307826        0.40403988492125564
55.80000000000117         0.4039651082214818
55.819999742181245        0.3610495201633357
55.82000000000117         0.361049018856476
55.83999973978134         0.325825104871005
55.84000000000116         0.3258247006469306
55.85999973919761         0.2983458425603635
55.86000000000114         0.29834553088028
55.87999973899722         0.27758230816680096
55.880000000001175        0.27758207619800424
55.899999738826324        0.262470331200985
55.900000000001164        0.26247016689149044
55.91999973866436         0.25217301146842835
55.92000000000115         0.25217290575729445
55.939999738511524        0.2461143486805832
55.94000000000116         0.24611429566276027
55.95999973837761         0.24395978829861784
55.960000000001145        0.24395978501165996
55.97999973828681         0.24559525310516597
55.98000000000115         0.24559529934546007
55.999999738292665        0.25111927679083146
56.000000000001165        0.2511193750962255
56.01999973850714         0.26085070988392345
56.02000000000114         0.2608488284995683
56.03999973915061         0.2753482521504758
56.040000000001136        0.27534730842029587
56.05999974062096         0.2954270081204505
56.06000000000115         0.2954313673270571
56.07999974355069         0.3221219106580195
56.08000000000115         0.32214238394219213
56.09999974874327         0.35643194861242494
56.10000000000114         0.35648505910298806
56.10000025125895         0.35648553572520636
56.12000000000112         0.39846313766392194
56.13999976698997         0.4448405816342098
56.140000000001116        0.44483637265644815
56.15999977705474         0.48759182860238903
56.1600000000011          0.48746951545353157
56.17999978414105         0.5179716673987514
56.18000000000111         0.5179018962906006
56.19999978746092         0.5351440503454689
56.2000000000011          0.5351354563604908
56.21999978831675         0.5435914385918714
56.22000000000109         0.5435949819858021
56.239999788266026        0.5475141412746005
56.24000000000111         0.547514166091577
56.25999978802616         0.5492706359236379
56.260000000001114        0.5492706465927263
56.279999787660024        0.5499515873826653
56.280000000001124        0.5499518925022788
56.29999978703054         0.5500108779303099
56.30000000000112         0.5500109314643384
56.31999978586786         0.549572504810607
56.32000000000112         0.5495723265575314
56.339999783660645        0.5485140558882788
56.34000000000113         0.5485140402498295
56.35999977948014         0.5463836406608459
56.360000000001136        0.5463836089915901
56.379999771712825        0.5420930804036824
56.38000000000114         0.5420930136008522
56.39999975767397         0.5332801190715178
56.40000000000114         0.5332799729110161
56.419999733081305        0.5157281390782994
56.42000000000114         0.5157278283405582
56.43999975300386         0.4850339075256948
56.440000000001106        0.48503344618532496
56.45999972104222         0.44220164652328653
56.46000000000111         0.442201007575743
56.47999970880611         0.39566995599352794
56.48000000000111         0.3956693058929076
56.499999711128325        0.35353714914280554
56.5000000000011          0.35353659868297893
56.519999723444386        0.3190163561399253
56.52000000000109         0.31901593516406096
56.52000027655751         0.31899584873091097
56.54000000000107         0.29208990095363435
56.55999975670476         0.27174797965525765
56.56000000000109         0.27174776782902826
56.579999773748085        0.2569449192195867
56.58000000000108         0.25694673025438475
56.58000022625385         0.25694659176697277
56.60000000000107         0.24686113286071124
56.619999807837544        0.2409274971293632
56.620000000001085        0.24092817928264545
56.63999982488182         0.23882047520130217
56.640000000001066        0.23882043338667905
56.64000017512013         0.23882043115496077
56.66000000000108         0.24042721256570865
56.67999985896391         0.24584814743912112
56.68000000000109         0.24584665576955692
56.69999987599181         0.2553941579557938
56.70000000000107         0.25539223415800216
56.70000012401021         0.25539230712494365
56.72000000000107         0.2696123512796159
56.73999990990895         0.28930516490694613
56.7599999266426          0.3154870811095018
56.76000000000107         0.31548718966574535
56.76000007335948         0.31550707987886045
56.78000000000105         0.34919444616379364
56.80000000000106         0.39037278703003536
56.820000027578054        0.4358390442486742
56.840000000001055        0.4775697564596236
56.85999999184107         0.5073390605991674
56.87999999664974         0.5240481097576448
56.90000000000106         0.5322584436392406
56.92000000000106         0.5360684969421387
56.94000000000104         0.537775177143322
56.960000000001045        0.5384402696031997
56.98000000000104         0.5385018622039176
57.00000000000105         0.5380798876841162
57.02000000000105         0.5370551147822307
57.040000000001065        0.534988660223124
57.06000000000105         0.5308244701294383
57.08000000000106         0.5222666470702064
57.10000000000105         0.5051925548216296
57.12000000000102         0.4753627778025019
57.140000000001024        0.43332894185773363
57.160000000001034        0.387634210507882
57.180000000001016        0.3463280859342138
57.200000000001005        0.312500594022155
57.220000000001015        0.2861112956458047
57.24000000000101         0.2661720051274544
57.260000000001           0.2516618440544897
57.28000000000101         0.24177668688408618
57.30000000000101         0.23596260768014768
57.320000000001           0.23389807397470147
57.340000000001           0.23547430184348445
57.360000000001           0.24078802491183365
57.380000000001004        0.2501479341716741
57.400000000001           0.2640934366293777
57.420000000001004        0.2834123388125608
57.440000000001014        0.3091094484045094
57.46000000000099         0.342104440118732
57.48000000000101         0.3824776165495297
57.50000000000099         0.4271360994611397
57.520000000000984        0.4681134899910168
57.54000000000097         0.4970722075078583
57.56000000000097         0.5133528175679347
57.58000000000098         0.5213378598066107
57.60000000000097         0.5250454450647969
57.62000000000098         0.526708877495795
57.640000000000974        0.5273569731477774
57.660000000000984        0.5274175038265135
57.68000000000097         0.5270064920044438
57.70000000000097         0.5260076190709886
57.72000000000097         0.5239934039428242
57.74000000000097         0.5199378982844902
57.76000000000097         0.511616973518006
57.78000000000094         0.4950318391932235
57.80000000000097         0.46582564077228444
57.820000000000974        0.4246683297845787
57.84000000000098         0.3798714997187009
57.86000000000097         0.33936272583550564
57.880000000000976        0.3061896898327584
57.90000000000097         0.28031489411914096
57.92000000000096         0.2607674611249381
57.94000000000095         0.24654452980544342
57.96000000000096         0.2368564458659479
57.98000000000095         0.2311593940924994
58.00000000000096         0.22913770143923237
58.02000000000096         0.23068541259294387
58.040000000000944        0.23589643714692632
58.06000000000096         0.24507355112549278
58.08000000000096         0.2587456262905575
58.10000000000094         0.2776839664048084
58.120000000000935        0.30286897558907655
58.14000000000093         0.33524770500878837
58.160000000000935        0.3748428083638468
58.18000000000093         0.4186280399703432
58.200000000000934        0.4587681883822913
58.220000000000915        0.4870222636435471
58.24000000000093         0.5029754491746903
58.260000000000936        0.5107746691863301
58.280000000000925        0.5143890397667492
58.30000000000092         0.5160103225579568
58.32000000000093         0.516642097642228
58.340000000000934        0.5167006135244779
58.360000000000944        0.5162986876951312
58.380000000000955        0.5153223548045385
58.40000000000094         0.5133550862347686
58.420000000000954        0.5093970654373493
58.440000000000936        0.5012777598130833
58.46000000000094         0.4850814129458764
58.48000000000092         0.4565148293495224
58.5000000000009          0.4162032594664619
58.520000000000906        0.37229244264352596
58.54000000000089         0.33262484852449
58.56000000000088         0.30007074109872406
58.58000000000088         0.27469042792516735
58.600000000000875        0.2555255673649043
58.620000000000886        0.24158572817401727
58.64000000000091         0.23209318332800294
58.66000000000089         0.22651338251218056
58.68000000000089         0.22453638689424063
58.70000000000088         0.22605747277229982
58.72000000000089         0.2311695101882007
58.74000000000088         0.24016942194266264
58.760000000000886        0.25357500587414916
58.78000000000088         0.27215058448715534
58.80000000000088         0.2968632003219322
58.8200000000009          0.3286476619829318
58.84000000000088         0.3674979885127063
58.86000000000089         0.41035434878909244
58.88000000000087         0.44958268507384797
58.90000000000086         0.47736461498667926
58.92000000000086         0.49296959224504483
58.94000000000086         0.5005944315796003
58.96000000000084         0.5041279956884582
58.98000000000085         0.5057135425114762
59.000000000000874        0.506331574610673
59.020000000000856        0.5063885343295169
59.04000000000087         0.5059944452407696
59.06000000000086         0.5050382491087878
59.080000000000844        0.5031135414815545
59.10000000000086         0.49924691362380397
59.12000000000084         0.4912995178349738
59.140000000000846        0.4754029480126499
59.16000000000085         0.44738605738391307
59.18000000000087         0.4079927331969168
59.20000000000085         0.365019537086613
59.22000000000085         0.3260593267954094
59.24000000000085         0.2941425965562398
59.26000000000084         0.2692617580480319
59.28000000000083         0.2504763657667039
59.300000000000836        0.2368164372227587
59.32000000000083         0.22751495245573888
59.34000000000085         0.22204962654406327
59.360000000000824        0.22011677475655061
59.380000000000834        0.2216137799771782
59.40000000000085         0.22663183829809405
59.420000000000826        0.23546254358573215
59.44000000000082         0.24861598083929154
59.460000000000825        0.2668380372848734
59.48000000000082         0.29108003775305186
59.5000000000008          0.32226020239437486
59.52000000000082         0.3603722806940019
59.5400000000008          0.4024094906056555
59.560000000000805        0.44087416236531357
59.5800000000008          0.4680977309679738
59.60000000000078         0.4833791636623489
59.62000000000081         0.4908435590975787
59.640000000000796        0.4943010810476099
59.660000000000785        0.49585506454353534
59.68000000000079         0.49646069074729277
59.70000000000079         0.4965161171268425
59.7200000000008          0.49612979781306815
59.74000000000079         0.4951939157961316
59.760000000000794        0.4933113805647414
59.78000000000079         0.4895253531098277
59.80000000000081         0.4817453619664825
59.82000000000079         0.46617722767737885
59.84000000000079         0.4387240060163587
59.86000000000078         0.4001126918510468
59.880000000000784        0.3578980833801663
59.90000000000078         0.31970871758454733
59.920000000000776        0.28843881912534
59.94000000000078         0.2640556838390977
59.96000000000078         0.24564172819434196
59.98000000000079         0.23224933643842718
60.00000000000077         0.22313280325558807
60.02000000000078         0.21777886643949937
60.04000000000077         0.21588976488760836
60.06000000000077         0.2173649546779248
60.080000000000766        0.22229404032154476
60.100000000000776        0.2309632487064572
60.12000000000077         0.24387320138181603
60.14000000000077         0.26175593198584507
60.16000000000078         0.28554517832673015
60.18000000000076         0.31614246332981005
60.20000000000076         0.3534761008434273
60.22000000000074         0.3947993391379017
60.240000000000734        0.4326419433557326
60.26000000000074         0.4592882726284185
60.280000000000726        0.47421480184741543
60.300000000000715        0.48152137429399056
60.32000000000073         0.48491381405412043
60.34000000000073         0.48643723311744885
60.36000000000072         0.4870311675064532
60.380000000000734        0.4870862935013158
60.400000000000716        0.48670899557481434
60.42000000000072         0.48579335043859134
60.44000000000071         0.48394968318861187
60.460000000000704        0.48024084116677185
60.48000000000071         0.4726284595285306
60.5000000000007          0.457423550286168
60.52000000000073         0.4305562188065672
60.54000000000073         0.39257056670970863
60.56000000000075         0.35115533232694107
60.58000000000072         0.31368805054851645
60.600000000000726        0.2830108373823966
60.62000000000073         0.25909181931775843
60.640000000000725        0.24103021908476016
60.66000000000071         0.22789587754788285
60.68000000000073         0.2189569726323256
60.70000000000071         0.213710011226729
60.72000000000071         0.21186317412222544
60.74000000000073         0.21331873851796257
60.760000000000716        0.2181642386215394
60.78000000000072         0.2266804980645464
60.8000000000007          0.2393581336924828
60.82000000000071         0.256913275100546
60.84000000000071         0.2802570686358651
60.860000000000696        0.31026975438882753
60.88000000000069         0.34697080609385045
60.90000000000069         0.3875401433118541
60.92000000000069         0.4246872407347147
60.94000000000068         0.45077643205876555
60.96000000000068         0.46547589638296527
60.98000000000068         0.4726544964978429
61.00000000000068         0.4759826112495749
61.020000000000685        0.4774778618769953
61.04000000000067         0.4780625623783706
61.06000000000067         0.47811937662636783
61.08000000000068         0.47775244078638224
61.10000000000067         0.47685776297805116
61.120000000000665        0.47505319563149295
61.14000000000069         0.4714197188288347
61.160000000000664        0.46395118901723853
61.18000000000068         0.4489873576786983
61.20000000000067         0.42257654296448144
61.220000000000674        0.38539740544076556
61.24000000000067         0.3447519686394195
61.26000000000066         0.3079729302561356
61.280000000000655        0.2778783981617834
61.30000000000066         0.2543882144907245
61.32000000000066         0.23665854224167618
61.34000000000064         0.22377040981617877
61.36000000000067         0.2150026437075771
61.38000000000064         0.2098599254960179
61.40000000000064         0.20805548322935466
61.42000000000064         0.20949311777074206
61.44000000000064         0.21425996781799583
61.46000000000064         0.22263237190854263
61.48000000000064         0.2350924605873247
61.50000000000064         0.25234733240345786
61.52000000000062         0.27529909036403555
61.540000000000646        0.30481655802927277
61.56000000000062         0.3408937783244052
61.58000000000062         0.3806803148797143
61.600000000000605        0.41707067084348504
61.62000000000061         0.4428074003580997
61.640000000000605        0.4572445427768068
61.66000000000059         0.4642960769423611
61.680000000000575        0.46756735975446434
61.70000000000057         0.46903945776016637
61.72000000000055         0.4696177933456023
61.74000000000055         0.4696779497678674
61.76000000000055         0.4693224196030169
61.78000000000054         0.468448584791426
61.800000000000566        0.46668182256347596
61.82000000000054         0.46311981429178745
61.84000000000055         0.455792743754331
61.86000000000055         0.44110500184462603
61.88000000000055         0.4151715951696118
61.900000000000574        0.37865512361814213
61.920000000000584        0.33879203150508763
61.940000000000595        0.30264682140671073
61.960000000000576        0.2730416250462816
61.98000000000059         0.24997047418822305
62.00000000000058         0.23255943254599454
62.02000000000058         0.2199056584706006
62.04000000000059         0.21130192836366965
62.060000000000564        0.20625847361792427
62.08000000000056         0.20449548242376103
62.10000000000057         0.20591841505783762
62.12000000000058         0.21061310483872375
62.140000000000555        0.21885200394522258
62.160000000000586        0.2311107602101137
62.18000000000054         0.24808429143876404
62.20000000000055         0.2706585665432502
62.22000000000053         0.29968898763366203
62.24000000000052         0.33516960437144505
62.26000000000054         0.374296588432167
62.28000000000052         0.4100811896067656
62.30000000000052         0.4353871605582463
62.32000000000052         0.4495827870103115
62.340000000000515        0.45651874506454365
62.36000000000051         0.45973790006364457
62.38000000000052         0.4611921986683858
62.4000000000005          0.4617676763959207
62.42000000000052         0.46183381483613023
62.44000000000049         0.461491325566948
62.4600000000005          0.46064018883780866
62.48000000000048         0.45891221704957214
62.50000000000048         0.4554201781571274
62.52000000000049         0.44822387746491454
62.54000000000048         0.4337946109003917
62.56000000000049         0.4083073341521703
62.58000000000051         0.3724180537146754
62.60000000000049         0.33315631391594236
62.62000000000051         0.29763565349612675
62.64000000000047         0.26855660561500755
62.66000000000051         0.24588983787608149
62.68000000000048         0.2287809556715796
62.70000000000048         0.2163476656455241
62.72000000000048         0.2078958725495206
62.74000000000048         0.2029481053448033
62.76000000000048         0.20122773147525688
62.78000000000048         0.20264198986968787
62.800000000000495        0.20727543179715033
62.82000000000046         0.21539610208948642
62.840000000000465        0.22747240254816015
62.860000000000454        0.24418911846146493
62.880000000000464        0.2664194362979695
62.90000000000045         0.29500617632318593
62.92000000000045         0.32994362465157145
62.94000000000044         0.3684791494367914
62.960000000000434        0.4038135924226126
62.98000000000045         0.4286818301232452
63.00000000000043         0.4426107391048265
63.020000000000465        0.4494366170315242
63.04000000000044         0.4526175603805737
63.06000000000045         0.45405919060876443
63.08000000000045         0.4546363352226293
63.10000000000046         0.45471258055505986
63.12000000000045         0.4543870603288071
63.140000000000434        0.4535608317977472
63.16000000000045         0.4518717568734775
63.18000000000046         0.4484473372597165
63.20000000000045         0.4413883733112669
63.220000000000454        0.4272513205662848
63.24000000000042         0.4022235114948289
63.260000000000396        0.36679284739071255
63.28000000000042         0.3281406910397366
63.30000000000041         0.29317005500349946
63.320000000000405        0.26455942412334166
63.340000000000366        0.24223084165639472
63.36000000000042         0.22539308081601678
63.38000000000041         0.21316062255306895
63.40000000000039         0.20485001284434645
63.42000000000038         0.1999912827958487
63.44000000000038         0.19831242844245667
63.46000000000039         0.19972330024480567
63.48000000000038         0.2043070425864415
63.50000000000039         0.21232797984179852
63.520000000000366        0.2242469840217532
63.54000000000039         0.24073648804202352
63.560000000000365        0.26265222531618976
63.58000000000039         0.2908213746327826
63.600000000000364        0.325263302466382
63.620000000000374        0.36333106124692777
63.64000000000038         0.3981812292665242
63.660000000000366        0.42271013120276224
63.68000000000036         0.43644665798250165
63.70000000000035         0.44319688664167073
63.72000000000035         0.44634417994497805
63.740000000000336        0.44777744480947
63.76000000000036         0.4483596574236432
63.780000000000335        0.44844883499368154
63.800000000000345        0.4481424849025102
63.820000000000334        0.4473434727783944
63.84000000000033         0.4456944776111512
63.86000000000032         0.44233555029548094
63.88000000000032         0.43539349882009243
63.90000000000032         0.4214705423706261
63.92000000000031         0.39680285313259867
63.94000000000033         0.3618683009113556
63.960000000000306        0.3237516155411656
63.98000000000032         0.2892650193896642
64.00000000000036         0.26103586339218016
64.02000000000032         0.23904036782973193
64.04000000000032         0.22243799103361359
64.06000000000031         0.21038298274418055
64.0800000000003          0.20219890231616078
64.1000000000003          0.197421485529218
64.1200000000003          0.19578239541970088
64.1400000000003          0.19719236764962048
64.16000000000031         0.20173473551027518
64.1800000000003          0.20967126308360481
64.20000000000029         0.221457828550294
64.22000000000031         0.23776242840948866
64.2400000000003          0.2594368472958461
64.2600000000003          0.2873017472104775
64.28000000000027         0.32135281216590517
64.30000000000028         0.358901488710525
64.32000000000026         0.3932437801844332
64.34000000000029         0.41753550508497406
64.36000000000027         0.43117525848405036
64.3800000000003          0.4378585881727978
64.40000000000028         0.4409839909525082
64.42000000000027         0.44241712187295407
64.44000000000028         0.44301031469077823
64.46000000000028         0.4431172038862248
64.48000000000027         0.44283414608594013
64.5000000000003          0.44206518099363873
64.52000000000028         0.4404571057255792
64.54000000000028         0.4371598572896261
64.56000000000029         0.4303220428023831
64.5800000000003          0.41652966996551655
64.60000000000025         0.39212365737275356
64.62000000000023         0.3577085311757195
64.64000000000024         0.32011572286110057
64.66000000000024         0.286025057200449
64.6800000000002          0.2581086872291789
64.70000000000022         0.23636398353104465
64.72000000000021         0.21996686846546698
64.74000000000021         0.20806546335537235
64.7600000000002          0.199991401995829
64.78000000000023         0.19528666067965508
64.80000000000025         0.19368456874703174
64.8200000000002          0.19509859414362682
64.8400000000002          0.19961161315335335
64.86000000000023         0.20748313483622224
64.8800000000002          0.2191656286611748
64.90000000000022         0.23532018937815022
64.92000000000021         0.25678990337356555
64.9400000000002          0.28438920712923516
64.96000000000019         0.3181145871051709
64.98000000000016         0.3553048404605306
65.0000000000002          0.38932283740334184
65.02000000000022         0.4133920786198604
65.0400000000002          0.42691706460181733
65.0600000000002          0.433556575442806
65.08000000000018         0.4366749851315208
65.1000000000002          0.43811901546123494
65.12000000000019         0.4387320334292493
65.1400000000002          0.43886451319320213
65.16000000000024         0.43861123602839713
65.1800000000002          0.4378772302367168
65.2000000000002          0.43631298771873284
65.22000000000021         0.4330759373108061
65.24000000000021         0.426322085213102
65.26000000000019         0.412693435088343
65.28000000000016         0.38854139710868346
65.30000000000015         0.3544676844406248
65.32000000000012         0.31718089947445877
65.34000000000012         0.28343502925049435
65.36000000000011         0.25581494487321993
65.38000000000012         0.23429652390488967
65.40000000000013         0.21806860399371786
65.42000000000014         0.20629270101518232
65.44000000000014         0.19830920586832154
65.46000000000014         0.19366484649171395
65.48000000000012         0.19209779553718612
65.50000000000011         0.19352163617150153
65.52000000000012         0.19801929490590944
65.54000000000012         0.2058490926355683
65.56000000000012         0.21746072507237021
65.58000000000013         0.2335107370014662
65.60000000000015         0.2548363313612351
65.6200000000001          0.2822469009168806
65.64000000000011         0.315740870543816
65.66000000000011         0.3526867633882563
65.6800000000001          0.38657539874683355
65.7000000000001          0.41045045953043213
65.7200000000001          0.4238595878897017
65.74000000000011         0.4304754344685559
65.76000000000009         0.43360710842826933
65.7800000000001          0.43507743317418196
65.8000000000001          0.4357230362742186
65.82000000000012         0.43589156355880976
65.84000000000009         0.4356776752653988
65.86000000000008         0.43498633918294743
65.88000000000008         0.43347038448769437
65.90000000000006         0.4302929320258376
65.92000000000006         0.42363117695362545
65.94000000000007         0.41017656292829097
65.96000000000008         0.38625783831717286
65.98000000000008         0.35232735227494066
66.00000000000007         0.31527850835140164
66.02000000000007         0.2817491032696181
66.04000000000009         0.25430379932700253
66.06000000000007         0.232920985817905
66.08000000000004         0.21679577537407302
66.10000000000007         0.20509553210166606
66.12000000000006         0.19716504242909452
66.14000000000007         0.1925540616965533
66.16000000000005         0.19100260732969285
66.18000000000005         0.19242504430369625
66.20000000000005         0.1969040634140037
66.22000000000006         0.20469833364904674
66.24000000000004         0.21625169768030267
66.26000000000006         0.2322168784239878
66.28000000000004         0.253422881649873
66.30000000000004         0.2806720906702342
66.32000000000005         0.31398848385590195
66.34000000000002         0.35082277004973117
66.36000000000001         0.38457063408724695
66.38000000000002         0.4083692086001109
66.40000000000002         0.4217628400336897
66.42                     0.4284035152862284
66.44                     0.431574597327953
66.46000000000001         0.43309186953352424
66.48000000000002         0.43378646379505853
66.49999999999999         0.4340007146955764
66.51999999999998         0.43382257498666255
66.53999999999998         0.43314633114052464
66.55999999999999         0.43160339412959686
66.57999999999997         0.42831466053803074
66.59999999999998         0.42136273618978365
66.62000000000005         0.4072148335137995
66.64                     0.38180730185339007
66.65556917868598         0.35496284819468726
66.66486410734095         0.3347577820901237
66.67050334466205         0.32405055628625473
66.68342786291694         0.29683503486754687
66.70221906483383         0.2629877772401956
66.71279641487388         0.2451603548503163
66.7484817569465          0.19890286654535416
66.75273604481269         0.19283618123576068
66.75394234668228         0.1915796484115742
66.80173148889813         0.14950944690272444
66.81582653246642         0.14026073390831653
66.84                     0.1276258339869102
