% Model:              ModelBHUp.mph
% Version:            COMSOL 5.6.0.280
% Date:               Oct 20 2021, 22:12
% Dimension:          1
% Nodes:              963
% Expressions:        1
% Description:        线图
% cln1x                   Height
47.80000000000001         0.2678500813199302
47.81999999999392         0.28645597597452466
47.839999999993935        0.3082113776689617
47.859999999993946        0.3338782789223476
47.87999999999395         0.36442357644521467
47.89999999999396         0.40103771852889336
47.919999999993976        0.4450623227035532
47.939999999994015        0.49760575552219893
47.95999999999407         0.558300133405859
47.97999999999414         0.62269454714885
47.99999999999419         0.6806412830879885
48.019999999994226        0.7217074819204147
48.03999999999425         0.7442053351363876
48.05999999999426         0.7538924018655532
48.079999999994264        0.7568661467646127
48.09999999999426         0.7563586025969233
48.11999999999427         0.7531319898039927
48.139999999994274        0.7461381369636975
48.15999999999425         0.7322391453053463
48.17999999999424         0.7059463098976145
48.199999999994176        0.6625017257047396
48.21999999999412         0.6048496678547836
48.2399999999941          0.5442870943718616
48.25999999999408         0.49061920768194284
48.27999999999408         0.44741237909442105
48.29999999999408         0.41435781004991157
48.31999999999409         0.39000650144190396
48.339999999994106        0.3729257147166995
48.359999999994095        0.3620119160703319
48.3799999999941          0.35651960154504736
48.3999999999941          0.3560393856492987
48.419999999994126        0.3604649343636012
48.43999999999412         0.3699793575351798
48.459999999994125        0.3850670528812383
48.479999999994156        0.4065347106729643
48.49999999999415         0.4355336281309805
48.51999999999419         0.4735084184391298
48.53999999999424         0.521846371575601
48.55999999999426         0.5806455285745845
48.57999999999432         0.6458885333592839
48.59999999999438         0.707122341265311
48.619999999994405        0.752475141774724
48.639999999994444        0.7788375806800517
48.65999999999445         0.7913742131265221
48.67999999999446         0.7961307242120175
48.69999999999446         0.7965845925875429
48.719999999994464        0.7937554839469979
48.73999999999446         0.7866515671320767
48.759999999994456        0.771889413036853
48.77999999999442         0.743566188624906
48.799999999994384        0.6966924348944135
48.81999999999433         0.6345158904517428
48.83999999999429         0.5689171845210301
48.85999999999428         0.510204742346873
48.87999999999427         0.4622385335162496
48.89999999999426         0.4248294675336581
48.919999999994275        0.3965509940333481
48.939999999994285        0.3759440291313497
48.959999999994295        0.36185790706402765
48.979999999994305        0.3534983841659204
48.9999999999943          0.35039961525184093
49.01999999999431         0.3523976936304431
49.03999999999432         0.3596198759329782
49.05999999999431         0.37249233794452263
49.079999999994335        0.39176322535239033
49.09999999999436         0.41852156078664454
49.11999999999437         0.4541475950394804
49.13999999999441         0.4999736562564055
49.15999999999446         0.5560824642217549
49.17999999999451         0.6185522274970621
49.19999999999456         0.6771972332204872
49.21999999999459         0.7206325763565266
49.239999999994616        0.7457184649161369
49.25999999999462         0.7577522170920628
49.279999999994644        0.7624567685945594
49.29999999999463         0.7630938489722923
49.319999999994636        0.7606183373511536
49.339999999994625        0.7540882327421609
49.35999999999462         0.7402850495877215
49.379999999994595        0.7135287337774339
49.39999999999456         0.668880101158461
49.41999999999451         0.6092683276601126
49.43999999999448         0.5461392649135093
49.45999999999446         0.4894821088621906
49.47999999999447         0.4432579856070414
49.499999999994465        0.40718661325912414
49.51999999999448         0.37990439197022274
49.53999999999448         0.3600160864842289
49.559999999994496        0.3464183007788066
49.5799999999945          0.33834644600180697
49.5999999999945          0.3353520013424615
49.61999999999452         0.3372779680888043
49.6399999999945          0.34424806119832796
49.659999999994525        0.3566752017102617
49.67999999999452         0.37528447645066354
49.69999999999454         0.40113261223915325
49.71999999999458         0.43555888526970854
49.739999999994595        0.47985654620046186
49.75999999999464         0.5341027400908819
49.77999999999469         0.5944655202223854
49.799999999994746        0.6511495756790963
49.81999999999478         0.6927622910388035
49.8399999999948          0.7168229599591687
49.859999999994805        0.728405421088838
49.879999999994816        0.7330248214191931
49.89999999999482         0.7337719488489012
49.919999999994815        0.7315561153349385
49.93999999999483         0.7254831906141583
49.959999999994814        0.7124831918254745
49.979999999994796        0.6870820262879997
49.999999999994756        0.6443949340754622
50.01999999999468         0.5870602830757305
50.03999999999467         0.5260927891534729
50.05999999999465         0.4714715348823887
50.07999999999465         0.42682780328496367
50.09999999999467         0.3919971016041718
50.119999999994654        0.36566290816604646
50.13999999999467         0.3464760040473415
50.15999999999467         0.3333696804733409
50.17999999999467         0.3256053150334822
50.19999999999468         0.322750949592455
50.21999999999469         0.3246561280967957
50.23999999999471         0.33144271865711517
50.259999999994704        0.3435132124838027
50.27999999999471         0.3615732395723365
50.29999999999474         0.3866500774305974
50.31999999999475         0.4200463171735705
50.339999999994795        0.46302146143383416
50.35999999999483         0.5155531139770003
50.37999999999487         0.5741570132730028
50.399999999994925        0.6290247132565795
50.419999999994964        0.6691545822409499
50.43999999999498         0.6923068206991386
50.45999999999499         0.7034774907308884
50.479999999995           0.7079896667547867
50.499999999995           0.7088016867288881
50.51999999999501         0.7067821066956901
50.53999999999502         0.7010766038005563
50.55999999999501         0.6887545165918705
50.57999999999499         0.664564661894164
50.59999999999494         0.6235837183708857
50.6199999999949          0.5680921970859362
50.63999999999486         0.5090463194096524
50.65999999999484         0.45609640175522026
50.67999999999485         0.4128149905463426
50.69999999999484         0.3790543691468079
50.719999999994855        0.3535377243664416
50.739999999994865        0.33495504206120214
50.75999999999488         0.3222706100340159
50.77999999999488         0.3147676810081573
50.79999999999489         0.3120278463009652
50.819999999994884        0.3139067233460305
50.839999999994895        0.3205242768232268
50.85999999999491         0.33227301089061134
50.87999999999491         0.34984199435896124
50.89999999999493         0.37422378483795593
50.91999999999494         0.40668448890213904
50.939999999994974        0.44844643780869214
50.959999999995006        0.4996059388652534
50.97999999999507         0.5565795168055072
50.99999999999511         0.6098238722881526
51.01999999999515         0.6486427667568819
51.03999999999516         0.6709886154497913
51.05999999999519         0.681787644372693
51.0799999999952          0.6861949939869663
51.09999999999519         0.6870556772013167
51.1199999999952          0.6851990631316107
51.1399999999952          0.6798086226772404
51.15999999999519         0.6680671096567905
51.17999999999517         0.644869549169942
51.199999999995136        0.6053481307297066
51.21999999999509         0.5515747203878908
51.239999999995064        0.49420881561095004
51.25999999999503         0.44272251540151875
51.279999999995034        0.40063723736054335
51.29999999999504         0.3678190417805643
51.31999999999504         0.3430251568244646
51.339999999995044        0.3249795823296026
51.359999999995054        0.312673510199434
51.379999999995086        0.305409136527632
51.39999999999505         0.302779392137346
51.41999999999508         0.3046447807522838
51.43999999999509         0.3111250473399322
51.45999999999509         0.32260041188154154
51.4799999999951          0.33974225829651755
51.49999999999511         0.3635264236018759
51.51999999999514         0.39518917061423614
51.53999999999517         0.43592736155652567
51.559999999995206        0.4858334899589677
51.57999999999525         0.5413848908335396
51.599999999995305        0.5932156652550751
51.61999999999534         0.6308961615282336
51.639999999995354        0.6525434515048234
51.659999999995364        0.6630257240249121
51.67999999999536         0.6673409912555414
51.6999999999954          0.6682385240366825
51.71999999999538         0.6665198959953401
51.73999999999538         0.661392990335846
51.75999999999538         0.6501328057984711
51.779999999995354        0.6277685537701844
51.79999999999533         0.5894858297731537
51.81999999999529         0.5371943486765564
51.83999999999524         0.4812947208865043
51.859999999995225        0.4310910739145041
51.87999999999523         0.3900537565855302
51.899999999995245        0.35805966510841847
51.919999999995234        0.3338958854469542
51.939999999995244        0.3163165261302057
51.959999999995254        0.30433735748451307
51.97999999999525         0.2972773963283835
51.99999999999528         0.2947428386702737
52.01999999999528         0.29659671116006586
52.03999999999528         0.30295460638328964
52.059999999995284        0.31419148630358873
52.079999999995295        0.3309632105150175
52.09999999999531         0.3542255356172132
52.11999999999533         0.38519012099957106
52.139999999995354        0.4250307686783553
52.15999999999539         0.4738362813376848
52.179999999995445        0.5281375327756371
52.199999999995484        0.5785994048133465
52.219999999995515        0.6153215893995126
52.23999999999553         0.6364193026004097
52.25999999999553         0.6466192799867075
52.279999999995546        0.6508391557409416
52.299999999995556        0.6517542428989646
52.31999999999555         0.6501391879673988
52.33999999999555         0.645227179937695
52.35999999999555         0.6343749121550113
52.379999999995526        0.6127319235893036
52.3999999999955          0.5755325206374785
52.41999999999546         0.5245497707408139
52.43999999999543         0.47001675025928547
52.45999999999542         0.420859204965959
52.47999999999542         0.3807468413683733
52.499999999995424        0.3494808549095766
52.51999999999545         0.32587389116799886
52.53999999999544         0.3087036693571482
52.55999999999545         0.29701193008043564
52.57999999999546         0.29013090410614023
52.59999999999547         0.2876729859922872
52.61999999999547         0.28950597008099077
52.639999999995474        0.2957442007924002
52.65999999999549         0.3067563386889779
52.67999999999549         0.3231865963563956
52.6999999999955          0.34597217656076956
52.71999999999552         0.3763014778322942
52.73999999999555         0.4153846574230625
52.759999999995586        0.4632175112396088
52.779999999995624        0.5163089134454462
52.79999999999568         0.5656483620847251
52.81999999999571         0.6014769282764574
52.83999999999572         0.6220170593994061
52.859999999995736        0.6319445291360172
52.879999999995746        0.6360664070490385
52.89999999999575         0.6369859093896091
52.91999999999576         0.6354567219144471
52.939999999995756        0.6307360430533571
52.95999999999575         0.6202408068712573
52.97999999999573         0.5992415469780846
52.999999999995694        0.5630132278912122
53.019999999995655        0.5131884861430422
53.03999999999562         0.4597320654561821
53.059999999995604        0.41166825478952057
53.07999999999561         0.37240225941434846
53.09999999999561         0.3417672113576703
53.11999999999562         0.31864875336926224
53.139999999995624        0.30184340539551474
53.159999999995634        0.29040378325822663
53.17999999999564         0.28367656752992393
53.19999999999564         0.28128141935778317
53.21999999999566         0.283088907222851
53.23999999999567         0.28921163139837575
53.25999999999567         0.3000120524392471
53.279999999995695        0.3161224600134421
53.29999999999569         0.3384676600630781
53.3199999999957          0.3682242186534101
53.33999999999573         0.4065305127291029
53.359999999995765        0.45344087971459307
53.3799999999958          0.5054863699206377
53.39999999999588         0.5537867840910929
53.41999999999589         0.5887741218068534
53.4399999999959          0.6087859932607066
53.45999999999591         0.6184532739993225
53.47999999999591         0.6224785170006931
53.49999999999593         0.6233961325448438
53.51999999999593         0.6219381753540425
53.539999999995935        0.6173773013900147
53.55999999999591         0.607205462950273
53.5799999999959          0.5867795533025587
53.59999999999587         0.551426417481841
53.619999999995855        0.5026707036920264
53.63999999999582         0.45036631098679547
53.65999999999582         0.40321837498490787
53.67999999999581         0.36466586565140796
53.69999999999582         0.3346355353427852
53.71999999999583         0.31197826617935764
53.739999999995824        0.29551266820384686
53.759999999995834        0.28430851151702047
53.77999999999584         0.2777242581364726
53.79999999999585         0.2753871454525923
53.819999999995844        0.27717114248875885
53.839999999995854        0.2831859510765753
53.859999999995864        0.2937901433595921
53.879999999995874        0.30960484283185313
53.8999999999959          0.33153790555947027
53.9199999999959          0.36074530067895366
53.93999999999593         0.39834825326597484
53.95999999999598         0.4443975183257227
53.979999999996004        0.4954665143588765
53.99999999999606         0.5427992724121512
54.019999999996095        0.5770068703841975
54.0399999999961          0.5965310675475656
54.05999999999611         0.6059579947310965
54.07999999999612         0.6098922500533144
54.09999999999613         0.6108036631820112
54.11999999999615         0.6094046885859951
54.139999999996135        0.6049871899914782
54.15999999999614         0.5950964713198459
54.179999999996106        0.5751380232998071
54.19999999999609         0.5405533390083866
54.219999999996034        0.49291441798549956
54.239999999996           0.44159690670773705
54.25999999999599         0.39532059156009186
54.27999999999598         0.35748087740080403
54.29999999999599         0.32800993338615214
54.319999999996           0.30577817176201477
54.339999999996           0.2896244037913689
54.35999999999601         0.2786351675340998
54.379999999996016        0.2721819639712577
54.39999999999603         0.26989673047796015
54.41999999999606         0.27165654870190864
54.43999999999603         0.27757018538034184
54.45999999999606         0.2879875539522806
54.47999999999606         0.3035212184992366
54.499999999996064        0.3250647324165752
54.51999999999612         0.35375536051094536
54.53999999999612         0.3906962987819187
54.55999999999616         0.43593482681937956
54.57999999999621         0.4860839631296015
54.59999999999622         0.5325041274464135
54.61999999999626         0.5659759664611835
54.63999999999627         0.5850412485475609
54.65999999999628         0.5942446494130917
54.67999999999629         0.5980969629119548
54.69999999999629         0.5990025440593619
54.7199999999963          0.5976548250159243
54.7399999999963          0.5933657426613854
54.759999999996296        0.5837414743243021
54.77999999999628         0.5642895856775035
54.79999999999625         0.5304818900200932
54.819999999996234        0.48377854495809497
54.83999999999621         0.43338637667632945
54.859999999996184        0.3879193253060134
54.87999999999619         0.3507412313265212
54.8999999999962          0.3217906426696642
54.9199999999962          0.2999560245571479
54.93999999999622         0.2840961663005488
54.959999999996214        0.27330695626460694
54.979999999996224        0.26697139028921574
54.99999999999623         0.2647304595456575
55.01999999999623         0.26646316018511107
55.039999999996255        0.2722776244569019
55.05999999999625         0.28251819205806805
55.07999999999626         0.29778648570888183
55.09999999999627         0.31896109654816146
55.11999999999629         0.3471622930855357
55.13999999999631         0.38347744123750993
55.15999999999634         0.4279497187565679
55.17999999999637         0.47722559414885024
55.199999999996436        0.5227704448663937
55.21999999999643         0.5555262180863969
55.23999999999645         0.5741450430456205
55.25999999999646         0.5831039849421547
55.27999999999647         0.5868637500236238
55.299999999996494        0.5877565057588336
55.31999999999649         0.5864528481141364
55.33999999999649         0.5822821736456995
55.359999999996475        0.5729073807285833
55.379999999996464        0.5539226504611108
55.39999999999645         0.5208388594129145
55.41999999999641         0.47502215122556307
55.43999999999639         0.42551872681671893
55.459999999996384        0.3808336430357406
55.47999999999638         0.3442748570294612
55.499999999996376        0.31584236760490203
55.519999999996394        0.2943945589463599
55.5399999999964          0.27881309315101505
55.55999999999642         0.2682165255298771
55.57999999999641         0.2619964927984405
55.59999999999641         0.25979895398896496
55.61999999999642         0.26150403534979727
55.639999999996434        0.2672181553015889
55.65999999999644         0.27728117147525894
55.67999999999644         0.29228601395883985
55.69999999999646         0.31309748995595993
55.719999999996475        0.3408174522499773
55.73999999999649         0.3765155127747472
55.759999999996545        0.42023198975270565
55.77999999999657         0.46865466759864927
55.7999999999966          0.5133650937241198
55.81999999999663         0.5455326142560638
55.839999999996635        0.5636717414026614
55.85999999999665         0.5724297311594372
55.879999999996656        0.5761102922033058
55.899999999996666        0.5769896114967942
55.91999999999668         0.5757218788774237
55.93999999999667         0.5716558196427671
55.959999999996676        0.5625123217187366
55.97999999999666         0.5439692260486269
55.999999999996646        0.5115756088719974
56.01999999999662         0.4666097480823983
56.0399999999966          0.4178841853272954
56.05999999999658         0.3739752346303754
56.07999999999657         0.33808627471458397
56.09999999999658         0.3101375375184023
56.11999999999659         0.28905771391030427
56.139999999996576        0.2737456638735895
56.159999999996586        0.26333404669898813
56.17999999999661         0.2572249975147526
56.1999999999966          0.25507109338846556
56.21999999999661         0.2567542989072553
56.23999999999662         0.2623783220950268
56.25999999999663         0.2722766512621317
56.27999999999663         0.2870334948978378
56.29999999999664         0.3075021766626512
56.31999999999667         0.33476968571689053
56.339999999996685        0.36983727454166593
56.3599999999967          0.41282433733492785
56.379999999996755        0.4605182903067766
56.39999999999678         0.5045376159459614
56.41999999999681         0.535917737944343
56.43999999999684         0.5536359623015219
56.45999999999684         0.562181423149925
56.47999999999685         0.5657740222510826
56.49999999999685         0.566634166698102
56.51999999999686         0.5653994627102625
56.53999999999686         0.561435527846451
56.55999999999686         0.5525155208109767
56.57999999999686         0.5344646860767724
56.599999999996825        0.5027850575013524
56.61999999999679         0.4585187029599902
56.63999999999679         0.4106167751580791
56.65999999999677         0.36743318479589776
56.67999999999676         0.3321379610379145
56.699999999996784        0.3046554003403723
56.71999999999678         0.28393015962236057
56.73999999999679         0.26887757919709293
56.75999999999679         0.25864362468783125
56.77999999999679         0.25263986709779895
56.7999999999968          0.25052477653319916
56.81999999999682         0.2521832399756152
56.83999999999682         0.25771828192175994
56.85999999999683         0.26745793750033825
56.87999999999683         0.2819761165398743
56.899999999996844        0.30211189584653575
56.91999999999687         0.32891673664089055
56.939999999996886        0.36343809292388723
56.9599999999969          0.40573206258999583
56.97999999999695         0.4526398185063825
56.99999999999697         0.49588041686618944
57.01999999999699         0.5266363756222575
57.039999999997           0.5439650788216249
57.059999999997004        0.5523148858186518
57.07999999999702         0.555828159040519
57.09999999999704         0.5566729028847249
57.11999999999704         0.5554672290264056
57.139999999997045        0.5515956654494287
57.15999999999704         0.5428962121041859
57.179999999997015        0.5252391476030421
57.199999999997004        0.4941947420193348
57.21999999999697         0.4507172887165157
57.23999999999696         0.40361067996133904
57.25999999999694         0.36112823268030936
57.27999999999695         0.3264070237144879
57.29999999999696         0.2993751548796824
57.31999999999697         0.2789927490459632
57.33999999999697         0.26419111554737323
57.35999999999698         0.25412908902980214
57.37999999999698         0.24822728200300978
57.39999999999699         0.24614951021698941
57.41999999999698         0.24778261744430524
57.439999999997006        0.25322859089594246
57.45999999999703         0.26281362902089006
57.47999999999702         0.2770985039997223
57.49999999999702         0.29690811846301873
57.51999999999705         0.32329049369854357
57.53999999999708         0.3572644199444928
57.559999999997096        0.3988868441495677
57.57999999999713         0.4450314155117563
57.599999999997166        0.48751486621242385
57.6199999999972          0.5176622401070557
57.639999999997194        0.5346087781001834
57.65999999999721         0.5427670432892159
57.67999999999722         0.5461951472326432
57.69999999999723         0.5470179825714907
57.71999999999725         0.5458411119670238
57.739999999997245        0.5420613694867171
57.75999999999724         0.533564556498717
57.77999999999724         0.5162962243648469
57.79999999999718         0.4858674127555744
57.81999999999718         0.4431549339811843
57.83999999999716         0.39681967166093346
57.85999999999714         0.3550172941935783
57.87999999999714         0.32085289543357387
57.89999999999715         0.2942582501033617
57.91999999999715         0.2742084643565121
57.939999999997156        0.2596503226437867
57.959999999997166        0.2497551305124569
57.979999999997176        0.24395225585167943
57.99999999999717         0.24191066007089687
58.01999999999719         0.24351973165527072
58.039999999997185        0.2488791165846793
58.05999999999719         0.25830812438906015
58.079999999997234        0.2723636623714227
58.09999999999722         0.29185739768486624
58.11999999999724         0.3178222996515977
58.13999999999725         0.35126140670089656
58.15999999999728         0.3922277622895436
58.17999999999732         0.4376272963043965
58.199999999997345        0.4793739883437626
58.21999999999736         0.5088655307808252
58.239999999997394        0.5255035556539779
58.25999999999738         0.5334810629254241
58.279999999997386        0.5368284748944345
58.29999999999739         0.5376316588603444
58.319999999997385        0.5364818865552348
58.33999999999739         0.5327897598786462
58.35999999999738         0.5244877259675707
58.37999999999737         0.5075942535282988
58.39999999999737         0.47775977403669034
58.41999999999737         0.435785602536795
58.43999999999735         0.39019966297488895
58.45999999999734         0.34905912830079505
58.47999999999734         0.31544250127446427
58.49999999999734         0.28927932791419575
58.51999999999736         0.2695572639845326
58.53999999999736         0.25523678893966273
58.559999999997366        0.24550626273096499
58.579999999997376        0.2398018358010964
58.599999999997394        0.23779742276229499
58.61999999999739         0.23938340939395752
58.63999999999739         0.24465880523915248
58.65999999999741         0.2539381199239534
58.67999999999741         0.2677702521723425
58.69999999999743         0.2869557736487064
58.71999999999744         0.31251319073603
58.739999999997444        0.34543137168003735
58.75999999999747         0.3858302882634871
58.7799999999975          0.43042850505479363
58.79999999999753         0.4713495657728427
58.81999999999754         0.5003973974536589
58.83999999999756         0.516684759392437
58.859999999997555        0.5244855027277354
58.87999999999756         0.5277592580182523
58.899999999997576        0.5285459249327761
58.919999999997565        0.5274221125857155
58.93999999999756         0.5238121766318615
58.95999999999756         0.5156895778274246
58.97999999999755         0.49913106967234444
58.99999999999755         0.4698355173100025
59.019999999997545        0.42856521029647177
59.03999999999753         0.3837208860817157
59.05999999999752         0.34324809789115696
59.07999999999756         0.3101745859809573
59.09999999999754         0.28443997883703065
59.119999999997546        0.26503646266863334
59.13999999999755         0.2509543912916164
59.15999999999756         0.24138712240415813
59.17999999999756         0.23578050188228156
59.19999999999756         0.23381361203377268
59.2199999999976          0.23537870582482742
59.239999999997586        0.24057343406405823
59.25999999999759         0.24970765353926894
59.27999999999759         0.26332208288692577
59.29999999999759         0.2822094694032932
59.31999999999761         0.3073817642304235
59.33999999999763         0.33981812631053454
59.35999999999766         0.37953818558560976
59.379999999997686        0.4234288243972334
59.39999999999771         0.4636646485150691
59.419999999997735        0.4921800002309645
59.43999999999776         0.5081415004605478
59.45999999999777         0.5157776998583148
59.47999999999778         0.518980437560131
59.499999999997776        0.5197479662530422
59.5199999999978          0.5186443085804452
59.539999999997804        0.5151068436184978
59.559999999997764        0.5071544807994809
59.57999999999778         0.49094412763833634
59.59999999999777         0.4622188716537519
59.61999999999775         0.4216669936887164
59.63999999999773         0.377608748996342
59.659999999997716        0.33774298223531585
59.679999999997726        0.30515036459474143
59.69999999999772         0.2797981859370176
59.719999999997725        0.2606999831810422
59.73999999999774         0.24684177986623157
59.75999999999774         0.23742844035404687
59.77999999999775         0.23191380428097827
59.79999999999776         0.22998152323211726
59.81999999999775         0.23152526354093422
59.839999999997765        0.2366409800588545
59.859999999997775        0.2456316803931474
59.87999999999778         0.25903426303962035
59.899999999997796        0.2776269365972229
59.91999999999781         0.30240505898942566
59.93999999999783         0.33433460688606786
59.95999999999784         0.37343414092271016
59.97999999999788         0.41663279678780435
59.999999999997904        0.4562157097161263
60.01999999999792         0.4842443656498339
60.039999999997946        0.4999192515781393
60.05999999999793         0.5074142171503675
60.07999999999793         0.5105571833221375
60.09999999999792         0.5113102424263536
60.119999999997944        0.5102274541565361
60.139999999997926        0.5067575975941269
60.15999999999794         0.49895617904634043
60.179999999997946        0.48298123339954196
60.19999999999793         0.4547012144607198
60.21999999999793         0.41493001411751024
60.23999999999791         0.3715720967310693
60.25999999999791         0.33233444742410007
60.27999999999792         0.30025624724461825
60.29999999999792         0.2753064557284214
60.31999999999793         0.2565134894675984
60.33999999999792         0.2428786761139197
60.359999999997946        0.2336190128452652
60.37999999999793         0.2281967797291351
60.399999999997945        0.22630054116985834
60.41999999999794         0.2278250889565563
60.439999999997966        0.2328656983294212
60.45999999999796         0.24172298978498552
60.479999999997965        0.2549222587003803
60.499999999998           0.27323152388407257
60.51999999999799         0.29763138396513505
60.53999999999803         0.32907364863819666
60.55999999999807         0.3675761200096844
60.57999999999807         0.41010923868125065
60.5999999999981          0.4491823696233021
60.61999999999811         0.4766928808528348
60.63999999999812         0.49203272326031644
60.65999999999814         0.49939395127802516
60.679999999998124        0.5024804375223157
60.699999999998134        0.5032202218845567
60.719999999998144        0.5021592503800153
60.73999999999815         0.4987540480521936
60.75999999999815         0.49108187404045467
60.77999999999814         0.47538904604694954
60.79999999999813         0.44757770258674184
60.81999999999812         0.40843397201882986
60.83999999999812         0.36576150163800614
60.859999999998095        0.32713395780790316
60.87999999999811         0.29555560390373703
60.89999999999811         0.2709965956546717
60.91999999999812         0.25249989692515434
60.93999999999811         0.23908349780950178
60.959999999998125        0.22997222589244537
60.97999999999816         0.22463872603156151
60.99999999999815         0.22277686164624735
61.01999999999815         0.22428387432644056
61.03999999999814         0.22925305207858765
61.05999999999815         0.23798053102501263
61.07999999999817         0.25098376571040626
61.09999999999817         0.26901932515899984
61.11999999999821         0.2930532215283364
61.1399999999982          0.32402310166872833
61.15999999999821         0.36194610783906117
61.17999999999826         0.4038359136441087
61.19999999999826         0.4421958823336574
61.21999999999828         0.4693281162696286
61.239999999998304        0.4844905113442431
61.25999999999831         0.4917229860870728
61.27999999999832         0.49476240245548214
61.299999999998334        0.49549446971263056
61.31999999999833         0.49445407976215894
61.33999999999833         0.4911081347200343
61.35999999999833         0.4835649007654162
61.379999999998326        0.4681283555608554
61.39999999999832         0.44075796574825465
61.4199999999983          0.40221994677817086
61.43999999999829         0.3601997254987304
61.459999999998296        0.32216118694087964
61.4799999999983          0.2910656884167806
61.499999999998316        0.2668806055115687
61.51999999999832         0.24867464804754785
61.53999999999832         0.2354666872321393
61.559999999998325        0.22649982663859025
61.57999999999833         0.22125358833042819
61.59999999999834         0.21942657704140214
61.61999999999834         0.22091799714064012
61.639999999998366        0.22582022635329888
61.659999999998355        0.2344253997575102
61.67999999999837         0.24724352029352767
61.699999999998376        0.26502025226132403
61.71999999999839         0.28870777034835093
61.73999999999841         0.3192303132291143
61.75999999999842         0.35660439515817893
61.77999999999844         0.3978845653174836
61.79999999999846         0.4356788457134691
61.81999999999848         0.462402073742762
61.83999999999849         0.4773315584261416
61.859999999998486        0.48445312367280935
61.8799999999985          0.4874479492898553
61.899999999998506        0.48817230713329335
61.91999999999852         0.48715256989969974
61.93999999999854         0.4838640458825646
61.959999999998516        0.47644435266863966
61.97999999999852         0.4612522227578976
61.99999999999851         0.4343013311827786
62.0199999999985          0.396338657584446
62.03999999999849         0.35487307745930774
62.05999999999848         0.317412089000527
62.0799999999985          0.2868039477483886
62.09999999999851         0.2629949890492619
62.11999999999853         0.2450609431650749
62.1399999999985          0.23205245553583856
62.15999999999852         0.22322362107004065
62.17999999999853         0.21806152771708676
62.19999999999852         0.21626911530258341
62.21999999999853         0.2177470170105189
62.23999999999853         0.22258662113028818
62.259999999998556        0.23107648159283678
62.27999999999855         0.2437210542357716
62.29999999999856         0.26124911688028624
62.31999999999857         0.2846133202663053
62.33999999999858         0.3147134151063107
62.35999999999863         0.35156907471955223
62.37999999999861         0.39228269447051284
62.39999999999864         0.42965180409846837
62.41999999999866         0.4559455441337531
62.43999999999867         0.47060304264794023
62.459999999998686        0.4776253329472403
62.47999999999868         0.480581514826191
62.499999999998685        0.48130091134017966
62.5199999999987          0.48030216399595554
62.539999999998706        0.47706826982429146
62.559999999998716        0.469763798384352
62.579999999998705        0.45485727627561473
62.59999999999869         0.4283492775306569
62.61999999999869         0.3908260946329903
62.63999999999867         0.34993932346209067
62.6599999999987          0.3130075365581859
62.67999999999866         0.28283287070355556
62.69999999999869         0.2593628738287276
62.71999999999869         0.24168635446551032
62.7399999999987          0.22886728196173978
62.759999999998705        0.2201702356690382
62.7799999999987          0.2150895628340733
62.79999999999873         0.21333246583766316
62.81999999999872         0.21480104631928315
62.83999999999873         0.2195854222643346
62.85999999999872         0.22797036135626292
62.87999999999876         0.2404541321189872
62.899999999998776        0.2577566712284791
62.91999999999875         0.2808013641778294
62.939999999998776        0.31048286812268133
62.95999999999879         0.3468419455348542
62.97999999999883         0.3870896454902387
62.999999999998835        0.4239702082915567
63.01999999999884         0.4499183140600474
63.03999999999888         0.4643842448766816
63.059999999998865        0.47131846246487585
63.07999999999886         0.47424269432147015
63.09999999999891         0.4749613977924225
63.119999999998896        0.4739861385489781
63.139999999998906        0.4708038769322613
63.15999999999891         0.4636197687416122
63.179999999998905        0.44892183733310276
63.19999999999888         0.42278078618129206
63.21999999999889         0.3857629757382918
63.239999999998865        0.34541940928141107
63.25999999999885         0.30897628707663927
63.27999999999888         0.2792017159429153
63.29999999999886         0.2560449490893828
63.31999999999886         0.23860697068490472
63.33999999999887         0.2259640385592488
63.359999999998934        0.217390410059722
63.37999999999892         0.21238718293960698
63.399999999998904        0.2106656117263999
63.41999999999892         0.21212936319284373
63.43999999999891         0.2168677039539036
63.45999999999895         0.22516371171267785
63.47999999999891         0.23750316053176973
63.49999999999895         0.25460568337682776
63.51999999999898         0.2773794279587315
63.53999999999897         0.30671037943753876
63.55999999999898         0.3426394420265955
63.579999999998996        0.38241041445007823
63.59999999999902         0.41885263761331154
63.61999999999904         0.4444915228786826
63.63999999999904         0.4587874703024981
63.65999999999908         0.46564528016403495
63.67999999999907         0.46854572218544566
63.69999999999909         0.469265309437682
63.7199999999991          0.46831281253358
63.73999999999909         0.4651849952334295
63.75999999999911         0.45810417339739545
63.77999999999907         0.4436018107937277
63.79999999999908         0.4177917249986022
63.81999999999907         0.3812282893508301
63.839999999999065        0.34137260772588063
63.859999999999054        0.3053686440922662
63.879999999999065        0.27595415715188415
63.89999999999907         0.2530798168550634
63.919999999999064        0.23585739338022613
63.939999999999095        0.22337402343908702
63.959999999999084        0.21491257361457022
63.97999999999908         0.20998018643638428
63.9999999999991          0.20829185505340658
64.01999999999911         0.20975348400486638
64.03999999999911         0.21445329174032973
64.05999999999912         0.2226697554479981
64.07999999999913         0.23488784740616955
64.09999999999914         0.25181500756906894
64.11999999999915         0.2743523639740097
64.13999999999919         0.30337555325763066
64.15999999999917         0.3389257175526374
64.17999999999918         0.3782769070973815
64.19999999999919         0.4143349794083655
64.2199999999992          0.4396477281042732
64.23999999999921         0.453850515217515
64.25999999999922         0.4606546327690227
64.27999999999923         0.4635332336141951
64.29999999999923         0.46425922085886684
64.31999999999923         0.463332446648265
64.33999999999924         0.46025527861916526
64.35999999999925         0.4532691329745164
64.37999999999924         0.4389411609954713
64.39999999999924         0.41342301109678053
64.41999999999925         0.3772591356834856
64.43999999999924         0.3378945377770995
64.45999999999924         0.302260220962416
64.47999999999927         0.27311921277470325
64.49999999999925         0.25049447666607677
64.51999999999927         0.23346289993614053
64.53999999999928         0.22112139299891556
64.55999999999929         0.21275930217858693
64.5799999999993          0.20789229945787463
64.5999999999993          0.20623665981534267
64.61999999999931         0.20769890818909878
64.6399999999993          0.21236736734435938
64.65999999999931         0.22051839450032576
64.67999999999932         0.23263310737080128
64.69999999999933         0.2494129539727534
64.71999999999933         0.27175100684768316
64.73999999999936         0.30051480678679676
64.75999999999934         0.3357452066424209
64.77999999999936         0.3747339215649566
64.79999999999939         0.41036890373832224
64.8199999999994          0.4355652234681245
64.8399999999994          0.44964947528537924
64.85999999999942         0.4564059937876484
64.87999999999943         0.45927532842105123
64.89999999999942         0.46001350843444133
64.91999999999945         0.45911552963735713
64.93999999999944         0.4560880472692393
64.95999999999945         0.4491880171381889
64.97999999999944         0.4350127059427153
64.99999999999943         0.4097458430569453
65.01999999999944         0.37391610265651953
65.03999999999947         0.3348637440188854
65.05999999999942         0.2995767421732652
65.07999999999943         0.2707509028102774
65.09999999999944         0.24833915528626424
65.11999999999945         0.23147012612347317
65.13999999999946         0.21925041317779004
65.15999999999947         0.21097802737405702
65.1799999999995          0.20616921068627783
65.19999999999948         0.20454475441856237
65.21999999999949         0.20601245481295943
65.23999999999948         0.2106603443677684
65.25999999999951         0.2187628381070888
65.27999999999952         0.23079754671453298
65.29999999999953         0.2474610837324283
65.31999999999954         0.26965740513683606
65.33999999999955         0.298242485505803
65.35999999999954         0.3332372803502558
65.37999999999954         0.37188609682486096
65.39999999999958         0.40727040881624776
65.41999999999959         0.4322965866550341
65.43999999999959         0.4462962120267251
65.4599999999996          0.45302517140956067
65.47999999999962         0.4558977299243261
65.49999999999959         0.45665619441637006
65.51999999999963         0.4557913604183085
65.53999999999961         0.452813137111382
65.55999999999962         0.4459908104258147
65.57999999999963         0.4319452119952198
65.59999999999962         0.40688453797735946
65.61999999999964         0.3713374522435941
65.63999999999963         0.33263011330019937
65.65999999999967         0.29758723775606544
65.67999999999964         0.26894838808306065
65.69999999999966         0.24669218030532522
65.71999999999964         0.22995037601115398
65.73999999999965         0.21782959725663575
65.75999999999965         0.2096296248767592
65.77999999999967         0.20487027426859145
65.79999999999971         0.20327459090911928
65.8199999999997          0.204751466431638
65.83999999999969         0.2093890324467452
65.8599999999997          0.21745917687174854
65.87999999999968         0.2294414003635915
65.8999999999997          0.246030007068049
65.91999999999972         0.2681130164747641
65.93999999999974         0.29655356738871025
65.95999999999972         0.33137109813271903
65.97999999999975         0.3698275529053498
65.99999999999976         0.405043675933596
66.01999999999975         0.42996340131578215
66.03999999999976         0.44391967741202293
66.05999999999979         0.4506464862380484
66.07999999999981         0.4535388129507268
66.09999999999981         0.45432913318953316
66.11999999999979         0.45350525417504156
66.13999999999986         0.45057910606918206
66.15999999999983         0.44382777481489666
66.17999999999982         0.4298306661537852
66.19999999999983         0.40487351768516194
66.21999999999983         0.3696171132771805
66.23999999999982         0.33111576425971656
66.25999999999982         0.2962468188652252
66.27999999999982         0.2677479024290976
66.29999999999983         0.24559985552650004
66.31999999999984         0.22893974368117226
66.33999999999985         0.21687898245201284
66.35999999999984         0.20872095833458928
66.37999999999985         0.20398784079450052
66.39999999999988         0.2024040610693394
66.41999999999989         0.2038784467277873
66.43999999999987         0.20849947736560148
66.45999999999988         0.21653993770685132
66.47999999999989         0.2284746829001392
66.4999999999999          0.2449973378849401
66.51999999999991         0.26699361400317423
66.53999999999992         0.2953248912040288
66.55999999999995         0.3300133147293111
66.57999999999993         0.36833590046662446
66.59999999999994         0.40344371998100437
66.61999999999995         0.42830600915298445
66.63999999999994         0.4422515399543847
66.65999999999995         0.4489921074547438
66.67999999999995         0.4519004718919014
66.69999999999999         0.4526884940744843
66.71999999999996         0.4518164373748885
66.73999999999997         0.44875014399527974
66.75999999999998         0.4416424089696416
66.77999999999999         0.42686028094067335
66.79999999999998         0.40024713489076447
66.81617460154897         0.37109570086452587
66.82717507175235         0.3468532212502835
66.8330123460024          0.3347382943990574
66.84516086526035         0.30810062930224175
66.86453198331016         0.27140015699329956
66.87498114365087         0.25234279466217735
66.9113049612561          0.20482429741321495
66.9138810691148          0.20118891577303424
66.91462225048248         0.20020945313861033
66.961022709092           0.1572324218992716
66.97577396953392         0.14724272342785527
67                        0.13370504454159937
