% Model:              ModelBHUp.mph
% Version:            COMSOL 5.6.0.280
% Date:               Oct 21 2021, 16:05
% Dimension:          1
% Nodes:              1478
% Expressions:        1
% Description:        线图
% cln2x                   Height
24.16                     0.12747345033998608
24.184718062898924        0.14071090475787768
24.19945826306664         0.15030876417381253
24.247150433868796        0.1927452460100537
24.24788804470251         0.19350293359231646
24.250485495783806        0.19753288386982557
24.288446106047324        0.24646684221116932
24.296635287694237        0.2606721330845508
24.316474354351307        0.2987416174848685
24.322219871174454        0.3097717809561677
24.325700253283095        0.31621363921089757
24.342305372356723        0.35080287600091714
24.36                     0.38165188265933114
24.380000000002244        0.4071516056604528
24.400000000003843        0.42134762484230176
24.420000000004762        0.42831364326838145
24.440000000005167        0.4316041182610512
24.460000000005323        0.4331473626119738
24.480000000005344        0.43382386739222106
24.50000000000533         0.4340022054094328
24.52000000000533         0.433788003868401
24.540000000005342        0.43309313958730866
24.560000000005328        0.43157494747145103
24.58000000000534         0.42840293905735144
24.600000000005355        0.42176517087436854
24.62000000000537         0.40837182164867963
24.64000000000542         0.38447195077365504
24.66000000000547         0.3508176117498597
24.68000000000552         0.31404898441518053
24.700000000005527        0.28071610375032235
24.72000000000554         0.25344070142676184
24.739999996950445        0.23222174854831582
24.75999999678446         0.2162523047194254
24.779999996618766        0.20469817950931493
24.799999996453188        0.19690544276129435
24.819999996287788        0.19242640456368604
24.83999999612279         0.19100397483691742
24.85999999595872         0.1925554611605998
24.879999995796723        0.19716649857759144
24.899999995639217        0.20509707101918354
24.919999995490947        0.2167974257272487
24.939999995360505        0.23292278052823023
24.959999995261615        0.25430577641153573
24.97999999521193         0.2817513067213356
24.999999995224492        0.3152809839849069
25.019999995288497        0.35233014166142684
25.039999995355664        0.3862609651384048
25.059999995367168        0.4101800063330488
25.079999995304405        0.42363485990664784
25.09999999519215         0.4302967738791381
25.120000000005238        0.4334759954349458
25.140000000005234        0.43499097174930296
25.160000000005226        0.43568177152035253
25.180000000005222        0.43589572528069276
25.20000000000522         0.4357274344093316
25.22000000000522         0.4350823192211795
25.24000000000522         0.4336131093777112
25.26000000000523         0.43048254617994086
25.28000000000525         0.4238577740965429
25.30000000000527         0.410399674450334
25.319999993043474        0.3864771247041805
25.339999992541514        0.35268264404385136
25.359999992076826        0.3157443729250935
25.379999991730422        0.2822500392583769
25.399999991496706        0.2548391761527186
25.419999991318257        0.2335133609006099
25.439999991151534        0.21746319004494807
25.45999999098572         0.20585145088684384
25.47999999082021         0.19802159243486542
25.499999990655088        0.19352391407809172
25.519999990490778        0.19210009299964692
25.539999990328297        0.19366720334521445
25.559999990169977        0.19831166506989936
25.579999990020614        0.2062953111981123
25.59999998988964         0.21807142334725263
25.619999989794174        0.23429962524692086
25.63999998976146         0.2558184192788921
25.659999989826325        0.2834389856975031
25.67999999001374         0.3171854440006761
25.699999990299954        0.35448085589341494
25.71999999058561         0.3886495864452579
25.739999990751784        0.41275432232265524
25.759999990763117        0.42633411717560565
25.780000000005128        0.4330791323326847
25.800000000005134        0.43631731047099725
25.82000000000513         0.4378826583347337
25.840000000005123        0.438617140920566
25.860000000005126        0.43887064934819786
25.879999990000403        0.43873841257961543
25.89999998984973         0.43812526468094054
25.919999989677123        0.43668133391007113
25.939999989458727        0.4335630915943332
25.959999989151758        0.4269238860226886
25.9799999886967          0.4133993540042268
25.99999998805928         0.3893304119886793
26.01999998731127         0.3553120806522973
26.039999986631216        0.31812098563069013
26.059999986155677        0.28439470172162684
26.07999998587357         0.25679466040381027
26.099999985686075        0.23532439983701042
26.11999998551861         0.21916944934206672
26.139999985352677        0.2074866867151434
26.15999998518725         0.1996149897326009
26.179999985022405        0.19510187044586272
26.199999984858763        0.1936878091020505
26.21999998469789         0.19528992468933437
26.239999984543235        0.19999596533038605
26.259999984401983        0.20807056213236266
26.27999998428831         0.21997149145936495
26.299999984227835        0.23636468629975207
26.31999998426129         0.2580967792945612
26.339999984440723        0.28598724732803316
26.359999984803004        0.3200620784018084
26.37999998531142         0.3577227223071051
26.39999998581557         0.39223372643288223
26.419999986136418        0.4165923854164312
26.439999986221842        0.4303296287572566
26.45999998615274         0.43716762605857507
26.479999986027817        0.44046498513851995
26.499999985894174        0.44207313705409607
26.519999985759373        0.4428421632438516
26.53999998562187         0.44312527454083867
26.55999998547811         0.4430184357866761
26.579999985320203        0.44242529566674066
26.599999985131472        0.4409922292424682
26.619999984878433        0.437866921775035
26.639999984500985        0.43118374570496343
26.65999998391573         0.4175441753818137
26.679999983075085        0.3932524255371745
26.699999982081017        0.35890959767768504
26.719999981185616        0.321360027154682
26.73999998058094         0.2873080653101345
26.75999998025045         0.2594424393231676
26.779999980053898        0.23776747886796462
26.799999979885673        0.22146154674427818
26.819999979719633        0.20967400285808158
26.839999979554285        0.20173769950744974
26.859999979389713        0.19719587188361437
26.879999979226763        0.19578652858118997
26.89999997906749         0.19742632649620817
26.919999978916497        0.20220452618275006
26.939999978783376        0.2103892568602844
26.959999978687           0.22244393531886994
26.979999978661493        0.23904256298859294
26.99999997876115         0.26104205960201715
27.019999979055118        0.2892721034326338
27.020000000005112        0.28927213643821176
27.039999979592242        0.3237597859895191
27.059999980322868        0.361877568080608
27.079999981045518        0.3968128196603421
27.09999998152103         0.4214806336656386
27.119999981680557        0.4354034970749222
27.13999998163304         0.4423454868162329
27.159999981510808        0.44570440973861275
27.17999998137693         0.44735342702380443
27.19999998124157         0.44815246955537197
27.22000000000491         0.44845882005067006
27.2400000000049          0.44836947943325445
27.260000000004904        0.4477868261055707
27.280000000004897        0.4463524510888628
27.300000000004907        0.44320403148266635
27.320000000004917        0.4364630256010668
27.33999997913476         0.4226626717159915
27.359999978090897        0.39808445988065977
27.379999976850762        0.3633312033967063
27.39999997574            0.3253313090624217
27.419999975006217        0.29087179986310746
27.439999974627327        0.26267501458793535
27.45999997442173         0.2407454777970488
27.479999974252753        0.22425128383436185
27.49999997408659         0.21233130916520487
27.500000000005084        0.21233129636994497
27.519999973921333        0.20431060744536067
27.53999997375703         0.19972741676329211
27.559999973594753        0.1983172141417295
27.56000000000508         0.19831721432462823
27.580000000005068        0.19999554939611533
27.600000000005068        0.20485382124552876
27.619999973164756        0.2131659167739347
27.62000000000505         0.21316429263073858
27.640000000005053        0.22539782337581235
27.660000000005038        0.24224038693337155
27.679999973260998        0.26454958597979233
27.68000000000503         0.26456626923326365
27.700000000005005        0.2932214131641156
27.720000000004966        0.3282099384293586
27.73999997533433         0.3668026182132271
27.74000000000491         0.36679452245619665
27.760000000004883        0.4021286417225837
27.77999997690566         0.4272624905948597
27.799999977139276        0.44139978922107626
27.80000000000483         0.44139346398873336
27.82000000000482         0.4484616641902302
27.839999976993816        0.45188339249029597
27.859999976859697        0.453572528213992
27.87999997672378         0.45439865623951925
27.90000000000481         0.45472439225530875
27.920000000004805        0.4546483651360214
27.940000000004808        0.45407170202766983
27.96000000000481         0.4526311960481376
27.980000000004804        0.44945131046738435
28.000000000004817        0.4426158009414881
28.02000000000484         0.4286351365390212
28.03999997310671         0.403716888629799
28.040000000004877        0.40371684759792714
28.060000000004923        0.36848060050919024
28.08000000000495         0.3299523585668411
28.09999996943148         0.29501405191007535
28.100000000004965        0.29501400364028374
28.120000000004964        0.26642652884819024
28.14000000000497         0.2441922275995238
28.159999968619807        0.22747853974804658
28.160000000004956        0.22747949136218582
28.180000000004966        0.21540363568521598
28.200000000004962        0.20728239757306177
28.219999968124338        0.20264758012601564
28.22000000000495         0.20264825164895278
28.24000000000495         0.20123337288707402
28.26000000000495         0.20295321989367945
28.279999967663002        0.20790180982355577
28.28000000000494         0.20790056960419231
28.300000000004935        0.21635229344716556
28.32000000000493         0.22878677462477123
28.339999967528833        0.2458972342085508
28.340000000004917        0.24590067714359584
28.360000000004906        0.26858180484910116
28.380000000004884        0.2976894035774358
28.400000000004848        0.33322857417551843
28.420000000004784        0.3724221118757414
28.44000000000476         0.40832054037163173
28.46000000000473         0.4338655303226786
28.480000000004708        0.44824370641404604
28.500000000004707        0.45543072275699337
28.520000000004693        0.4589238863752153
28.540000000004692        0.46065296273220474
28.56000000000469         0.46150455602513046
28.579999972064424        0.46184725312506053
28.580000000004684        0.4618472533094052
28.600000000004677        0.46178134048674996
28.620000000004673        0.4612063762076292
28.63999997149451         0.4597532860368563
28.640000000004676        0.4597532830973537
28.66000000000468         0.45653236122764923
28.680000000004696        0.4496032558215959
28.6999999695728          0.4354011897382622
28.70000000000471         0.4354600976157987
28.720000000004752        0.41020413874261796
28.740000000004805        0.3743178958124295
28.75999996484879         0.33518112618333784
28.760000000004844        0.33511868145660484
28.780000000004854        0.2996539320734904
28.800000000004857        0.2706501524277405
28.819999963157393        0.24809221991070302
28.82000000000487         0.2480887044489163
28.840000000004864        0.23111897731391226
28.86000000000486         0.2188604855584452
28.87999996265542         0.21061952740197995
28.88000000000485         0.21062084871146716
28.900000000004848        0.20592530770439746
28.92000000000484         0.20450162107352565
28.940000000004847        0.20626395098311257
28.96000000000483         0.2113068393941673
28.98000000000483         0.2199120093287956
28.999999961883077        0.23256698094280806
29.000000000004828        0.23256604386842225
29.020000000004824        0.24997397261153206
29.040000000004802        0.2730318756394517
29.059999962898324        0.3026097083826853
29.06000000000477         0.30260976962512354
29.080000000004738        0.3387382273051212
29.100000000004695        0.3786728576928007
29.119999966735374        0.41529091023209486
29.12000000000465         0.4152909668731124
29.14000000000462         0.44117559869485173
29.16000000000461         0.45581265813995564
29.17999996807394         0.4631338391781076
29.180000000004597        0.4631338465277704
29.200000000004593        0.4666961755748432
29.22000000000459         0.4684636812785693
29.239999967688156        0.4693368694178053
29.240000000004585        0.46933701436406466
29.260000000004585        0.4696925970272193
29.280000000004584        0.469632238834741
29.299999967202094        0.46905418945570576
29.300000000004577        0.4690534584536017
29.31999996694889         0.4675821545251185
29.340000000004586        0.4643079449112567
29.359999965897895        0.45725969621578605
29.360000000004593        0.45726648304733936
29.380000000004618        0.4428827959242009
29.40000000000466         0.4171969066754104
29.41999996116003         0.3806947501214397
29.4200000000047          0.38070312576520793
29.440000000004726        0.34084303925279286
29.46000000000475         0.3047818034002131
29.479999957757965        0.2753088442121562
29.480000000004754        0.275291288063979
29.49999995752522         0.2523560493276447
29.51999995735397         0.23509940471093352
29.539999957187476        0.222638000514172
29.540000000004735        0.2226379784296194
29.56000000000474         0.21426560002522096
29.580000000004738        0.20949915717551465
29.59999995669872         0.20806205437504272
29.600000000004734        0.2080620547824388
29.62000000000473         0.2098671303070909
29.640000000004722        0.21501056763610368
29.65999995630893         0.22377887979028002
29.660000000004718        0.22377890306000478
29.679999956281765        0.23666650116976762
29.699999956396187        0.254391966835998
29.719999956760557        0.27786859252323926
29.720000000004703        0.27786864983399073
29.740000000004674        0.3079810642129298
29.760000000004624        0.3447606232283686
29.779999960368716        0.38541510594934425
29.780000000004588        0.385406874164642
29.800000000004538        0.4225874195922283
29.820000000004505        0.44900006490063393
29.839999963515446        0.4639720256567669
29.840000000004498        0.4639653810415842
29.86000000000449         0.47143765735968307
29.880000000004475        0.47507038621934017
29.89999996330797         0.4768734344891563
29.90000000000448         0.47687403114358057
29.919999963170355        0.47776821709746603
29.939999963026125        0.47813520779443985
29.959999962866597        0.4780784200903522
29.960000000004467        0.47807817080646126
29.98000000000447         0.47749297701357085
30.000000000004462        0.4759965061392379
30.020000000004455        0.4726671539130568
30.04000000000448         0.4654983841024079
30.059999960010874        0.45079154198477156
30.079999958154147        0.4245887299454186
30.08000000000455         0.42470141994266
30.100000000004577        0.3875530425600209
30.12000000000462         0.3470469206901364
30.1399999527073          0.31032674515978537
30.140000000004644        0.3103266666813532
30.160000000004647        0.28028418089149276
30.18000000000464         0.2569254067745211
30.19999995172104         0.239365092621456
30.200000000004632        0.23936505645380982
30.219999951554442        0.22668624780233823
30.2399999513895          0.21817010040315526
30.259999951226284        0.21332507597759626
30.260000000004624        0.21332506839686238
30.280000000004623        0.21187010055116126
30.30000000000462         0.21371698783415813
30.31999995078281         0.21896403401770256
30.320000000004622        0.21896273754126197
30.340000000004622        0.22790140162276207
30.36000000000461         0.24103676371311303
30.37999995082985         0.2590996712193664
30.38000000000459         0.25910330664853676
30.40000000000457         0.2830369255025488
30.420000000004556        0.31374345554863564
30.439999953538486        0.3511646459540998
30.440000000004503        0.35122940797832536
30.460000000004467        0.392572528909013
30.48000000000443         0.43045577399307955
30.49999995844415         0.457437345707859
30.500000000004402        0.45737691028732375
30.520000000004394        0.47263710648437446
30.540000000004383        0.4802601539030011
30.559999958925772        0.48396649935745084
30.560000000004383        0.4839682571836441
30.580000000004375        0.4858109872699315
30.60000000000436         0.48672627075911623
30.619999958506998        0.4871034993816237
30.62000000000438         0.48710345381291587
30.640000000004367        0.48704856283817827
30.660000000004363        0.4864550460082449
30.67999995785759         0.484932631438562
30.680000000004366        0.48493262687260924
30.69999995739666         0.4815408807828563
30.71999995659635         0.47422303344460437
30.739999955229912        0.45923957837402785
30.74000000000439         0.4592395335028932
30.760000000004435        0.4325384468230021
30.78000000000448         0.394800373129817
30.799999948512003        0.3535507802819414
30.80000000000452         0.3535506783184551
30.82000000000453         0.3161508391350936
30.840000000004533        0.28555322589276527
30.85999994626088         0.2617637226519957
30.860000000004533        0.2617600023775193
30.88000000000452         0.24388170014513003
30.900000000004525        0.23097230256038687
30.919999945756533        0.22230110994777744
30.920000000004517        0.22230249787604014
30.940000000004517        0.21737262213728836
30.960000000004513        0.21589668955380065
30.97999994528506         0.21778574542928308
30.980000000004516        0.2177851012633445
31.00000000000451         0.2231384038475798
31.020000000004494        0.2322545881305792
31.039999945079156        0.2456488285050806
31.040000000004493        0.2456478511905804
31.060000000004482        0.26406657814066825
31.08000000000446         0.28846419270890444
31.099999946741544        0.3197158397340567
31.100000000004442        0.3197633830381809
31.12000000000441         0.35797107271501516
31.14000000000437         0.4001117762167069
31.159999952425228        0.43884738439445614
31.160000000004324        0.4388474700863013
31.17999995382877         0.46625118307470076
31.200000000004287        0.48176054024009923
31.219999954514844        0.4895391993272282
31.22000000000428         0.489539210455682
31.24000000000428         0.49332726999936016
31.260000000004272        0.4952113673130221
31.279999954134766        0.49614790677775417
31.280000000004264        0.49614790813779436
31.30000000000426         0.4965345232229737
31.320000000004253        0.49647936555577693
31.339999953613535        0.49587429426175567
31.340000000004274        0.49587429206022876
31.360000000004266        0.49432158158129536
31.379999952816366        0.49086208380967256
31.39999995194558         0.4833977182539929
31.400000000004272        0.48339769336984745
31.419999950448954        0.4681161670923967
31.43999994818577         0.44089196767419075
31.459999945469303        0.4024259025406508
31.46000000000436         0.4024343111726975
31.480000000004395        0.36031970173460004
31.500000000004412        0.32222467475231376
31.519999940888624        0.29109158047194916
31.52000000000442         0.2910730374899571
31.54000000000441         0.266844731717686
31.560000000004397        0.24862670670799633
31.579999940288374        0.2354716978700845
31.580000000004404        0.23547353049534184
31.600000000004396        0.22664204057823137
31.620000000004403        0.22162310047215542
31.639999939802717        0.22012530957380133
31.640000000004388        0.2201253486779595
31.660000000004388        0.22205759338739212
31.679999939529324        0.22752380428836005
31.680000000004384        0.2275224608009058
31.69999993945311         0.23682566455427267
31.700000000004383        0.23682388531636284
31.719999939477876        0.2504871629428335
31.7399999396972          0.2692684858978213
31.74000000000436         0.2692722693207629
31.759999940260116        0.29413547011181784
31.760000000004368        0.29413555396850927
31.779999941355946        0.3260232993953548
31.79999994311702         0.36496584626888784
31.81999994540311         0.40801589161559343
31.820000000004253        0.40801601364643736
31.839999947655176        0.4475186057769378
31.85999994921341         0.4754835070270481
31.879999949891637        0.49132519515814177
31.880000000004184        0.4913252218288581
31.900000000004162        0.49926275265781794
31.920000000004165        0.5031325943061979
31.939999949756263        0.5050574233293683
31.940000000004147        0.5050574264791637
31.96000000000415         0.5060138755991941
31.980000000004143        0.5064078628539692
31.999999949299745        0.5063510883977839
32.000000000004164        0.5063508209876161
32.02000000000416         0.5057325009373811
32.040000000004156        0.5041461712433496
32.05999994823607         0.5006157142808625
32.06000000000416         0.5006124298689713
32.08000000000417         0.4930003754741684
32.10000000000419         0.4774558024719405
32.1199999432016          0.4496117681058583
32.12000000000422         0.44973032000894886
32.139999940239086        0.41038251456494557
32.159999937620796        0.3675224218741652
32.16000000000429         0.3674538925203248
32.17999993598315         0.3286678957701838
32.18000000000431         0.3286677833682235
32.200000000004295        0.29686107510791376
32.21999993499654         0.2721647812970854
32.220000000004305        0.2721609170357765
32.23999993482228         0.2535873061110326
32.24000000000428         0.253588343709484
32.26000000000428         0.2401802821531736
32.27999993449062         0.23117788844033577
32.280000000004286        0.23117786558007009
32.29999993432824         0.22606573827449752
32.30000000000428         0.2260657275285315
32.31999993417071         0.22454471221771238
32.339999934024256        0.22652186449071904
32.34000000000428         0.2265218768042063
32.3599999339026          0.2321018474123335
32.36000000000426         0.23210187195552015
32.37999993383452         0.24159428189388513
32.399999933876565        0.2555326425619096
32.400000000004276        0.2555326963376559
32.41999993413088         0.2746917226036582
32.42000000000426         0.2746917947372704
32.44000000000425         0.3000558417312951
32.45999993597035         0.33257767833433616
32.46000000000422         0.3325777945172309
32.479999937906285        0.3722931017755763
32.48000000000419         0.37229323650026785
32.50000000000415         0.4161963014823002
32.52000000000411         0.456401628080819
32.53999994459803         0.48508962663542865
32.54000000000408         0.4850255813486288
32.56000000000407         0.5012841818896284
32.57999994547546         0.5094146933153543
32.599999945374776        0.5133747166510215
32.600000000004066        0.5133765908998886
32.61999994523904         0.515342938776743
32.6399999450992          0.5163197368942061
32.65999994494957         0.516721908627558
32.66000000000406         0.5167218595324488
32.67999994477744         0.5166635360189414
32.700000000004046        0.5160310384783033
32.71999994422068         0.514410658136697
32.720000000004056        0.514408538731713
32.74000000000406         0.5107963819762963
32.760000000004055        0.5029972994499312
32.77999994088705         0.48704418310881487
32.780000000004094        0.4870441200624488
32.799999938217404        0.45866913868880455
32.81999993500883         0.41863950377752746
32.82000000000413         0.41863936429793647
32.83999993217522         0.37492975625119723
32.84000000000419         0.37492961395766733
32.86000000000418         0.3353126894142495
32.879999929642395        0.30290122940123215
32.88000000000418         0.3029011289953134
32.899999929364355        0.277699431626264
32.90000000000418         0.27769935438282495
32.92000000000417         0.25875485062185805
32.9399999290223          0.2450810227988022
32.94000000000416         0.24508098264186584
32.95999992885768         0.23590352639144727
32.96000000000417         0.23590350108034336
32.98000000000417         0.23069246113840108
32.99999992853873         0.2291448075452807
33.000000000004164        0.2291448084061438
33.01999992839385         0.23116573241453606
33.02000000000416         0.23116574606197296
33.03999992827589         0.23686188530637406
33.05999992821592         0.24654881969269268
33.06000000000416         0.2465469790723521
33.07999992827525         0.26077017740137387
33.080000000004155        0.2607691567010375
33.099999928564564        0.2803153618739131
33.11999992925981         0.30618689859227505
33.12000000000412         0.30620608100193913
33.139999930584764        0.3393553653265073
33.140000000004115        0.3394055653145878
33.159999932695534        0.3798585536114858
33.17999993542604         0.4246509939854622
33.18000000000405         0.4246438508097865
33.199999938115106        0.4658114949609491
33.200000000003996        0.46569244705616647
33.22000000000397         0.4949635429142557
33.24000000000397         0.5116181843271596
33.25999994095578         0.519954095623819
33.26000000000398         0.5199572714871948
33.28000000000395         0.5240152186678382
33.300000000003955        0.5260299092985589
33.31999994058138         0.527028945086198
33.320000000003944        0.5270291084062281
33.34000000000396         0.5274403236427583
33.36000000000395         0.5273803419049031
33.37999994002497         0.5267329227996663
33.380000000003946        0.5267329197547576
33.40000000000395         0.5250708761981564
33.419999939075495        0.5213645440716671
33.42000000000395         0.5213645282628555
33.4399999379933          0.5133680968414526
33.44000000000397         0.5133680624524702
33.45999993610608         0.49702775625622125
33.47999993323324         0.4680134853163415
33.48000000000401         0.4680133669054174
33.499999929778596        0.42714834076339003
33.50000000000403         0.42714818698749835
33.519999926729604        0.38256619377842477
33.539999924833694        0.3421709245084897
33.54000000000408         0.3421707872986823
33.559999924019294        0.30912335271624547
33.560000000004074        0.3091232421541586
33.58000000000407         0.2834249609504028
33.59999992355644         0.26410524622934956
33.600000000004066        0.2641063060477339
33.61999992338927         0.2501590874782983
33.62000000000406         0.25016102007804697
33.64000000000405         0.24080020677399702
33.6599999230629          0.23548470218365744
33.66000000000406         0.23548547251346735
33.67999992290673         0.23390829227469886
33.68000000000408         0.23390833172142944
33.699999922763475        0.23597285551422606
33.71999992264915         0.24178705102409548
33.72000000000404         0.24178563500034128
33.73999992259733         0.251672442016898
33.74000000000406         0.2516705707119626
33.75999992267396         0.2661829450835288
33.779999922998236        0.28612267093186955
33.78000000000404         0.286126674312697
33.799999923759714        0.31251247303093704
33.80000000000402         0.31251258658099673
33.819999925199184        0.346340508471308
33.83999992748481         0.3876472439064709
33.840000000003975        0.3876474075354353
33.8599999304375          0.43334292371976135
33.860000000003936        0.4333366255493344
33.87999993334508         0.4753786957107342
33.8999999353673          0.5052782343487385
33.90000000000388         0.5052116188114113
33.91999993626783         0.522296352710435
33.920000000003874        0.5222884885830433
33.93999993643608         0.5308448445665741
33.95999993634078         0.5350111890666147
33.96000000000385         0.5350111974807101
33.97999993620456         0.5370793665631188
33.98000000000384         0.5370793708525262
33.99999993606358         0.5381048872526336
34.0199999359113          0.5385272268904978
34.02000000000385         0.5385272274447146
34.03999993573285         0.5384660005662655
34.04000000000384         0.5384659995674023
34.06000000000384         0.5378016487011461
34.079999935129386        0.5360944154031106
34.08000000000383         0.5360944075160924
34.09999993449521         0.5322849952241019
34.10000000000385         0.5322849777514846
34.12000000000384         0.5240675324421592
34.139999931325114        0.5072997946242744
34.14000000000386         0.5072997177317201
34.15999992824905         0.4775996918515671
34.16000000000389         0.4777220513727292
34.18000000000393         0.43587318631191146
34.19999992128402         0.3903974259643676
34.20000000000395         0.3903246684899661
34.219999919258974        0.34921576698478685
34.22000000000397         0.34916378581593793
34.240000000003974        0.31550583249908726
34.25999991810004         0.2893262664729084
34.26000000000395         0.2893221616703581
34.27999991792353         0.2696281942574789
34.28000000000396         0.2696292521742397
34.30000000000396         0.25540938618850945
34.31999991759177         0.2458616520919485
34.320000000003944        0.2458631654012032
34.339999917430234        0.2404424006335156
34.34000000000396         0.24044318544548127
34.36000000000395         0.23883626900051183
34.37999991713306         0.24094505314067519
34.38000000000393         0.24094434886055324
34.39999991702243         0.24687966386125693
34.400000000003935        0.24687822458564207
34.41999991697873         0.25696767177371943
34.43999991707267         0.2717732662461873
34.44000000000393         0.27177221780597
34.440000082935214        0.2717722900270916
34.46000000000392         0.2921192565375609
34.479999918259544        0.31903240858508486
34.49999991981359         0.35353051145185754
34.50000000000389         0.3535306657573142
34.51999992227406         0.39565362039491714
34.52000000000386         0.3956537992415768
34.539999925448974        0.442272457430824
34.55999992857504         0.48521990161471956
34.56000000000379         0.48522004461054874
34.57999993075192         0.5158501810715483
34.580000000003764        0.5158502644456494
34.59999993172655         0.5333304254903793
34.61999993191638         0.5421245189320947
34.62000000000375         0.5421245378079736
34.63999993182377         0.5464127920952326
34.64000000000375         0.546412801372528
34.65999993168735         0.5485429679653454
34.679999931545794        0.5496013247706832
34.68000000000374         0.549601327065761
34.69999993139216         0.5500398043115675
34.70000000000373         0.5500397493482015
34.720000000003736        0.5499807511130406
34.73999993096595         0.549301570962851
34.74000000000374         0.5493006729951118
34.75999993058377         0.5475484914170318
34.76000000000375         0.547546191787903
34.78000000000373         0.5436279462540138
34.79999992869176         0.535181022748493
34.80000000000374         0.5351896695979285
34.81999992654415         0.5179618761747853
34.82000000000376         0.5180318529559808
34.84000000000379         0.4876652439608453
34.85999991931814         0.4449092682299682
34.860000000003815        0.4449141052520995
34.87999991583841         0.3985253685559226
34.88000000000384         0.3984510964595205
34.899999913684255        0.3565344924496884
34.919999912773065        0.32218142370244046
34.920000000003846        0.32216118448665804
34.939999912467876        0.29546291236660355
34.940000000003856        0.2954587458382098
34.96000000000384         0.27537469190972647
34.97999991212322         0.26087145686364677
34.98000000000384         0.2608734425738033
34.99999991195884         0.25113789514413215
35.000000000003844        0.25113942659222704
35.02000000000385         0.24561362887717078
35.03999991164274         0.24397695206995493
35.04000000000383         0.24397695323379218
35.059999911502686        0.24613157596512694
35.06000000000383         0.24613159391754535
35.08000000000383         0.2521907271829135
35.09999991136013         0.2624885447251419
35.100000000003824        0.26248860012225145
35.11999991147135         0.27760006348081495
35.12000000000381         0.2776001415190135
35.13999991186561         0.29835915265113044
35.15999991275941         0.32582354663958335
35.16000000000379         0.3258236818419235
35.17999991442801         0.3610168484956493
35.18000000000378         0.3610170164682345
35.19999991706332         0.4039871376948781
35.20000008294416         0.4040617183240939
35.22000000000372         0.4515652925546969
35.239999923804994        0.4954629894596614
35.240000000003675        0.4953418400593919
35.260000000003664        0.5267903534563003
35.27999992718528         0.5448286745043817
35.280000000003646        0.5448200711824794
35.29999992739669         0.5538860293071514
35.30000000000364         0.5538893464093587
35.319999927306775        0.5583079489782896
35.33999992717012         0.5605074238235225
35.34000000000365         0.5605081520484901
35.35999992702801         0.5616026433570201
35.360000000003616        0.5616028205143195
35.379999926873026        0.5620589868453364
35.39999992668829         0.5620033009529426
35.40000000000364         0.5620029858551417
35.41999992643642         0.5613092572464377
35.42000000000363         0.5613083272645523
35.44000000000363         0.5595107836201478
35.45999992533463         0.5554842309486596
35.46000000000364         0.555480661467734
35.479999924040996        0.5467920695537211
35.480000000003635        0.5468011285787241
35.500000000003645        0.5291727274278589
35.51999991828071         0.4979292603642844
35.52000000000369         0.498052855345645
35.5399999140879          0.4543559493968798
35.540000000003715        0.45435938451042285
35.560000000003726        0.407018015968305
35.57999990810954         0.3641839679871624
35.580000000003736        0.36418379011079394
35.59999990714997         0.329140174108078
35.60000000000373         0.32914003080122634
35.62000000000373         0.3018793290425182
35.639999906657714        0.2813783603487965
35.64000000000374         0.28137827871103765
35.65999990649021         0.2665771524501234
35.66000000000373         0.26657709518128525
35.67999990632589         0.256643538783249
35.69999990616487         0.25100718939402356
35.70000000000372         0.25100717249132865
35.71999990601075         0.24934134301469768
35.72000000000372         0.24934134429728183
35.73999990587229         0.2515439368868272
35.75999990576898         0.25773089598286725
35.760000000003714        0.2577309347532214
35.779999905741526        0.268243708562815
35.7800000000037          0.2682437686986272
35.79999990587006         0.2836689239672438
35.81999990629929         0.3048560617758406
35.820000000003695        0.30486026326201143
35.83999990725928         0.33288180768424885
35.840000000003684        0.33290221210875515
35.860000000003666        0.36884137070069273
35.879999911852586        0.4126272282142548
35.88000000000365         0.4127031631092998
35.89999991547192         0.4611938526861701
35.9000000000036          0.4611919520479173
35.92000000000357         0.5059635780972103
35.92000008097219         0.5059637367008479
35.94000000000355         0.538227826912521
35.959999922644016        0.5567968877160173
35.96000000000353         0.5567878578567499
35.98000000000353         0.5661450621261522
35.999999922789776        0.5707085143674377
36.00000000000353         0.570710655160903
36.01999992265288         0.5729812573033138
36.02000000000352         0.572982008898228
36.040000000003545        0.5741148243807249
36.05999992235389         0.5745904503899488
36.06000000000352         0.5745903879662332
36.079999922165996        0.5745405558964746
36.08000000000353         0.5745405546466514
36.10000000000352         0.5738336247797262
36.119999921492486        0.5719910329282543
36.12000000000352         0.5719910225853961
36.139999920754335        0.5678506994597264
36.140000000003525        0.5678506764489926
36.16000000000353         0.5589053305690436
36.179999916982254        0.5407210013444305
36.180000000003545        0.5407209007506315
36.19999991329653         0.5087639192195972
36.20000000000357         0.5087637505541446
36.220000000003594        0.46421223973019027
36.23999990494723         0.41588407540114514
36.24000000000362         0.4158838551854157
36.25999990253482         0.37217404740495413
36.26000000000363         0.3721738548755236
36.28000000000363         0.3364131513957288
36.29999990120356         0.3085916246138782
36.300000000003614        0.30859150530633966
36.3199999010248          0.2876667280658762
36.32000000000362         0.28766663970890777
36.33999990085719         0.27255820051675506
36.35999990069295         0.2624176296883196
36.36000000000363         0.26241922732082057
36.379999900532205        0.25666471211979364
36.38000000000361         0.2566655486970739
36.4000000000036          0.2549681822658861
36.4199999002419          0.2572246803748629
36.4200000000036          0.25722394940702836
36.43999990014226         0.2635520983785218
36.4400000000036          0.26355059681968507
36.45999990012294         0.2742977558575555
36.479999900268766        0.29005973776685784
36.4800000000036          0.29005982945202186
36.499999900732995        0.3117048880200108
36.5000000000036          0.31170916337168947
36.520000000003584        0.34035228162132897
36.53999990365686         0.3770018740054851
36.54000000000357         0.37705623149804524
36.55999990664185         0.42177280336848477
36.56000000000353         0.42185033082397433
36.580000000003494        0.4713914476533459
36.59999991426491         0.5173208840840655
36.60000000000346         0.51719883058586
36.619999916905826        0.5503671400151345
36.62000000000345         0.5502949732570316
36.63999991810273         0.5693972760413916
36.65999991835732         0.579029639785842
36.66000000000343         0.5790330511954399
36.67999991827279         0.5837427831964613
36.68000000000342         0.5837427954479087
36.700000000003435        0.5860930599372799
36.71999991799242         0.5872714637940855
36.72000000000341         0.5872714668905509
36.73999991783475         0.5877742136927026
36.74000000000341         0.5877742146122072
36.76000000000342         0.587735935935148
36.7799999173774          0.5870214818560879
36.780000000003405        0.5870214771499256
36.799999916946845        0.5851335703171855
36.800000000003415        0.5851335590857021
36.82000000000341         0.5808749215106545
36.83999991473948         0.571659649980525
36.84000000000342         0.5716595954950816
36.859999912201296        0.5529446296972749
36.86000000000344         0.5529445202801215
36.88000000000346         0.5202736334150978
36.89999990362744         0.4745685057841447
36.90000000000349         0.47456855030988127
36.919999899501654        0.4252093138750113
36.920000000003505        0.42513003120506737
36.93999989696014         0.3805919278945658
36.94000000000352         0.38053634411864556
36.95999989590378         0.3440884001546269
36.96000000000352         0.3440671045923238
36.97999989557141         0.31568435122786054
36.98000000000351         0.31567992214455093
36.999999895391895        0.29431886670567337
37.00000000000351         0.2943199914312859
37.01999989522416         0.2788926110220225
37.02000000000351         0.2788947114883767
37.03999989506001         0.2685414322204533
37.0400000000035          0.26854306639180925
37.05999989489954         0.26267314460246116
37.0600000000035          0.26267399987720763
37.07999989474677         0.26094880301164775
37.0800000000035          0.260948804587418
37.099999894611514        0.2632635334410748
37.10000000000349         0.2632635563209856
37.11999989451555         0.2697388823795933
37.12000000000351         0.2697373554059607
37.139999894504335        0.2807309472068843
37.14000000000348         0.2807289290910935
37.1599998946675          0.29685038836361655
37.16000000000349         0.2968492866426225
37.17999989516666         0.3189812377209924
37.180000000003474        0.31898559465757964
37.199999896259015        0.34824313352992303
37.20000000000346         0.34824330478363036
37.21999989827125         0.38571943433980843
37.220000000003445        0.38571964692461325
37.24000000000343         0.4314731484924865
37.25999990549486         0.4822079965557918
37.26000000000338         0.48220824584732314
37.2799999094949          0.5292507358240424
37.28000000000337         0.5292509350026616
37.30000000000334         0.5632068918786672
37.319999913561496        0.5828264565378588
37.32000000000335         0.5828265141941145
37.33999991383763         0.5927832758831947
37.34000000000332         0.5927833030691716
37.36000000000332         0.5976672600996397
37.37999991361844         0.6001125689280502
37.38000000000333         0.6001125758596529
37.39999991347464         0.6013484957328619
37.40000000000332         0.6013484991906595
37.42000000000333         0.6018876411238108
37.43999991312143         0.6018697364245531
37.44000000000332         0.6018693691329897
37.45999991284791         0.6011553509111763
37.46000000000334         0.6011542933004782
37.47999991240124         0.5992306522821342
37.49999991159378         0.5948591340023907
37.50000000000335         0.5948553684432238
37.519999910088735        0.5853761254051919
37.520000000003336        0.5853866786912886
37.54000000000335         0.5662019249062136
37.55999990332818         0.5324646437482837
37.56000000000334         0.5325902031137525
37.57999989839721         0.48579132915674994
37.58000000000338         0.4857899536833307
37.59999989405607         0.4353147541935661
37.6000000000034          0.43523356350158465
37.6199998913854          0.3897050436465391
37.6200000000034          0.3896483292746665
37.639999890280656        0.35238796387649507
37.64000000000339         0.3523662209948722
37.65999988993925         0.3233468618562679
37.660000000003386        0.32334232992964557
37.67999988975899         0.3015003654167977
37.680000000003375        0.30150151583591794
37.69999988959113         0.28572683703104396
37.70000000000339         0.285728982518502
37.71999988942705         0.2751438827037245
37.72000000000338         0.2751438373662116
37.739999889266876        0.26914659174120464
37.74000000000338         0.2691465705555525
37.75999988911478         0.26738957496429017
37.76000000000338         0.26738964982891106
37.779999888981116        0.26976604152616385
37.780000000003376        0.26976606623497973
37.79999988888881         0.2764000839553939
37.800000000003365        0.2764001329321735
37.81999988888575         0.2876546433902228
37.82000000000337         0.2876547192500832
37.83999988906618         0.3041533401186124
37.84000000000336         0.30415344685096746
37.85999988960035         0.3267992364060956
37.860000000003346        0.32679937923018587
37.87999989075889         0.35673565998498274
37.88000000000334         0.3567358444597807
37.89999989288568         0.39506855176617584
37.90000000000333         0.3950687806999012
37.91999989622039         0.4418672160808556
37.9200000000033          0.44186748133937925
37.93999990050633         0.4937940308310514
37.94000000000328         0.4937942995228754
37.960000000003234        0.5420402077462939
37.97999990767511         0.5769955290122785
37.98000000000323         0.5769202356560034
37.99999990902021         0.5972730356902363
38.000000000003226        0.5972626106761095
38.01999990931794         0.6075966987267039
38.03999990923878         0.6126761436636113
38.040000000003204        0.6126784528644714
38.0599999091012          0.6152325234292387
38.06000000000321         0.6152333295739687
38.079999908956836        0.6165388336010351
38.09999990879649         0.6171258526334891
38.1000000000032          0.6171257627305873
38.119999908599134        0.6171381141380126
38.1200000000032          0.6171377205620162
38.13999990831838         0.6164314516990401
38.159999907855564        0.6144733759830677
38.160000000003194        0.6144706256523513
38.179999907013475        0.6099827596190952
38.1800000000032          0.6099789163041117
38.200000000003214        0.6002177284083067
38.21999990263938         0.5803650593675574
38.22000000000322         0.5804437761381922
38.239999898344           0.5457589318496084
38.240000000003235        0.54588531142503
38.25999989316699         0.49790925419000603
38.26000000000329         0.49790602847902216
38.279999888610476        0.44624157740087605
38.280000000003284        0.4461582946814864
38.299999885810706        0.39957715172708586
38.30000000000329         0.39951923897137165
38.31999988465757         0.3613946829538366
38.3200000000033          0.36139448891023646
38.339999884307105        0.33167517291361476
38.340000000003286        0.3316750236360066
38.35999988412609         0.3093163083826492
38.36000000000328         0.30931619784280634
38.37999988395813         0.2931737625662554
38.38000000000328         0.29317368506977054
38.39999988379412         0.2823464712472225
38.40000000000328         0.2823464225150456
38.41999988363421         0.27621679737211796
38.42000000000328         0.276216774649398
38.4399998834828          0.2744320106032136
38.44000000000329         0.27443201257017785
38.45999988335075         0.27688328654988503
38.46000000000328         0.27688331324854254
38.4799998832621          0.2836976941823309
38.480000000003265        0.2836977470086547
38.49999988326716         0.29524729356797813
38.500000000003254        0.29524737533572737
38.519999883464905        0.3121709102940847
38.52000000000326         0.31216978238064735
38.53999988403404         0.3353930021397175
38.54000000000324         0.33539751568085496
38.559999885258755        0.36608282036266837
38.56000000000324         0.36610461070264555
38.579999887500094        0.40537160056058247
38.580000000003224        0.4054287441115463
38.59999989100967         0.4533353467136027
38.6000000000032          0.4534181162189825
38.619999895517815        0.5065839840394966
38.62000000000316         0.5065886819101088
38.63999989995483         0.5561483984310923
38.640000000003134        0.55602530468587
38.659999903059735        0.5921849572785376
38.66000000000311         0.5921078197960972
38.67999990447895         0.6131731744899039
38.69999990479824         0.623897651825039
38.7000000000031          0.623901164798246
38.7199999047218          0.6291951044316534
38.72000000000309         0.6291974687222539
38.739999904583975        0.63187832050955
38.759999904439056        0.6332670695580718
38.76000000000308         0.6332672459575076
38.77999990427735         0.6339117485970591
38.780000000003085        0.6339116428335317
38.800000000003095        0.633961868681028
38.81999990378886         0.6332694692558917
38.82000000000311         0.6332682850177773
38.83999990330994         0.6312812397880514
38.840000000003094        0.6312783577645897
38.86000000000308         0.626667624488538
38.8799999007872          0.6165770717045249
38.88000000000309         0.6165770021408483
38.89999989785842         0.5960927254980175
38.900000000003104        0.5960925863851682
38.91999989335983         0.5604533527395092
38.92000000000313         0.5604531224416756
38.93999988793675         0.5113181665791193
38.940000000003145        0.5113178734608134
38.959999883164905        0.4583497581182065
38.96000000000317         0.4583494618242161
38.97999988023598         0.41053480456318847
38.98000000000318         0.41053454574967824
38.99999987903447         0.3714102818651755
39.00000000000318         0.371410073324858
39.019999878674966        0.3409541803752845
39.02000000000318         0.3409540199431907
39.03999987849319         0.3180403865355931
39.04000000000318         0.318040267747256
39.059999878325115        0.3014991603619246
39.060000000003186        0.30149907710697954
39.07999987816119         0.29040935459703915
39.08000000000316         0.2904111264255578
39.09999987800156         0.28414027764258265
39.10000000000317         0.28414123722359846
39.1199998778508          0.28233212912418887
39.12000000000316         0.28233224151897124
39.13999987772037         0.2848746501180154
39.140000000003155        0.2848739121919356
39.15999987763537         0.29189894480347917
39.16000000000315         0.2918973709607703
39.179999877648584        0.30378729000800075
39.18000000000315         0.30378518979705077
39.19999987786361         0.3211952517557253
39.20000000000315         0.32119411184377666
39.21999987846774         0.34507073150708445
39.22000000000313         0.3450753379516826
39.239999879758635        0.3766120116801938
39.24000000000313         0.3766342075758489
39.25999988211451         0.41697868774170405
39.2600000000031          0.4170369159380509
39.27999988579894         0.466255021430947
39.2800000000031          0.4663398389435609
39.29999989052928         0.5209963226727181
39.300000000003045        0.5210031428556744
39.31999989518478         0.5720617155170585
39.32000000000303         0.5719382566933854
39.33999989844436         0.6093439395072568
39.34000000000301         0.6092647910886385
39.359999899937684        0.6311595914121947
39.36000000000299         0.6311479236840464
39.379999900278555        0.6423546744947691
39.380000000002994        0.6423582144695213
39.39999990020479         0.647911120169723
39.419999900066735        0.6507488917114759
39.420000000002986        0.6507489012175028
39.439999899921254        0.6522430960095658
39.440000000002996        0.6522431010701794
39.45999989975822         0.652968342773405
39.46000000000298         0.6529683448245354
39.479999899554585        0.6530809848944269
39.48000000000299         0.6530809838694764
39.49999989925934         0.6524246977559546
39.500000000002984        0.6524246920049739
39.51999989876431         0.6504225990380897
39.52000000000299         0.6504225841381923
39.5399998978529          0.6456872605956119
39.54000000000298         0.6456872262524612
39.55999989613645         0.6352533360408741
39.560000000003           0.6352532606206596
39.57999989307748         0.6140475600991954
39.58000000000301         0.6140474093933648
39.59999988837565         0.5772397804730582
39.60000000000301         0.577239531825779
39.61999988270655         0.5266479361256208
39.62000000000305         0.5266403213931077
39.63999987771932         0.47220319616940326
39.64000000000307         0.47211486754099563
39.65999987466128         0.4230798152520537
39.660000000003066        0.4230189871751249
39.67999987341137         0.3828820225025855
39.68000000000307         0.3828586336312172
39.699999873042806        0.35158574752433114
39.700000000003065        0.35158080873922554
39.71999987286029         0.3280390751856459
39.720000000003076        0.32804028837827487
39.73999987269208         0.31104444073126825
39.74000000000305         0.31104677045347884
39.759999872528255        0.29965779668406795
39.76000000000305         0.2996596442700669
39.77999987236888         0.29323152161324073
39.78000000000306         0.29323253396418175
39.799999872218834        0.29139630834174834
39.80000000000306         0.2913964559748995
39.81999987208998         0.2940394169817867
39.82000000000304         0.2940386928541682
39.839999872008676        0.30129683986029265
39.840000000003045        0.30129525909129734
39.85999987202998         0.31356265564723
39.86000000000304         0.31356053068435263
39.87999987226233         0.33151188880429305
39.880000000003044        0.33151073207834325
39.89999987290143         0.3561199299079534
39.90000000000303         0.3561246216915365
39.91999987425851         0.38861861809041154
39.92000000000301         0.38864122222818864
39.93999987672893         0.430200125705956
39.940000000002996        0.430259489776797
39.95999988058821         0.4809595814305133
39.96000000000297         0.4809599124385422
39.97999988554078         0.537395291733312
39.98000000000295         0.5373956279938175
39.99999989041475         0.5901790195768765
40.00000000000293         0.5901792914815146
40.019999893828995        0.628903113154544
40.02000000000291         0.6289032775775949
40.03999989539642         0.6516876040371686
40.04000000000289         0.6516876861036692
40.05999989575887         0.6634452109008095
40.06000000000289         0.6634452502710836
40.07999989568781         0.669324957646098
40.08000000000289         0.6693249775844061
40.099999895549544        0.6723684208535652
40.10000000000291         0.6723684316589013
40.11999989540348         0.6740120679710218
40.12000000000289         0.6740120739404972
40.13999989523911         0.6748562358564882
40.14000000000289         0.6748562385597334
40.159999895032286        0.6750637673561788
40.16000000000289         0.6750632385530694
40.17999989472984         0.6744700639377981
40.180000000002885        0.6744686704732906
40.199999894218685        0.6724697089731254
40.20000000000288         0.6724664482739326
40.21999989327263         0.6676093190681319
40.22000000000289         0.6676051777921282
40.23999989148568         0.6567927027622508
40.24000000000288         0.6568066780737208
40.259999888296534        0.6347670790290578
40.2600000000029          0.6348545995168033
40.2799998833915          0.5966262437683295
40.28000000000291         0.5967561486348149
40.29999987747631         0.5443731120868337
40.30000000000294         0.5443627942570338
40.31999987227372         0.4882458564161118
40.32000000000295         0.48815436874288604
40.339999869086576        0.43763200073610103
40.34000000000295         0.4375693279032889
40.3599998677883          0.3962123822659059
40.36000000000296         0.3961882445410844
40.37999986741067         0.36396104626241393
40.380000000002966        0.3639559134142028
40.39999986722738         0.3396968582469338
40.40000000000294         0.33969809262409656
40.41999986705907         0.3221910167941053
40.420000000002936        0.32219344045999343
40.43999986689531         0.31047440686353384
40.44000000000295         0.31047635017700687
40.45999986673623         0.3038821255159965
40.46000000000295         0.3038832077732495
40.47999986658683         0.30203451519498237
40.48000000000294         0.30203470693932694
40.49999986645961         0.304816537052866
40.500000000002935        0.3048165711521441
40.51999986638195         0.3123700421707937
40.52000000000293         0.3123701089817889
40.539999866411414        0.3251031453807647
40.54000000000293         0.3251032484128898
40.559999866661045        0.34371334191386227
40.56000000000292         0.34371348650175887
40.579999867335125        0.36920761913368993
40.580000000002904        0.3692078122339467
40.59999986875839         0.40285787312795457
40.60000000000292         0.4028581221146429
40.61999987134337         0.44589596299471834
40.62000000000289         0.44589627156663547
40.63999987537749         0.49843020699577706
40.64000000000288         0.4984305645092353
40.65999988055225         0.5568886329218976
40.660000000002846        0.5568889965614926
40.67999988564472         0.6117170926683493
40.68000000000281         0.6117173878802636
40.69999988921365         0.6521585155949297
40.70000000000279         0.6521586954330146
40.71999989085515         0.6761088797478819
40.72000000000277         0.6760955153301698
40.7399998912392          0.6885531983890274
40.74000000000277         0.6885567493544382
40.759999891170814        0.6948312254740808
40.76000000000278         0.6948337529209044
40.779999891032304        0.6981280755273357
40.780000000002765        0.6981289075602702
40.79999989088568         0.699954469772516
40.80000000000277         0.6999545873161706
40.81999989071995         0.7009430226761835
40.82000000000277         0.7009428167405516
40.83999989051            0.7012657024591732
40.84000000000277         0.7012650985504137
40.85999989020031         0.7007488206767267
40.86000000000276         0.7007472804673502
40.87999988967305         0.6987541458378242
40.880000000002774        0.6987506281080046
40.89999988869235         0.69374912799428
40.900000000002755        0.6937448568844365
40.91999988683493         0.6824808061484122
40.92000000000277         0.6824962133113299
40.93999988351558         0.6594835275258142
40.9400000000028          0.6595753654187017
40.95999987840731         0.6197652679595845
40.96000000000279         0.6198968924174548
40.97999987224609         0.5655519172010731
40.98000000000283         0.5655383449191773
40.999999866828155        0.5074431003254196
41.00000000000284         0.507347815051672
41.019999863511885        0.45507459954939805
41.020000000002845        0.4550742765094974
41.039999862165196        0.41221575841723523
41.04000000000285         0.4122154980373539
41.059999861778515        0.3788383858200369
41.06000000000284         0.3788381854824953
41.07999986159449         0.35372815332724444
41.08000000000284         0.35372800507611657
41.09999986142607         0.3356191878898921
41.10000000000284         0.33561908417661357
41.119999861262386        0.3235126185666258
41.12000000000284         0.32351255371341653
41.13999986110356         0.3167232446799849
41.14000000000283         0.3167232150237567
41.15999986095487         0.3148609539332447
41.16000000000284         0.31486095772773753
41.17999986082922         0.31780839416549533
41.18000000000282         0.3178084314871239
41.199999860755256        0.32571466325498605
41.20000000000281         0.3257147360092846
41.219999860792846        0.3390052047948612
41.220000000002834        0.33900531678918083
41.23999986105977         0.3584055126761814
41.2400000000028          0.3584056696801176
41.259999861768826        0.38496084108874346
41.26000000000281         0.38496576800432525
41.2600001382368          0.3849659790170381
41.280000000002794        0.4200138968488252
41.2999998659578          0.4647725528225811
41.30000000000278         0.4648347721612621
41.31999987016676         0.5194332837531259
41.320000000002764        0.5195259206478033
41.339999875563734        0.5803220736982034
41.340000000002746        0.5803375857009333
41.35999988087469         0.6376225772673835
41.36000000000271         0.63749838826904
41.37999988459829         0.6801554333871098
41.380000000002696        0.6800682594920139
41.39999988631391         0.7055322037557975
41.40000000000268         0.7055176844466047
41.41999988671951         0.7188187847476236
41.42000000000267         0.718822328693981
41.43999988665382         0.7255872042092433
41.44000000000266         0.7255897945624318
41.45999988651508         0.729199273527333
41.460000000002665        0.7291992878838359
41.47999988636789         0.7312575925503333
41.48000000000267         0.7312576010944585
41.499999886200825        0.7324349368678645
41.50000000000266         0.732434941521604
41.519999885987716        0.7329151444115767
41.52000000000267         0.7329151450898089
41.53999988567081         0.7325146008239293
41.540000000002664        0.7325145953294132
41.55999988512742         0.730555425530703
41.56000000000266         0.7305554079689155
41.57999988411207         0.7254091201014401
41.580000000002656        0.7254090767879857
41.59999988218419         0.7136318462935787
41.60000000000267         0.7136317489357443
41.61999987873463         0.6895002729174109
41.620000000002676        0.6895000784781521
41.639999873423164        0.6479199012515401
41.640000000002686        0.6479195842312654
41.65999986701587         0.591389106107102
41.66000000000271         0.5913887079789456
41.679999861382576        0.530938864968179
41.68000000000273         0.5309384645912196
41.69999985793718         0.4764979011242875
41.70000000000273         0.47649755161630497
41.7199998565421          0.4319406889259449
41.720000000002734        0.4319404071700053
41.73999985614636         0.397237890077265
41.74000000000272         0.3972376733036987
41.75999985596159         0.37113624758549835
41.760000000002734        0.37113608724523656
41.77999985579305         0.3523270454899897
41.78000000000273         0.3523269334576277
41.79999985562944         0.3397764592209972
41.80000000000272         0.33977865806076907
41.81999985547091         0.3327752821955801
41.82000000000272         0.3327765702840874
41.83999985532287         0.33092110886961534
41.84000000000272         0.3309214387678966
41.85999985519884         0.3340957439380315
41.86000000000271         0.3340951071570512
41.879999855128546        0.34245800521382264
41.880000000002724        0.3424564119820282
41.89999985517425         0.35645549552852723
41.90000000000271         0.35645328365497053
41.919999855458485        0.37684866801759564
41.920000000002695        0.3768474630380937
41.93999985620252         0.4047320534087541
41.940000000002684        0.4047371074786628
41.95999985775813         0.4414848628884654
41.96000000000269         0.44150914801615476
41.97999986057223         0.48844509548519016
41.98000000000266         0.4885091101845733
41.9800001394331          0.4885094720565838
42.00000000000266         0.5458575985269217
42.0199998705752          0.6096904361690267
42.020000000002625        0.6096908675311468
42.03999987610466         0.6700968549896676
42.04000000000259         0.6700972088757985
42.059999879982925        0.7152786369819146
42.060000000002574        0.7151875233015855
42.079999881772636        0.7424842687652992
42.08000000000258         0.7424682598508782
42.09999988219983         0.7568703241271925
42.10000000000257         0.7568738309439349
42.11999988213683         0.7642971648663762
42.120000000002555        0.7642998089947867
42.13999988199785         0.768349472572306
42.14000000000256         0.7683502669525503
42.159999881850126        0.7707471224291284
42.16000000000256         0.7707471331211119
42.17999988168169         0.7722134060121575
42.18000000000256         0.7722134124492411
42.199999881465445        0.7729473497031534
42.20000000000257         0.7729473518012431
42.2199998811413          0.7727527378963446
42.22000000000255         0.7727527332060661
42.2399998805818          0.7709024368810677
42.240000000002546        0.7709024188178405
42.25999987953178         0.7656439819349414
42.260000000002556        0.7656439351965019
42.27999987753341         0.7532891886060797
42.28000000000256         0.7532890817969528
42.29999987395368         0.7277823858941844
42.30000000000257         0.727782172089968
42.31999986843898         0.6838959907417226
42.32000000000258         0.6838956436030057
42.33999986178566         0.6244441676162892
42.340000000002604        0.6244437332610862
42.359999855937           0.5609661839388024
42.360000000002614        0.5608579923717179
42.37999985236248         0.503746448730309
42.380000000002624        0.5036731042323667
42.399999850918995        0.45679505639096346
42.40000000000261         0.4567660979705349
42.41999985051422         0.4200875095623707
42.42000000000261         0.42008092659220847
42.4399998503287          0.3923267755414227
42.44000000000261         0.39232800254080796
42.45999985016003         0.3721543989304063
42.46000000000261         0.3721573195530638
42.47999984999652         0.35849284116432695
42.4800000000026          0.35849538848647156
42.49999984983825         0.3505990254251018
42.50000000000259         0.3506006575685327
42.51999984969091         0.34804823825881925
42.52000000000259         0.34804889571192615
42.53999984956848         0.3507087864453174
42.540000000002614        0.35070843656760586
42.559999849501835        0.358737845859702
42.560000000002596        0.358736487405857
42.579999849555676        0.37259038868474365
42.58000000000259         0.372588328376707
42.59999984985721         0.3930473003666566
42.600000000002574        0.3930461200691564
42.619999850636226        0.4212371070253278
42.620000000002584        0.42124194685175803
42.639999852258           0.4585878606240721
42.64000000000257         0.45861163416605527
42.65999985518665         0.506497619734115
42.660000000002555        0.5065610657075819
42.67999985974531         0.5651633609268936
42.680000000002536        0.5652600410179122
42.68000014025973         0.5652604798855181
42.70000000000251         0.6308224388869282
42.71999987133463         0.6931585087587063
42.720000000002486        0.6931588888832431
42.739999875367566        0.7401182987006037
42.74000000000247         0.7401185369596173
42.75999987723137         0.7686648430242305
42.76000000000245         0.7686649669230962
42.77999987768015         0.7839697199940082
42.78000000000247         0.7839697823603033
42.79999987761985         0.792056805848841
42.80000000000245         0.7920568398825798
42.81999987748065         0.7966425928903377
42.82000000000246         0.7966426136921776
42.83999987733233         0.7995133087396186
42.84000000000245         0.7995133226231861
42.85999987716257         0.8014111493093281
42.86000000000245         0.8014111585314923
42.87999987694316         0.8025333022835022
42.88000000000246         0.8025333066802826
42.89999987661182         0.8026933082297614
42.90000000000246         0.8026881634959919
42.91999987603624         0.8012044718216302
42.92000000000244         0.8011949401482181
42.93999987495181         0.7963223245617751
42.94000000000244         0.7963155643443913
42.95999987288359         0.7841696310700695
42.960000000002445        0.7842144351743618
42.97999986917474         0.7583699295150815
42.98000000000246         0.7585600618449471
42.99999986345732         0.7133822101201833
43.000000000002466        0.7136156522785452
43.01999985655427         0.6513544097782088
43.0200000000025          0.6513233974235175
43.03999985047899         0.5830958454681459
43.040000000002486        0.5829047404511833
43.05999984675861         0.5189314352711318
43.060000000002496        0.5187789636772531
43.079999845250626        0.463352279278485
43.08000000000248         0.46327465945260693
43.09999984482521         0.41670522094499307
43.100000000002474        0.4166750171030778
43.11999984463195         0.3778380113832041
43.120000000002456        0.37783067359270806
43.13999984445877         0.34536027581008466
43.14000000000247         0.34536245798932996
43.1599998442907          0.31803626221354486
43.16000000000244         0.31804174989727724
43.179999844124204        0.29485999728959605
43.18000000000243         0.29486613685636764
43.19999984395819         0.2750366248265339
43.199999999999996        0.2750364798566931
