% Model:              ModelBHUp.mph
% Version:            COMSOL 5.6.0.280
% Date:               Oct 20 2021, 22:12
% Dimension:          1
% Nodes:              963
% Expressions:        1
% Description:        线图
% cln2x                   Height
23.999999999999996        0.1337875044555989
24.02466102325603         0.14739299733060274
24.038417122647118        0.1568909853208922
24.08665489137497         0.20152437778754653
24.086677390074524        0.20154903169411614
24.08675954072998         0.20202410711416252
24.12828138925281         0.2580657455900219
24.136709817918675        0.27342972041446467
24.156815187191995        0.3132039700276411
24.16222922725792         0.324303325913289
24.165572426816308        0.3312858974479024
24.1823272773598          0.36788490529100304
24.199999999999996        0.4002484396389442
24.219999999999622        0.42686661794344677
24.24000000000001         0.4416321297003303
24.260000000000467        0.44874443714206014
24.280000000000076        0.4518211273325139
24.299999999999603        0.45269627711562826
24.319999999999975        0.4519078083548301
24.340000000000426        0.4489984107771985
24.360000000000046        0.4422665027210122
24.3799999999996          0.42837036781090204
24.399999999999977        0.40355586640821806
24.420000000000428        0.36835043712314386
24.44000000000005         0.3299594351601256
24.4599999999996          0.29528768827628477
24.479999999999976        0.26698301705152405
24.500000000000423        0.24499968335093114
24.520000000000053        0.22848109903941882
24.539999999999598        0.216546927738237
24.55999999999997         0.20850602076169183
24.58000000000043         0.20388438321961483
24.600000000000048        0.20240946285482841
24.619999999999603        0.2039933867332956
24.639999999999986        0.20872799107956802
24.66000000000043         0.21688671606882937
24.680000000000057        0.2289471822553741
24.6999999999996          0.24560352320705495
24.719999999999974        0.2677389518521744
24.740000000000425        0.29621163442105825
24.760000000000048        0.3310645210286326
24.77999999999959         0.3696354858163833
24.799999999999965        0.4049905095393418
24.820000000000427        0.4298994005787527
24.840000000000042        0.44384089411070565
24.859999999999594        0.4505956858107666
24.879999999999963        0.4535204975312766
24.90000000000043         0.4543427871309844
24.920000000000066        0.45355085612004403
24.939999999999703        0.45065712702572397
24.96000000000023         0.4439393256178226
24.980000000000768        0.43003359930977214
25.000000000000355        0.4051626273962744
25.019999999999957        0.3698479274831416
25.040000000000177        0.331321632681605
25.060000000000567        0.2965198582982538
25.080000000000197        0.26812186036908514
25.099999999999675        0.24603799136200466
25.11999999999997         0.22944874739321838
25.14000000000042         0.21746606458545703
25.160000000000093        0.2093943418528807
25.179999999999627        0.2047572079531964
25.19999999999994         0.20328087561928634
25.22000000000041         0.2048771988833602
25.240000000000087        0.2096372764195014
25.25999999999962         0.217837845838765
25.279999999999934        0.22995822392187204
25.300000000000402        0.24669613265599447
25.320000000000153        0.26893953632043105
25.33999999999988         0.2975518571335912
25.36000000000038         0.3325783176671056
25.380000000000763        0.37134756224749543
25.40000000000023         0.4067906227106069
25.419999999999686        0.4319018952841175
25.44                     0.44599905259457934
25.46000000000037         0.4528308359261092
25.479999999999954        0.4558078589909889
25.4999999999996          0.4566711425668417
25.520000000000053        0.45591103360418467
25.540000000000422        0.4530369631025299
25.559999999999985        0.44631686031920587
25.57999999999961         0.43236774441296805
25.600000000000065        0.40739013634231963
25.62000000000043         0.37190631684176284
25.63999999999998         0.3331872839412973
25.65999999999961         0.2982085685242936
25.68000000000005         0.26964982023102424
25.70000000000043         0.24746948296485693
25.719999999999978        0.23080539817012793
25.739999999999604        0.2187686186337421
25.76000000000006         0.21066627044547714
25.780000000000427        0.2060188719223179
25.799999999999986        0.2045517788074645
25.819999999999613        0.20617694958574373
25.84000000000006         0.21098658620346555
25.86000000000044         0.21925968836048315
25.879999999999985        0.23147915221548
25.899999999999604        0.2483478183708546
25.92000000000006         0.2707603602061428
25.94000000000043         0.2996312031310527
25.959999999999987        0.33493671321954366
25.979999999999613        0.37392917770996115
26.000000000000053        0.4096543933261961
26.020000000000437        0.4349716879594631
26.039999999999985        0.4491983456439803
26.059999999999604        0.4561075942523595
26.080000000000044        0.45913374171498395
26.1000000000004          0.46003017337907465
26.119999999999926        0.4592920254447814
26.139999999999493        0.45641935941208833
26.159999999999844        0.4496717796028328
26.180000000000085        0.4356384706998574
26.199999999999626        0.41038409014102345
26.21999999999913         0.3747478046669788
26.23999999999967         0.3358194211708296
26.26000000000028         0.3005703064133465
26.27999999999998         0.27177790903443977
26.299999999999585        0.2494255133924518
26.32000000000001         0.23264066448662624
26.34000000000044         0.22052477595649525
26.360000000000024        0.21237383415397715
26.37999999999959         0.20770581301858262
26.400000000000006        0.20624412062018158
26.42000000000044         0.20790042054051858
26.440000000000015        0.21276817934467115
26.459999999999585        0.22112923520095842
26.479999999999986        0.2334710710412883
26.500000000000398        0.25050645077001815
26.519999999999968        0.2731452042648455
26.53999999999952         0.30227006812350504
26.559999999999917        0.3379052074160812
26.580000000000368        0.3772632582143719
26.600000000000023        0.41332972264790996
26.61999999999967         0.43889939620794993
26.640000000000043        0.45327979455933226
26.660000000000483        0.4602756381541512
26.68000000000007         0.4633516599751274
26.6999999999996          0.46427689391424104
26.719999999999956        0.4635492405143135
26.740000000000364        0.4606690994618766
26.759999999999994        0.45387402408614197
26.77999999999967         0.43972267014143596
26.800000000000235        0.41435116999835464
26.820000000000814        0.37829169251452444
26.840000000000426        0.3389389563038745
26.85999999999985         0.30343223346507114
26.880000000000056        0.2743801354223308
26.90000000000035         0.2518282759556625
26.919999999999995        0.2348960568631428
26.93999999999966         0.2226767789180561
26.96000000000001         0.21446041492419438
26.980000000000363        0.20976108004965505
26.999999999999993        0.2083000609328397
27.01999999999966         0.20998850880423198
27.040000000000024        0.2149198499199499
27.06000000000036         0.22338124194218867
27.080000000000016        0.235865832228244
27.0999999999997          0.2530933370792741
27.120000000000097        0.2759821984394434
27.14000000000047         0.3054256448173981
27.160000000000156        0.3414486786732525
27.17999999999983         0.3812359371312357
27.200000000000117        0.4177009797358554
27.220000000000418        0.4435623825188972
27.240000000000006        0.45811697108935673
27.259999999999557        0.4652071618814109
27.279999999999944        0.46833361357204584
27.30000000000041         0.46928445134731556
27.320000000000057        0.4685631194611258
27.339999999999655        0.46566445387758965
27.360000000000053        0.45880639506535265
27.380000000000408        0.44445138233514603
27.39999999999987         0.4187607507004522
27.41999999999933         0.3824183524719532
27.43999999999976         0.34271663591301177
27.4600000000003          0.30676829270482703
27.479999999999976        0.2774080099615813
27.49999999999958         0.25461952241786634
27.519999999999996        0.23751282452505706
27.540000000000422        0.2251710960548257
27.560000000000024        0.2168764534112014
27.579999999999586        0.21213855946017784
27.599999999999994        0.21067403340935176
27.620000000000424        0.21239494020784183
27.64000000000001         0.21739761543720598
27.65999999999958         0.2259710285769935
27.679999999999982        0.23861498284193386
27.700000000000397        0.25605780490723185
27.719999999999974        0.27922883648047264
27.739999999999526        0.30903210455947366
27.759999999999934        0.3454938194230005
27.780000000000403        0.3857677447316489
27.80000000000005         0.4226863446779072
27.819999999999713        0.44888025744773474
27.84000000000006         0.4636319798896559
27.860000000000475        0.47082293238764883
27.880000000000074        0.47400569857098585
27.89999999999962         0.4749812335618277
27.919999999999956        0.4742627283651604
27.940000000000342        0.47133872516607034
27.959999999999948        0.4643987995027355
27.979999999999606        0.44988012574770647
28.000000000000124        0.4238807441857834
28.020000000000632        0.3871014460325145
28.040000000000212        0.34692323135238917
28.059999999999743        0.31054388301754365
28.080000000000098        0.2808320884041814
28.10000000000046         0.2577720371079821
28.119999999999994        0.24046395538083679
28.139999999999567        0.2279822555839179
28.160000000000018        0.21959640013546294
28.180000000000437        0.21481106348850978
28.199999999999985        0.21334167971602563
28.21999999999957         0.21509812393262884
28.240000000000034        0.22017829736361416
28.260000000000456        0.228875231322302
28.280000000000005        0.2416955057092916
28.299999999999592        0.2593771799905593
28.320000000000064        0.2828619868069065
28.340000000000497        0.31306622624726016
28.360000000000046        0.35001750431366296
28.379999999999583        0.390834377128457
28.399999999999967        0.4282570392581595
28.420000000000325        0.45481760145712796
28.439999999999955        0.4697836241590696
28.459999999999532        0.47708857630653656
28.479999999999926        0.4803210661312732
28.500000000000387        0.481321771956472
28.520000000000035        0.4806043412375438
28.539999999999647        0.47764995951850825
28.560000000000045        0.4706184619253144
28.58000000000039         0.45590762152918496
28.599999999999874        0.42956210685229573
28.619999999999358        0.392295581548544
28.63999999999978         0.3515873825229491
28.66000000000027         0.3147292674462743
28.679999999999904        0.284609474841002
28.69999999999954         0.26126142351323667
28.72000000000001         0.2437322213628534
28.74000000000043         0.23108860919353993
28.75999999999997         0.2225977257506714
28.77999999999957         0.21775704507066954
28.80000000000001         0.21627821804094918
28.82000000000043         0.2180698394966281
28.839999999999975        0.22323126725870285
28.859999999999555        0.2320597820975035
28.880000000000003        0.24506921118566752
28.900000000000414        0.26300809721367907
28.91999999999993         0.28683152138266144
28.939999999999493        0.31746888216201385
28.95999999999995         0.35494873784153647
28.980000000000405        0.3963505623650111
29.000000000000018        0.4344262539005129
29.019999999999673        0.4613278287487077
29.04000000000003         0.476468619443174
29.060000000000453        0.48388017461144045
29.080000000000062        0.48717089662275453
29.099999999999607        0.4881927102807202
29.119999999999948        0.48747027237096585
29.140000000000324        0.4844769810652976
29.159999999999858        0.4773453995812113
29.1799999999994          0.46242163876610803
29.19999999999982         0.4356973165564475
29.220000000000212        0.3979092863070591
29.23999999999983         0.35655375591608846
29.259999999999476        0.3191966321044376
29.279999999999944        0.28870203499305946
29.300000000000384        0.26502787676475476
29.319999999999965        0.24725506168868716
29.339999999999566        0.23443719608205654
29.359999999999992        0.22583127819912274
29.380000000000408        0.22092822892618452
29.399999999999974        0.21943614471814224
29.419999999999565        0.2212626629868495
29.439999999999998        0.22650860482123622
29.460000000000402        0.23547563115396675
29.479999999999983        0.2486852097955274
29.499999999999563        0.2668970043392067
29.51999999999996         0.29106242298819524
29.54000000000027         0.32217806008735517
29.559999999999725        0.36015376757747564
29.579999999999302        0.4022499842057107
29.599999999999845        0.4408942037983969
29.620000000000378        0.4682115396181708
29.640000000000036        0.483592793494739
29.65999999999964         0.4911258255705494
29.680000000000046        0.4944731094765034
29.70000000000041         0.49551529199807676
29.719999999999963        0.49478522281591436
29.739999999999583        0.4917478105511903
29.760000000000037        0.48450623668244935
29.780000000000406        0.4694134013447277
29.79999999999995         0.44233486510373116
29.819999999999578        0.40386657488146604
29.840000000000018        0.36189940858045944
29.86000000000039         0.3239922804442365
29.87999999999993         0.29304961376318084
29.899999999999554        0.2690284237836485
29.920000000000005        0.25099620583907023
29.94000000000038         0.2379927300130398
29.959999999999937        0.22926406615204348
29.97999999999956         0.22429365017074157
30.00000000000002         0.2227855384528742
30.020000000000387        0.22464641477813632
30.03999999999994         0.2299790127645963
30.05999999999956         0.23908967243395998
30.08000000000002         0.25250770192695654
30.100000000000392        0.2710041867849083
30.119999999999944        0.2955447533417414
30.13999999999957         0.3270928937537093
30.16000000000002         0.36570075980628947
30.18000000000039         0.40844738110474405
30.199999999999942        0.447699631711885
30.219999999999565        0.4754621172858843
30.240000000000016        0.4911037718617206
30.260000000000392        0.4987685580744238
30.279999999999937        0.5021765263799775
30.299999999999557        0.5032397448192494
30.32000000000001         0.5024981762098218
30.340000000000376        0.49941020710854384
30.35999999999993         0.4920591950579308
30.379999999999562        0.47671269770303654
30.400000000000016        0.44920148098108786
30.420000000000396        0.4101345378906165
30.439999999999944        0.36752397051864866
30.459999999999557        0.32903882935225603
30.480000000000008        0.2976251483293776
30.50000000000038         0.2732388917225096
30.51999999999994         0.2549335348967027
30.539999999999562        0.24173441195058065
30.560000000000002        0.23287623165539217
30.580000000000382        0.22783463944255675
30.59999999999993         0.22630924034373134
30.61999999999955         0.22820541952779655
30.64                     0.2336291264566262
30.660000000000373        0.24288949119799053
30.679999999999936        0.2565239446282915
30.699999999999566        0.27531274263999705
30.72000000000001         0.300248579091812
30.740000000000393        0.33229766072413897
30.759999999999934        0.37151716098602083
30.77999999999956         0.4149440701135512
30.80000000000001         0.45483227629452944
30.820000000000384        0.4830602407798803
30.839999999999932        0.4989740966096323
30.859999999999566        0.5067796282002127
30.880000000000017        0.5102482653044071
30.900000000000393        0.5113296381834916
30.919999999999945        0.5105754737783154
30.939999999999568        0.5074325388592348
30.960000000000015        0.4999512520662237
30.980000000000384        0.48433869704690813
30.99999999999993         0.4563683627105359
31.01999999999955         0.41667458070804797
31.040000000000013        0.3733947865939556
31.060000000000375        0.33430928035211366
31.079999999999927        0.3024057625711853
31.099999999999554        0.27763930975977574
31.119999999999997        0.25904911961147653
31.14000000000038         0.24564564488523247
31.15999999999993         0.23665183686603747
31.17999999999955         0.23153527235019736
31.200000000000006        0.229990913721994
31.220000000000383        0.2319235514821602
31.239999999999934        0.2374387241012386
31.25999999999955         0.2468525177226766
31.279999999999994        0.2607101061392432
31.30000000000037         0.27980381817007943
31.319999999999926        0.3051415470946181
31.339999999999563        0.3377042707352588
31.360000000000007        0.37755110701454586
31.380000000000393        0.4216790421630532
31.399999999999928        0.46223216800928624
31.419999999999554        0.4908958120531571
31.44000000000001         0.5071640350060246
31.460000000000377        0.5151272203473964
31.479999999999933        0.518663377845223
31.49999999999955         0.5197652817799079
31.520000000000014        0.5189958861945076
31.54000000000038         0.5157915392921042
31.559999999999928        0.5081659012169982
31.579999999999547        0.4922621222287714
31.60000000000001         0.46380005382385203
31.620000000000385        0.4234507617164829
31.639999999999926        0.3794811574382336
31.659999999999563        0.3397792931735373
31.68                     0.3073724420028341
31.700000000000365        0.2822140903316377
31.719999999999914        0.2633294086894
31.739999999999547        0.24971206506767893
31.759999999999998        0.240577357195724
31.78000000000037         0.23538238179920776
31.799999999999933        0.233816964498943
31.819999999999542        0.2357833693108014
31.840000000000007        0.24138924776386209
31.86000000000037         0.250955159498841
31.879999999999914        0.2650341477321802
31.899999999999554        0.2844298465857199
31.92000000000002         0.3101643410855744
31.940000000000378        0.34323232046478525
31.959999999999926        0.38376723882630975
31.979999999999542        0.42852757401661934
31.999999999999986        0.46968783756471155
32.020000000000366        0.4990492285885539
32.03999999999993         0.5156793223842365
32.05999999999955         0.5238217325641206
32.07999999999999         0.5274348314051145
32.100000000000364        0.528559039290689
32.11999999999992         0.527771684206172
32.13999999999953         0.5244972729500331
32.15999999999999         0.5167085468079662
32.18000000000036         0.5004813053354392
32.19999999999991         0.4714880325986684
32.219999999999544        0.43045239372945543
32.23999999999999         0.38577438800794517
32.26000000000036         0.34544422543874675
32.27999999999993         0.3125242162939326
32.29999999999955         0.2869692647887265
32.31999999999999         0.26777772729949745
32.34000000000037         0.2539440183212384
32.359999999999914        0.24466460672777118
32.37999999999954         0.23938953699372495
32.399999999999984        0.23780401701065115
32.420000000000364        0.2398090119983136
32.43999999999991         0.24551411145216293
32.45999999999954         0.25524514794440933
32.47999999999999         0.26956385494507035
32.50000000000036         0.289289961414583
32.51999999999991         0.3154686489793205
32.53999999999955         0.3491165279801079
32.559999999999995        0.39027746915579437
32.58000000000037         0.43578727742668827
32.599999999999916        0.4776495604714479
32.61999999999954         0.5075387993722731
32.64                     0.5244921104744764
32.66000000000038         0.5328058424109339
32.67999999999993         0.5364968463149321
32.69999999999955         0.5376451282617202
32.72000000000001         0.5368401050729777
32.740000000000386        0.5334915763117586
32.759999999999934        0.5255262133771205
32.779999999999546        0.5089490338517165
32.80000000000001         0.47939100700971554
32.82000000000037         0.4376374876725007
32.839999999999925        0.3923134033482103
32.85999999999953         0.3513239662016869
32.879999999999995        0.3178513535063691
32.90000000000036         0.2918695913844187
32.919999999999916        0.2723698368844981
32.93999999999953         0.2583127529713381
32.95999999999999         0.24888367527916577
32.980000000000366        0.24352462052457863
32.999999999999915        0.24191603226558353
33.01999999999953         0.2439573996782058
33.03999999999999         0.2497601039102919
33.06000000000036         0.2596532379685736
33.07999999999991         0.27421206046319074
33.09999999999953         0.2942666960027386
33.11999999999998         0.32087660793545
33.140000000000356        0.3550723519357845
33.159999999999926        0.3968952891007174
33.17999999999954         0.4431533234655868
33.199999999999996        0.4857521267435644
33.22000000000036         0.5162355810053819
33.23999999999991         0.5335653135294024
33.25999999999955         0.5420748291693299
33.27999999999999         0.5458540971857626
33.30000000000035         0.5470302432911001
33.3199999999999          0.5462076680017836
33.33999999999953         0.5427828246414056
33.35999999999997         0.5346383462641598
33.38000000000035         0.5176393106960119
33.399999999999906        0.4874528828458737
33.419999999999526        0.4450868021540627
33.439999999999976        0.39901022441851136
33.460000000000356        0.35735443720092236
33.47999999999991         0.3233387115398579
33.49999999999954         0.2969337156099174
33.519999999999996        0.27711417964492063
33.540000000000376        0.26282505935259576
33.55999999999992         0.2532396048801779
33.579999999999536        0.24779185084308306
33.6                      0.24615746516594902
33.62000000000036         0.24823348226203198
33.63999999999992         0.2541337734595812
33.65999999999954         0.2641947114703884
33.679999999999986        0.2789966564187022
33.700000000000365        0.2993836601893398
33.719999999999914        0.3264307137185035
33.73999999999954         0.3611834239118849
33.75999999999999         0.4036866972681894
33.78000000000036         0.45071560215684775
33.79999999999991         0.49407735140236897
33.819999999999546        0.5251752751042829
33.84                     0.5428943177798233
33.86000000000037         0.5516029189738152
33.879999999999924        0.5554753778001157
33.899999999999544        0.5566817674931307
33.920000000000016        0.5558397070821395
33.94000000000038         0.5523289436627892
33.95999999999992         0.5439686865960099
33.979999999999556        0.5265805358590935
34                        0.4957732131199494
34.02000000000039         0.4526493273948018
34.03999999999993         0.40581723080019017
34.05999999999953         0.36349917317792685
34.079999999999984        0.3289436287048593
34.10000000000036         0.3021177084428886
34.11999999999991         0.28198111008793403
34.139999999999525        0.26746231505988444
34.15999999999998         0.2577237466203727
34.180000000000355        0.25218755632604944
34.1999999999999          0.250527985313672
34.21999999999952         0.2526419980667386
34.23999999999998         0.2586446881436676
34.260000000000346        0.26887781290503043
34.2799999999999          0.28393079703462065
34.29999999999954         0.304660581430386
34.31999999999998         0.33215815915338254
34.340000000000344        0.3674846497422807
34.3599999999999          0.410688740015519
34.37999999999953         0.458512220389619
34.39999999999998         0.5026618440659361
34.42000000000036         0.5343964117369736
34.4399999999999          0.552520948028515
34.45999999999953         0.5614462657754699
34.47999999999998         0.5654130643313593
34.50000000000037         0.5666525896059412
34.51999999999991         0.5657935982882022
34.53999999999954         0.5622001130210457
34.55999999999999         0.5536410283662409
34.58000000000036         0.5358607187046688
34.5999999999999          0.5044287909735833
34.61999999999953         0.4605271900092559
34.63999999999999         0.41290895501601854
34.66000000000036         0.3698974483550114
34.67999999999991         0.3347752458359212
34.69999999999952         0.3075027763980679
34.719999999999985        0.28703868801684157
34.740000000000364        0.272282225137237
34.759999999999906        0.2623830475699532
34.77999999999953         0.2567579779916763
34.79999999999999         0.2550737641817886
34.82000000000036         0.25722668204433824
34.839999999999904        0.26333476558549357
34.85999999999952         0.27374568321441234
34.879999999999974        0.2890583262187908
34.900000000000354        0.3101430027742968
34.9199999999999          0.33810729176559795
34.93999999999953         0.374028390465163
34.95999999999999         0.41795887830979706
34.980000000000345        0.4666059886173824
34.999999999999915        0.5115724576259735
35.019999999999534        0.5440374017251239
35.03999999999998         0.5625219694483096
35.06000000000037         0.571655774792596
35.07999999999992         0.5757250848362133
35.09999999999954         0.5769960992369336
35.11999999999997         0.5761197242384332
35.14000000000035         0.5724415476239788
35.1599999999999          0.5636723038430485
35.17999999999952         0.5454724408145892
35.19999999999999         0.5133779479847997
35.220000000000354        0.46866675238772204
35.2399999999999          0.42016469594381184
35.25999999999953         0.37646926253989066
35.27999999999998         0.3408030197784248
35.30000000000036         0.31309823366155504
35.31999999999991         0.29229123191755196
35.339999999999534        0.27728663723183383
35.359999999999985        0.26722263759544196
35.38000000000035         0.26150734657807356
35.3999999999999          0.25980114842599994
35.419999999999526        0.2619975976822991
35.439999999999976        0.2682165415531456
35.460000000000356        0.2788122610776041
35.47999999999991         0.2943941503544407
35.49999999999954         0.3158466386031629
35.51999999999998         0.34429454721819475
35.54000000000036         0.3808317177255289
35.55999999999991         0.4255148285133176
35.579999999999536        0.4750157026370109
35.59999999999999         0.5209514652375893
35.62000000000036         0.5539869145750824
35.63999999999991         0.5729115981449524
35.65999999999954         0.5822752270082464
35.68000000000001         0.5864482081114479
35.70000000000037         0.5877556702192764
35.719999999999914        0.5868679255858759
35.73999999999954         0.5831130185548553
35.75999999999999         0.574144824498831
35.78000000000037         0.5555393095258362
35.79999999999991         0.5229086856372279
35.819999999999524        0.4772395425645021
35.839999999999975        0.42788220905567675
35.86000000000035         0.3834306819891312
35.879999999999896        0.34714724776336725
35.899999999999515        0.31896099933739364
35.91999999999998         0.2977905204241552
35.940000000000346        0.28252207000913665
35.9599999999999          0.2722800337152427
35.97999999999952         0.26646377386482134
35.99999999999998         0.26472914911871953
36.020000000000344        0.26696793535999047
36.03999999999991         0.2733010026013291
36.05999999999953         0.28408741816759325
36.07999999999999         0.29994618445357624
36.10000000000036         0.32177628977767303
36.11999999999991         0.3506997963268066
36.139999999999525        0.38783480493396055
36.15999999999999         0.4332662672970626
36.180000000000355        0.4837262696486884
36.1999999999999          0.5305545485882684
36.21999999999953         0.5643301618531801
36.23999999999999         0.5837357967763939
36.26000000000036         0.5933574431124297
36.279999999999916        0.5976528756319109
36.29999999999952         0.5990043129127592
36.319999999999986        0.5980990831790216
36.34000000000035         0.5942431617331305
36.35999999999991         0.5850547773392853
36.37999999999954         0.5660557642989709
36.39999999999999         0.5326325024015519
36.42000000000035         0.4860865987378464
36.4399999999999          0.4358585356023572
36.459999999999525        0.3906441160139308
36.47999999999997         0.3537375578746644
36.50000000000035         0.3250638484772637
36.519999999999904        0.30352601602744167
36.53999999999952         0.2879935498671531
36.55999999999999         0.2775760737887971
36.580000000000354        0.27166217279017957
36.5999999999999          0.2699022519064327
36.61999999999952         0.2721876122157049
36.63999999999998         0.27864285718415455
36.660000000000345        0.28963385242932954
36.67999999999991         0.30579130139147237
36.699999999999534        0.32802112901151853
36.719999999999985        0.35748026779751463
36.740000000000364        0.3952922639821387
36.759999999999906        0.44155137636985026
36.77999999999952         0.49295026711871215
36.79999999999998         0.5407086257314099
36.82000000000037         0.5752347532545042
36.83999999999992         0.5951205938748713
36.85999999999952         0.6049981606350208
36.87999999999998         0.6094167696611344
36.900000000000354        0.6108138417267924
36.9199999999999          0.6099019451080654
36.93999999999952         0.6059704105025492
36.95999999999998         0.5965667754867338
36.98000000000036         0.5771241196066296
36.99999999999991         0.5429793496341553
37.019999999999534        0.4955218669083285
37.03999999999998         0.44436490322157274
37.060000000000365        0.39832881693241323
37.07999999999991         0.360751269208582
37.09999999999954         0.3315541841852494
37.11999999999998         0.3096220430453031
37.14000000000035         0.29380509824828643
37.15999999999992         0.28319824085461254
37.17999999999953         0.2771802902253349
37.19999999999998         0.27539544379646486
37.220000000000354        0.2777329726920303
37.2399999999999          0.2843181940941281
37.259999999999536        0.2955235737134382
37.27999999999998         0.3119896527540554
37.300000000000345        0.334643713648606
37.319999999999894        0.3646606080436653
37.33999999999951         0.40318319219977444
37.35999999999998         0.4503111980031875
37.380000000000344        0.5026996197129591
37.399999999999906        0.5514505070982905
37.41999999999954         0.586793800418219
37.43999999999999         0.6072038496237954
37.460000000000356        0.6173879044529158
37.479999999999905        0.6219482882311501
37.49999999999953         0.6234059158246921
37.519999999999996        0.6224880414002596
37.54000000000036         0.6184644487403503
37.55999999999992         0.6088187674490279
37.579999999999536        0.5888866281089336
37.599999999999994        0.5539584313259635
37.62000000000037         0.505530519715925
37.63999999999991         0.45339797317627767
37.65999999999953         0.40650300960174707
37.67999999999998         0.3682239145870955
37.70000000000035         0.3384831669041437
37.7199999999999          0.31613381605195834
37.73999999999952         0.30001818586821705
37.75999999999998         0.2892161040216808
37.78000000000035         0.28309255136936967
37.7999999999999          0.281284584012529
37.819999999999524        0.2836794476002682
37.83999999999999         0.29040645432985335
37.860000000000376        0.3018455556164865
37.87999999999992         0.3186488306991027
37.89999999999954         0.34176029618169507
37.919999999999995        0.3723762606517726
37.94000000000037         0.41166079771344094
37.9599999999999          0.4597205721753792
37.979999999999535        0.5131781305155471
37.99999999999999         0.5628729278444506
38.020000000000366        0.5991485443065584
38.03999999999991         0.6202173448769718
38.059999999999526        0.6307239262366756
38.079999999999984        0.6354462792438893
38.100000000000364        0.6369743460253885
38.119999999999905        0.6360569385838001
38.13999999999954         0.6319413159386478
38.15999999999998         0.6220402319686336
38.180000000000355        0.6015843452652193
38.199999999999896        0.565816440044039
38.219999999999516        0.5163490302359011
38.239999999999974        0.46317119998058776
38.260000000000346        0.4153548138936725
38.27999999999989         0.3763217416142194
38.29999999999951         0.3459866417155504
38.31999999999996         0.3231970299540951
38.34000000000035         0.3067616074524508
38.3599999999999          0.2957479284214002
38.37999999999953         0.28950900228717175
38.39999999999998         0.28767569598116927
38.42000000000035         0.2901335399971857
38.4399999999999          0.297014652251077
38.45999999999951         0.3087062971128951
38.47999999999998         0.3258737707744611
38.50000000000035         0.3494801889332961
38.51999999999989         0.38076722781729594
38.53999999999951         0.42091447266638227
38.559999999999974        0.4700128009108199
38.580000000000354        0.5245424993527864
38.5999999999999          0.5753998293168923
38.61999999999952         0.6126422906345597
38.63999999999998         0.634354959062765
38.66000000000036         0.6452251124614482
38.6799999999999          0.6501375614087128
38.69999999999953         0.6517513574989487
38.71999999999999         0.650835446661137
38.740000000000364        0.6466182679445824
38.75999999999992         0.6364437290078492
38.779999999999525        0.6154316024718247
38.79999999999998         0.578768037021582
38.820000000000356        0.5281809302325855
38.839999999999904        0.4738694179196179
38.85999999999952         0.42511220469150907
38.87999999999996         0.3852262599073617
38.90000000000037         0.35423780429866253
38.919999999999916        0.330965421528943
38.939999999999515        0.3141895861775609
38.95999999999997         0.3029507307279571
38.980000000000345        0.29659152036921177
38.99999999999989         0.29473651332742884
39.01999999999952         0.2972699600517685
39.03999999999998         0.30432707194930686
39.06000000000034         0.31630396069652805
39.0799999999999          0.33387940990068593
39.09999999999952         0.35804577399621906
39.11999999999997         0.3900535990110229
39.140000000000356        0.4311222148372621
39.159999999999904        0.48134682148451696
39.17999999999953         0.5371619206961006
39.199999999999974        0.5893160914465082
39.22000000000035         0.6276408905838898
39.2399999999999          0.6500763969162088
39.25999999999953         0.6613546846370717
39.27999999999998         0.6664815487035592
39.30000000000036         0.6681986642914561
39.3199999999999          0.6672998116840867
39.33999999999953         0.6629855276611167
39.35999999999998         0.6525126175746251
39.38000000000036         0.6308719252215025
39.399999999999906        0.5930700365154113
39.41999999999952         0.5413769716600696
39.43999999999997         0.4859046683283808
39.46000000000034         0.43597105083742227
39.4799999999999          0.39519721852025247
39.4999999999995          0.36351858286894845
39.51999999999998         0.3397310752746881
39.54000000000035         0.3225909907220236
39.5599999999999          0.311119016331033
39.57999999999951         0.30464358489940363
39.59999999999997         0.3027811989551606
39.62000000000036         0.30541327501887
39.63999999999991         0.3126799333437648
39.65999999999951         0.32498866346070227
39.67999999999997         0.3430383918715013
39.700000000000344        0.3678410992902447
39.7199999999999          0.40067960178889017
39.739999999999526        0.44280289184465105
39.75999999999997         0.49431674245163565
39.78000000000035         0.5516049829227552
39.7999999999999          0.605250121290783
39.81999999999952         0.6448265616934841
39.83999999999998         0.6681067874001447
39.86000000000036         0.6798718239450827
39.8799999999999          0.6852641867017674
39.89999999999953         0.687119675190182
39.91999999999997         0.6862601425868446
39.940000000000374        0.6818533504067958
39.95999999999992         0.6710423233847229
39.97999999999953         0.6486232845772707
39.99999999999998         0.6097597413366866
40.02000000000035         0.5566469838586848
40.03999999999989         0.49974423819768077
40.05999999999951         0.4485488092564665
40.07999999999996         0.4067440437792152
40.100000000000335        0.3742616109316461
40.1199999999999          0.3498716861077175
40.139999999999525        0.3323029892508586
40.15999999999996         0.3205557365862461
40.18000000000035         0.31393737641817854
40.19999999999989         0.31205824651328257
40.21999999999951         0.3147984209518313
40.23999999999998         0.32230233631071786
40.26000000000033         0.33498876653651233
40.27999999999989         0.35357573816025606
40.299999999999514        0.379102453700338
40.319999999999965        0.41288627049391496
40.34000000000034         0.45621090475157583
40.359999999999886        0.5091958796800509
40.37999999999951         0.5681701227144984
40.39999999999996         0.6235299188322959
40.42000000000034         0.6645557986110975
40.439999999999884        0.6888227988727553
40.45999999999951         0.7011615138412103
40.47999999999997         0.7068667206629526
40.50000000000035         0.7088902513891264
40.5199999999999          0.708081958298902
40.539999999999516        0.70357224907589
40.55999999999997         0.6923834900347451
40.58000000000034         0.6691531915917094
40.59999999999989         0.628975115416562
40.619999999999514        0.5742391130196521
40.639999999999965        0.5157062146946728
40.66000000000036         0.4630743714128512
40.67999999999991         0.420095633345982
40.69999999999952         0.38669686991423635
40.71999999999997         0.36161978933512057
40.74000000000034         0.34355990162284417
40.7599999999999          0.33148846002568066
40.77999999999952         0.324701111286251
40.79999999999997         0.3227957233996881
40.82000000000034         0.3256504729218146
40.83999999999989         0.33341588584282134
40.85999999999952         0.3465243120921914
40.879999999999974        0.36571572399508234
40.90000000000034         0.39206044911590815
40.919999999999895        0.42691525991587126
40.93999999999952         0.47160385295636126
40.95999999999997         0.5262627634364232
40.98000000000034         0.5871616439134987
40.99999999999991         0.6444876756681808
41.01999999999952         0.6871820888445439
41.03999999999997         0.7125862570290228
41.06000000000036         0.7255820036949276
41.07999999999989         0.7316558976196428
41.09999999999952         0.7338738891122949
41.119999999999976        0.733128762532529
41.14000000000036         0.728509058120849
41.159999999999904        0.7169034456897013
41.17999999999952         0.6927596222831648
41.199999999999974        0.6511023105526238
41.220000000000354        0.5945372626053886
41.23999999999989         0.5341640310874912
41.25999999999951         0.47984413958616007
41.27999999999997         0.43558195933558347
41.30000000000033         0.4011718872644276
41.31999999999988         0.3753275765293433
41.339999999999506        0.35671736870504006
41.359999999999964        0.3442881724696621
41.380000000000344        0.3373161588030513
41.399999999999885        0.33538876871195794
41.419999999999504        0.33838231645074235
41.43999999999996         0.3464538505675179
41.46000000000034         0.3600522475374262
41.479999999999876        0.3799434149067154
41.49999999999951         0.40723439090699615
41.51999999999995         0.4433281251021846
41.54000000000034         0.48959561389916806
41.55999999999989         0.5461942220551819
41.579999999999515        0.6093260910343111
41.599999999999966        0.6690615062090994
41.620000000000346        0.7136785823925034
41.639999999999894        0.7403632818440181
41.65999999999951         0.754149348122139
41.67999999999997         0.7606813277783188
41.700000000000365        0.7631593295165631
41.71999999999991         0.7625241875447012
41.73999999999951         0.7578134339392527
41.75999999999997         0.7457596714341019
41.78000000000034         0.7205869847757846
41.79999999999988         0.677375962433153
41.81999999999949         0.6185667661220214
41.839999999999954        0.5560078402631022
41.86000000000033         0.4999278148316955
41.879999999999875        0.45414076293051014
41.899999999999494        0.4185332490524993
41.91999999999996         0.3917800900952657
41.94000000000033         0.3725090541737516
41.95999999999987         0.35963488898425733
41.97999999999951         0.3524108061254926
41.999999999999964        0.3504109883604969
42.02000000000034         0.35350815009939063
42.03999999999988         0.3618662290416452
42.059999999999505        0.3759512927598718
42.079999999999956        0.39655875429300735
42.100000000000335        0.42483814910901047
42.11999999999988         0.4622463983162199
42.1399999999995          0.5101474968462361
42.159999999999954        0.5688238256302545
42.180000000000334        0.6344927592704774
42.199999999999875        0.6968105589274461
42.219999999999494        0.743655632692882
42.23999999999996         0.7719100264962
42.26000000000034         0.7866584387523813
42.27999999999988         0.7937662139318855
42.2999999999995          0.7965978476649695
42.31999999999997         0.7961440976456595
42.34000000000034         0.7913762083952222
42.359999999999886        0.7788497608342988
42.3799999999995          0.7525638385156189
42.39999999999996         0.7072309408516336
42.42000000000034         0.6458259922185265
42.4399999999999          0.5804972394661434
42.459999999999496        0.521737935573287
42.47999999999995         0.47345093768339114
42.500000000000334        0.4355054928323956
42.519999999999875        0.4065220931809856
42.53999999999949         0.3850644026293358
42.55999999999996         0.369986052579618
42.58000000000035         0.36048190402905017
42.59999999999987         0.3560684948838686
42.61999999999949         0.35656309548216003
42.63999999999996         0.36207230571921195
42.66000000000034         0.37300778348400515
42.67999999999987         0.3901141139269006
42.699999999999505        0.4144889706488844
42.71999999999995         0.4475597068755303
42.74000000000036         0.49076706788814567
42.7599999999999          0.5444421218140716
42.7799999999995          0.6051088954104429
42.79999999999996         0.6629227033863112
42.82000000000034         0.7063589194814296
42.839999999999876        0.7325991225566252
42.85999999999949         0.7464904508791703
42.87999999999995         0.7534786161320348
42.90000000000034         0.7566831506487256
42.91999999999987         0.7571475000027903
42.939999999999486        0.7541080710493605
42.959999999999944        0.7443781898154928
42.980000000000324        0.7219215200549887
42.999999999999865        0.6807902375605487
43.01999999999948         0.6224679108166155
43.039999999999964        0.5578120140787598
43.060000000000336        0.497069723207216
43.07999999999987         0.44452563585610655
43.09999999999949         0.4004821370587555
43.11999999999995         0.36383214792710605
43.14000000000033         0.3332436628554106
43.159999999999876        0.30753246961370995
43.17999999999949         0.2857356225107578
43.2                      0.2670936918144416
