% Model:              ModelBHUpLine.mph
% Version:            COMSOL 5.6.0.280
% Date:               Oct 21 2021, 16:50
% Dimension:          1
% Nodes:              957
% Expressions:        1
% Description:        线图
% cln1x                   Height
47.80000000000001         0.2767528583702609
47.8305205212131          0.30801509611200645
47.84231892759481         0.3208325851183944
47.884885378593104        0.38955930864726285
47.888861458471666        0.39512624001295127
47.889979052743556        0.39682699682125555
47.92983108239029         0.4878715365508067
47.9382126490778          0.5154482681169135
47.95694648691892         0.5769379641805349
47.96503139771838         0.6027210926504456
47.969736296584564        0.6171031785562228
47.983616114985935        0.6672383047483802
48                        0.716194738527714
48.01999999999771         0.761649876513292
48.03999999999606         0.7875860421644201
48.059999999995156        0.7997892764798702
48.07999999999473         0.8046925337491353
48.09999999999461         0.8062137065877788
48.11999999999457         0.8060827805170641
48.13999999999459         0.8049766401034479
48.15999999999459         0.8030889110299595
48.17999999999459         0.800219010532533
48.1999999999946          0.7956229516787671
48.2199999999946          0.7875005221423983
48.23999999999459         0.7720938444917739
48.25999999999458         0.7433121226922957
48.279999999994544        0.6960670030607748
48.29999999999451         0.633556361134391
48.319999999994494        0.5676424173349973
48.33999999999448         0.5086365971510433
48.3599999999945          0.4603911619114961
48.3799999999945          0.42280228689665283
48.39999999999452         0.39440369694563127
48.41999999999451         0.3737617051936708
48.439999999994505        0.359742709886999
48.459999999994515        0.3515614745982257
48.47999999999453         0.3487597081785233
48.49999999999456         0.3511774528364843
48.519999999994546        0.35894403469619623
48.539999999994556        0.3724825646760068
48.55999999999457         0.3925343822395337
48.57999999999458         0.4201764130424857
48.59999999999459         0.45676650322906115
48.61999999999462         0.5035296503404907
48.63999999999464         0.5607102613401169
48.65999999999467         0.6240843010150032
48.679999999994706        0.6835865978546367
48.69999999999472         0.7273751109249701
48.71999999999473         0.7527568676396793
48.73999999999473         0.7650675129415676
48.75999999999475         0.7703180090511603
48.77999999999476         0.772167745208212
48.79999999999477         0.7723631416962723
48.81999999999476         0.7716306254681468
48.83999999999476         0.7701665865649268
48.859999999994756        0.7677726557537886
48.879999999994766        0.7637270418009007
48.89999999999477         0.7563096683567379
48.91999999999477         0.7419359036178762
48.939999999994754        0.714756155641903
48.95999999999473         0.669609251674524
48.97999999999471         0.6092416652902775
48.99999999999469         0.5453507528952433
49.01999999999471         0.488068131152773
49.039999999994706        0.4411349343905916
49.05999999999471         0.40440235458823254
49.07999999999472         0.3765331177885561
49.099999999994715        0.35614890625820705
49.11999999999473         0.3421559024442025
49.139999999994735        0.33379415293589
49.15999999999475         0.3306162973309315
49.179999999994756        0.33246483633438373
49.19999999999476         0.33945609005635097
49.21999999999477         0.35199197356319606
49.2399999999948          0.37077968721778093
49.25999999999485         0.3968482788203342
49.27999999999498         0.43149731133515534
49.299999999995265        0.47597157759850106
49.31999999999598         0.5303298228558144
49.339999999997744        0.5908046417418967
49.360000000002096        0.6474285791723504
49.380000000012785        0.6889254651842552
49.4000000000388          0.7129476394117669
49.42000000010156         0.7246882511255252
49.440000000250905        0.729828353723438
49.46000000060131         0.7317886593332827
49.48000000141012         0.7321884682530114
49.500000003242505        0.7317086664988433
49.520000007306145        0.7305326635159157
49.54000001609716         0.728476916450752
49.560000034562684        0.7248697043082248
49.58000007196269         0.7181108153555688
49.60000014414368         0.7048429524650983
49.620000273791604        0.6794992536331109
49.64000048144215         0.6370134340896818
49.66000076206388         0.5797657091851983
49.680001066567165        0.5189291945898384
49.70000131856381         0.4643164801620946
49.720001455225486        0.4195754294901147
49.740001465966024        0.384579720999051
49.76000139703335         0.35805095353563393
49.780001301199654        0.33866864961527815
49.80000120154931         0.325393669520035
49.82000110185114         0.3174986498152711
49.840001002163035        0.3145582744872255
49.86000090250711         0.31642365399900896
49.880000802923945        0.32321210205798323
49.90000070350019         0.3353131342486051
49.920000604418114        0.3534101637777703
49.940000506051405        0.37849761504569146
49.960000409145664        0.41183261095844415
49.98000031514157         0.4546210867742652
50.00000022669373         0.5070145762150412
50.020000148175896        0.5650759662072232
50.04000008507191         0.6192411036188437
50.06000004111603         0.6589220400601368
50.0800000155422          0.681897648338819
50.10000000393064         0.6931554763324355
50.12000000046882         0.6981557801527258
50.13999999999517         0.7001485099032203
50.15999999999517         0.7006648582694127
50.179999999995175        0.7003425011064255
50.19999999999518         0.6993550363013018
50.219999999995196        0.6975308319636543
50.2399999999952          0.6942382855165368
50.259999999995195        0.687968912392035
50.27999999999519         0.6755414912742762
50.29999999999518         0.6516200714803843
50.31999999999515         0.6112183120011133
50.339999999995115        0.5564337824926602
50.3599999999951          0.4981079068912004
50.37999999999509         0.44558405203090495
50.3999999999951          0.4025416238602612
50.419999999995106        0.3688999118532143
50.43999999999513         0.3434206481954182
50.459999999995134        0.3248253948357074
50.47999999999513         0.31210444883576804
50.49999999999514         0.3045596315264271
50.51999999999515         0.30178284433107033
50.539999999995146        0.3036323366334888
50.55999999999516         0.3102210373872474
50.57999999999518         0.3219314453059904
50.599999999995184        0.33942680136912856
50.61999999999518         0.36367536383426113
50.6399999999952          0.39590472621928535
50.659999999995215        0.43729469814386007
50.679999999995246        0.48787094173223705
50.69999999999527         0.5439565833816804
50.71999999999528         0.5961741763680409
50.73999999999533         0.6342929288603489
50.75999999999533         0.6563065031385833
50.77999999999533         0.6671166513696968
50.79999999999535         0.6719738360451419
50.81999999999534         0.6739728492825313
50.83999999999535         0.6745662536996011
50.85999999999535         0.6743591216309041
50.87999999999536         0.6735160030813565
50.899999999995366        0.6718751999002732
50.91999999999537         0.6688373528372896
50.939999999995365        0.6629669041565317
50.959999999995354        0.6512103273487634
50.97999999999532         0.628387897831194
50.9999999999953          0.5896635555168619
51.019999999995264        0.537051720184319
51.039999999995246        0.4807238748003099
51.05999999999522         0.4299606565759931
51.07999999999523         0.38836187053152843
51.099999999995234        0.3558560835844475
51.119999999995244        0.3312593640000375
51.13999999999525         0.31331781673162645
51.15999999999526         0.3010563676818757
51.17999999999526         0.29380021991280486
51.19999999999527         0.2911553883863336
51.21999999999527         0.29298584306215525
51.239999999995284        0.2994041103882682
51.25999999999529         0.31077909200360176
51.27999999999531         0.3277577874618184
51.299999999995315        0.3512833774165605
51.31999999999534         0.3825523192741756
51.33999999999535         0.4227152981921644
51.35999999999541         0.4717957286560652
51.37999999999544         0.5261914421056149
51.39999999999549         0.5767361057827556
51.41999999999552         0.6135095135432381
51.439999999995536        0.6347094126532926
51.459999999995546        0.6451176618219246
51.47999999999554         0.6498499938242887
51.499999999995566        0.6518521067502123
51.51999999999555         0.6525085602862505
51.53999999999556         0.6523963145596277
51.559999999995576        0.6516720542543124
51.579999999995586        0.6501800954233948
51.59999999999558         0.6473471080310633
51.61999999999558         0.6417981648738599
51.63999999999559         0.6305999296283819
51.65999999999555         0.6088158217783338
51.679999999995516        0.571562646614338
51.699999999995484        0.5205380512795094
51.719999999995444        0.4658447053182819
51.739999999995426        0.41661432550815514
51.759999999995436        0.3762867335437688
51.779999999995425        0.3447770601116788
51.799999999995464        0.32092664116002934
51.819999999995446        0.3035383232066361
51.83999999999546         0.2916651419859042
51.859999999995466        0.28465220794774865
51.879999999995476        0.28211767647544805
51.89999999999548         0.2839306610183132
51.9199999999955          0.29020142946950195
51.93999999999551         0.30128955246430117
51.95999999999551         0.31782521982928635
51.97999999999551         0.34072415616018337
51.99999999999553         0.37114628048497444
52.01999999999557         0.41021128980061095
52.039999999995594        0.45796987287519764
52.05999999999564         0.5109865072941767
52.07999999999568         0.5602316341782912
52.09999999999571         0.5958179188791002
52.11999999999573         0.6162333740209136
52.13999999999573         0.6263089601082442
52.159999999995755        0.6309238615500434
52.179999999995744        0.6329137731531396
52.19999999999575         0.6336077453993583
52.21999999999575         0.6335573633145011
52.23999999999576         0.6329132239577944
52.25999999999576         0.631525532988528
52.27999999999576         0.6288442051773555
52.29999999999578         0.623550259992944
52.31999999999575         0.6128320936155924
52.339999999995754        0.591853805173942
52.35999999999571         0.5558320101153505
52.379999999995675        0.5062907443327043
52.399999999995664        0.45307129994837503
52.41999999999566         0.40513593064107023
52.43999999999564         0.3658709274667172
52.45999999999566         0.33519979568495145
52.47999999999565         0.3119907341135938
52.499999999995666        0.29507688129635773
52.519999999995676        0.2835355471033489
52.53999999999567         0.276727220999325
52.559999999995696        0.274279840243471
52.57999999999569         0.2760664556166047
52.5999999999957          0.2821958596655442
52.619999999995706        0.29302032607804374
52.63999999999571         0.3091559971582418
52.65999999999572         0.33150015257714804
52.679999999995744        0.3611894565364924
52.69999999999577         0.3993190767367109
52.7199999999958          0.4459360111947988
52.73999999999585         0.49766108679959664
52.75999999999589         0.54548741388633
52.77999999999592         0.5800788690359834
52.79999999999594         0.5999140321383757
52.81999999999594         0.6096877893762896
52.83999999999595         0.6141770887439916
52.85999999999597         0.6161342559630418
52.879999999995974        0.6168404257285703
52.89999999999599         0.6168283342983835
52.91999999999601         0.6162424778818301
52.939999999996004        0.6149388335509989
52.95999999999601         0.6123876188520967
52.979999999996004        0.6073181509296619
52.999999999995985        0.5970141353841354
53.01999999999598         0.5767704819945921
53.039999999995935        0.5418554135828909
53.05999999999589         0.4936387476826276
53.07999999999587         0.44180123096895624
53.099999999995845        0.39498296006636324
53.11999999999585         0.35661988223928953
53.13999999999584         0.3266711679211433
53.15999999999584         0.30402416619987344
53.17999999999585         0.2875282918693569
53.19999999999586         0.27627711870557614
53.219999999995885        0.269645725106422
53.23999999999588         0.26727100655395447
53.25999999999589         0.26902882539319484
53.279999999995894        0.27502574254454476
53.299999999995904        0.28560421543558884
53.31999999999591         0.30137278116094685
53.339999999995925        0.323211831286011
53.35999999999594         0.3522425360320579
53.37999999999597         0.3895455961379272
53.399999999996005        0.4351372963437925
53.41999999999605         0.48559320966616354
53.43999999999608         0.5322479128753239
53.459999999996114        0.5658973511941148
53.479999999996124        0.5851436732814161
53.499999999996135        0.5946249507999657
53.519999999996145        0.598995276875516
53.53999999999615         0.600917831311066
53.55999999999615         0.6016321331999187
53.579999999996176        0.6016503184521992
53.59999999999617         0.6011119986978916
53.619999999996175        0.5998778619192684
53.639999999996185        0.5974377670458103
53.659999999996174        0.5925601728827616
53.67999999999618         0.5825994434690688
53.69999999999615         0.5629311650889162
53.719999999996126        0.5289448763014196
53.739999999996094        0.4820426637840266
53.75999999999606         0.4314003826012142
53.77999999999606         0.38563565634682706
53.79999999999605         0.3481360350340679
53.81999999999606         0.31886638032786896
53.83999999999608         0.2967384844370098
53.859999999996084        0.2806246834433539
53.879999999996066        0.2696369501329869
53.89999999999609         0.26316481906469874
53.919999999996094        0.2608523211647279
53.93999999999609         0.2625780159583534
53.95999999999609         0.26844679047028913
53.979999999996124        0.2787976572059889
53.99999999999612         0.2942228381620864
54.01999999999614         0.31558653547704824
54.039999999996155        0.34398815744632644
54.05999999999618         0.3804886072616648
54.07999999999621         0.4251014054611584
54.09999999999626         0.47445121367148246
54.119999999996296        0.5200136692032221
54.13999999999633         0.5527858152796201
54.15999999999633         0.5714931279838916
54.17999999999634         0.5806850393872967
54.19999999999635         0.5849401803363719
54.219999999996354        0.5868273964943973
54.23999999999637         0.5875414236416339
54.25999999999638         0.5875793956544226
54.27999999999639         0.5870765358167787
54.2999999999964          0.5858984785956631
54.319999999996405        0.5835493897999925
54.33999999999642         0.5788367874809733
54.3599999999964          0.5691897110597541
54.37999999999638         0.5501659458374549
54.39999999999634         0.5171195902495271
54.41999999999629         0.47120210523749373
54.43999999999626         0.4216032979640265
54.45999999999625         0.3768535554971467
54.479999999996245        0.340200698629751
54.49999999999627         0.31158731840056136
54.51999999999626         0.28995191012424093
54.539999999996276        0.27419697037973795
54.55999999999628         0.26345617956955014
54.57999999999629         0.25713190612937514
54.59999999999629         0.25487694207505623
54.61999999999629         0.2565736036874596
54.63999999999631         0.26232501058259794
54.659999999996316        0.27246224547356884
54.679999999996326        0.28756516913949304
54.699999999996336        0.3084772662614364
54.719999999996354        0.33626983499553076
54.73999999999639         0.3719793542759418
54.7599999999964          0.41564436751701905
54.77999999999645         0.4640308873410415
54.79999999999648         0.5086960361656582
54.81999999999651         0.5406102783654176
54.83999999999652         0.5587434065007744
54.859999999996546        0.5676835274806343
54.87999999999655         0.5718288595146358
54.89999999999655         0.5736756753844868
54.91999999999655         0.5743833018617147
54.93999999999655         0.5744343711186044
54.95999999999656         0.5739595566832114
54.979999999996565        0.5728278005928412
54.99999999999659         0.5705583383443831
55.019999999996564        0.565998539150436
55.039999999996574        0.5566680369793269
55.059999999996556        0.5381934570844198
55.07999999999654         0.506006439978448
55.099999999996506        0.4611297301714894
55.119999999996494        0.4125651775390539
55.13999999999646         0.3687241073658213
55.15999999999647         0.33281670284125753
55.17999999999648         0.3047907048857878
55.19999999999648         0.28360392100078535
55.219999999996496        0.26817919582715766
55.23999999999649         0.25766665972320923
55.25999999999651         0.2514798887593425
55.2799999999965          0.24927708211571206
55.299999999996515        0.25094331374263756
55.31999999999652         0.2565795081057641
55.33999999999652         0.2665119106981842
55.35999999999653         0.28130963322393066
55.37999999999655         0.3018016006857729
55.39999999999657         0.32904092077511776
55.419999999996584        0.3640446663737867
55.43999999999661         0.4068478272611301
55.45999999999667         0.45425454006871324
55.47999999999669         0.4978151264260525
55.49999999999672         0.5289819419236479
55.51999999999674         0.5466710636961407
55.53999999999674         0.5553630756173694
55.55999999999673         0.5593899642728527
55.579999999996744        0.561188973098443
55.599999999996754        0.5618836900215852
55.61999999999676         0.5619401804878834
55.639999999996775        0.5614850715649997
55.65999999999678         0.5603926114321643
55.67999999999678         0.558198402647313
55.69999999999678         0.5537836813772193
55.719999999996766        0.5447356314881364
55.73999999999676         0.5267789131054759
55.75999999999674         0.4953965266990069
55.77999999999671         0.45150781235922527
55.79999999999669         0.40393375078790966
55.81999999999667         0.3610175661493659
55.839999999996664        0.3257927749584836
55.85999999999668         0.29831331306199177
55.879999999996684        0.2775498316312558
55.899999999996695        0.2624382014495214
55.919999999996705        0.25214171922464695
55.93999999999671         0.24608420534804348
55.95999999999671         0.24393131173265475
55.97999999999672         0.2455692669145248
55.999999999996724        0.2510971948528214
56.01999999999674         0.26083135354062176
56.03999999999673         0.2753345124150061
56.059999999996734        0.2954231717540753
56.07999999999671         0.32213960869954494
56.099999999996626        0.3564892848866826
56.11999999999643         0.39847553964631666
56.13999999999587         0.4448541945126253
56.159999999994476        0.48748314536157206
56.17999999999105         0.5179014784458282
56.19999999998279         0.5351212008243001
56.21999999996327         0.5435724467397698
56.23999999991785         0.5474900029753541
56.25999999981391         0.5492434219603264
56.27999999958029         0.5499231745304567
56.299999999065925        0.5499821724996214
56.31999999795912         0.5495439480474286
56.33999999563917         0.548485943836354
56.35999999092217         0.5463564383218674
56.37999998167642         0.5420728042957839
56.399999964394084        0.5332699033182382
56.419999934270436        0.5157350046691578
56.43999988726034         0.4850584888687178
56.459999824798984        0.4422339016274936
56.47999975706574         0.39569796658048667
56.49999969959162         0.3535559562692312
56.51999966568083         0.31902552660685746
56.539999659559705        0.292091131335768
56.559999673822716        0.2717428198509389
56.57999969588312         0.2569374056670661
56.59999971908573         0.24684866847730924
56.61999974234487         0.2409133630092408
56.63999976560556         0.23880353508259572
56.65999978885731         0.24040825942201602
56.67999981208839         0.24582547072940342
56.69999983527547         0.2553683836397276
56.71999985837141         0.26958497638100587
56.739999881283076        0.2892773288502904
56.759999903830746        0.31546864445678763
56.77999992567666         0.349147239424554
56.79999994621058         0.390314615563024
56.81999996443948         0.4357718174931736
56.83999997913203         0.47750318422116844
56.8599999894732          0.5072153415133213
56.87999999567321         0.5239972871468941
56.899999998717156        0.5322201866757149
56.919999999800275        0.5360350363096569
56.93999999999716         0.5377454301725836
56.959999999997166        0.5384110653275855
56.979999999997176        0.5384727515669908
56.999999999997186        0.5380506754861405
57.0199999999972          0.5370257257437895
57.03999999999721         0.5349587531966729
57.0599999999972          0.5307943030157838
57.079999999997206        0.5222361658946065
57.099999999997166        0.5051625661938821
57.11999999999716         0.4753354050626355
57.139999999997116        0.43330493846634094
57.159999999997105        0.38761333414945337
57.17999999999707         0.3463082890869828
57.19999999999708         0.3124810237727981
57.21999999999708         0.28609177924454976
57.23999999999709         0.2661525236873862
57.2599999999971          0.2516424342983302
57.27999999999711         0.24175735498026107
57.29999999999711         0.23594348768786377
57.31999999999712         0.2338789337234884
57.33999999999713         0.2354553824172869
57.359999999997136        0.24076956430487437
57.379999999997146        0.2501295189902381
57.399999999997156        0.26407409766138745
57.41999999999717         0.2833922748530872
57.4399999999972          0.3090690556893191
57.4599999999972          0.34213327911896135
57.47999999999722         0.38245361719118676
57.49999999999728         0.42710998311972564
57.51999999999729         0.4680856471380921
57.5399999999973          0.4970435248883653
57.55999999999732         0.5133238346665012
57.579999999997334        0.521308718047209
57.59999999999735         0.525016175100985
57.61999999999733         0.5266795135353972
57.63999999999735         0.5273275487328701
57.65999999999735         0.5273880434223581
57.67999999999736         0.5269770623196081
57.69999999999737         0.5259784111531324
57.71999999999738         0.5239647285079917
57.73999999999738         0.5199104984164098
57.75999999999737         0.5115923685926208
57.779999999997365        0.4950122906672465
57.79999999999733         0.46581171662117654
57.81999999999732         0.4246573374561716
57.83999999999731         0.3798599513108557
57.8599999999973          0.3393494254293557
57.87999999999728         0.3061748181898885
57.899999999997306        0.28030271845501464
57.91999999999731         0.260749495333735
57.939999999997326        0.2465269864662939
57.95999999999735         0.2368383713432958
57.97999999999733         0.23114087104350267
57.999999999997335        0.22911881284127522
58.01999999999735         0.23066608494561985
58.039999999997356        0.23587665445964404
58.05999999999737         0.24505317300321133
58.07999999999736         0.2587243647735006
58.09999999999738         0.2776612994789165
58.11999999999738         0.3028441617668869
58.139999999997414        0.3352197359614258
58.15999999999745         0.3748107498418868
58.17999999999747         0.4185921141749413
58.199999999997495        0.4587310866537219
58.21999999999751         0.4869874330321735
58.23999999999752         0.5029434810889991
58.25999999999755         0.5107445105853293
58.27999999999753         0.5143597593478063
58.29999999999756         0.5159814611535191
58.31999999999756         0.5166134140493255
58.33999999999758         0.5166719044657395
58.3599999999976          0.5162697733845971
58.37999999999757         0.515293149310764
58.399999999997604        0.5133257043389569
58.41999999999761         0.5093679817144562
58.43999999999758         0.5012502815715059
58.459999999997585        0.48505785994232903
58.47999999999755         0.4564985287489685
58.49999999999752         0.4161888626671075
58.519999999997516        0.3722777139896428
58.539999999997505        0.33260943536766135
58.55999999999748         0.30005490686556985
58.579999999997504        0.27467422364363625
58.59999999999751         0.25550903503635775
58.619999999997525        0.24156893188010245
58.63999999999753         0.23207621008322532
58.65999999999753         0.22649635638474427
58.679999999997534        0.22451958038852005
58.69999999999755         0.22604131042764436
58.71999999999757         0.23115380452980383
58.73999999999756         0.24015406229882935
58.75999999999759         0.2535601618784733
58.779999999997585        0.2721365081173082
58.79999999999759         0.29685005798122505
58.81999999999762         0.3286356858413388
58.83999999999764         0.3674871862216292
58.85999999999766         0.4103437468141378
58.87999999999769         0.4495696651928043
58.89999999999771         0.47734674046721026
58.919999999997714        0.4929472472519637
58.939999999997724        0.5005694292793179
58.95999999999773         0.5041017545407325
58.97999999999774         0.5056868271927398
58.99999999999775         0.5063047534553693
59.019999999997765        0.5063616934461673
59.039999999997754        0.5059675676483302
59.05999999999777         0.5050112180744422
59.079999999997774        0.5030864055680355
59.09999999999778         0.49921967993876126
59.11999999999778         0.49127188968897006
59.13999999999776         0.47537491232939105
59.15999999999775         0.447358495218082
59.17999999999772         0.40796727929150195
59.19999999999773         0.3649967186590784
59.21999999999771         0.3260386949591947
59.23999999999772         0.29412349654910674
59.25999999999772         0.2692436450716307
59.27999999999773         0.25045886504008796
59.29999999999774         0.23679932021853606
59.31999999999774         0.2274980970967654
59.339999999997744        0.2220329799512553
59.35999999999775         0.22010032518015551
59.379999999997764        0.22159754247842142
59.39999999999777         0.2266158554844225
59.41999999999777         0.23544677469613653
59.439999999997774        0.24860041775939612
59.459999999997784        0.2668223202826191
59.479999999997816        0.29106380263580556
59.49999999999782         0.3222429488349545
59.519999999997836        0.36035348680904106
59.53999999999786         0.4023892490657299
59.55999999999789         0.4408537825453519
59.57999999999791         0.46807890195109125
59.59999999999793         0.4833623136036995
59.61999999999791         0.49082835479081116
59.63999999999794         0.49428707231142993
59.659999999997936        0.4958418391695006
59.67999999999796         0.49644803421353473
59.69999999999795         0.4965044132859556
59.71999999999796         0.4961202556737435
59.73999999999797         0.4951894919271731
59.75999999999797         0.4933176809158843
59.77999999999799         0.48954642269815574
59.79999999999797         0.4817806116749779
59.819999999997975        0.4662215365645447
59.83999999999796         0.4387699598393423
59.859999999997946        0.400154966215751
59.87999999999792         0.3579341122292717
59.89999999999792         0.3197381165700351
59.91999999999793         0.28846209563464087
59.93999999999794         0.26407352901011755
59.95999999999794         0.24565478561477996
59.979999999997936        0.23225817219991277
59.99999999999796         0.2231378170231547
60.01999999999795         0.21778042205636564
60.039999999997946        0.2158882626000611
60.05999999999796         0.21736140849873653
60.07999999999797         0.2222902878090093
60.099999999997976        0.23095882565604012
60.11999999999798         0.24386768167711992
60.139999999998004        0.26174802760741805
60.159999999998014        0.2855160745715576
60.17999999999803         0.31607984690705243
60.19999999999805         0.3535212223428352
60.21999999999806         0.3947721197730801
60.23999999999809         0.4326103191117473
60.259999999998115        0.4592550133333162
60.27999999999811         0.47418112708239424
60.29999999999811         0.48148754761868456
60.31999999999812         0.48488007434524344
60.339999999998135        0.48640397704686766
60.35999999999814         0.48699856168778693
60.37999999999814         0.487054146787392
60.399999999998144        0.48667685852382353
60.41999999999813         0.48576092284850386
60.439999999998165        0.4839169142348695
60.459999999998146        0.4802079953135968
60.47999999999816         0.4725962360196602
60.499999999998145        0.45739306112845474
60.51999999999812         0.4305283341633803
60.539999999998116        0.39254505193877004
60.559999999998126        0.3511315163190881
60.57999999999813         0.31366549317654463
60.59999999999813         0.28298929709748805
60.61999999999814         0.25907111406428424
60.63999999999814         0.24101022894964855
60.65999999999816         0.22787653193944107
60.67999999999816         0.21893823651071956
60.69999999999816         0.21369186151784797
60.71999999999817         0.21184554454859275
60.739999999998176        0.21330096307181695
60.7599999999982          0.21814768595038925
60.779999999998196        0.22666442276255647
60.799999999998214        0.23934246672711926
60.81999999999821         0.2568978796491846
60.83999999999822         0.2802417081268294
60.85999999999823         0.31025407357161294
60.87999999999824         0.34695440162025487
60.899999999998265        0.3875228883550974
60.91999999999828         0.4246697238783611
60.93999999999831         0.4507595522487289
60.959999999998324        0.4654598883989933
60.979999999998306        0.47263922761186494
60.999999999998316        0.47596796305697037
61.019999999998326        0.4774637421253081
61.03999999999834         0.47804881455557385
61.059999999998354        0.4781057510650807
61.079999999998336        0.4777386365670743
61.099999999998374        0.47684351438333644
61.11999999999835         0.47503835920681625
61.139999999998366        0.47140431965013985
61.15999999999837         0.4639420777758698
61.17999999999837         0.4490308768977701
61.19999999999837         0.4226710921059874
61.219999999998336        0.38538941046668584
61.239999999998325        0.3447345283313338
61.25999999999832         0.3079537907007943
61.279999999998346        0.2778571215386995
61.299999999998334        0.2543644672378578
61.31999999999834         0.23663206586978494
61.339999999998355        0.22374098051146277
61.35999999999836         0.2149700434644926
61.37999999999836         0.20982391738602102
61.399999999998364        0.2080157884605766
61.419999999998396        0.20944938792397869
61.439999999998385        0.21421174447262825
61.45999999999839         0.22257905094134148
61.47999999999841         0.23503326021914256
61.49999999999841         0.2522812463452004
61.51999999999845         0.27522484702629724
61.539999999998415        0.3047326398155604
61.559999999998446        0.3407986444232983
61.579999999998456        0.3805730907089192
61.59999999999848         0.4169522537501727
61.61999999999849         0.44268078754868756
61.63999999999848         0.45711333809169563
61.65999999999849         0.4641629200160193
61.6799999999985          0.46743371228486735
61.699999999998504        0.4689059972373921
61.71999999999849         0.4694847482572123
61.73999999999849         0.46954531199798166
61.75999999999853         0.46919009337359907
61.7799999999985          0.4683170965735611
61.79999999999852         0.4665501164137718
61.81999999999853         0.4629918092117374
61.839999999998525        0.4556639432893192
61.85999999999852         0.4409805637713283
61.87999999999853         0.4150548371143765
61.899999999998556        0.3785489457336462
61.91999999999853         0.3386973140995396
61.93999999999855         0.30256262023212876
61.959999999998544        0.2729662927915641
61.97999999999855         0.24990238590821579
61.999999999998565        0.23249721643574447
62.019999999998575        0.21984821187081124
62.03999999999858         0.21124837253153025
62.059999999998574        0.20620810239877055
62.07999999999859         0.20444771208937174
62.099999999998595        0.20587274413158868
62.11999999999859         0.21056907783629566
62.1399999999986          0.21880917702409905
62.159999999998604        0.2310686623629603
62.179999999998635        0.2480423880811615
62.19999999999864         0.27061622767642546
62.21999999999864         0.2996454660239548
62.23999999999864         0.33512405344906687
62.25999999999867         0.37424820233158856
62.27999999999871         0.41002958367240405
62.299999999998704        0.4353327816177068
62.31999999999871         0.44952667843260374
62.33999999999871         0.4564619247206557
62.35999999999872         0.4596829595231381
62.37999999999873         0.46113648300330745
62.39999999999871         0.4617116862550219
62.41999999999874         0.46177814986488297
62.439999999998726        0.4614358046124515
62.45999999999875         0.4605846590252573
62.479999999998746        0.4588566477458543
62.49999999999875         0.4553647777844167
62.51999999999876         0.4481692538019881
62.53999999999878         0.4337418601312104
62.55999999999873         0.4082576570045229
62.57999999999873         0.3723719518543586
62.599999999998715        0.3331133960937036
62.61999999999872         0.29759517526659046
62.63999999999871         0.26851778813523536
62.659999999998746        0.24585199157858115
62.67999999999871         0.2287435060902747
62.69999999999873         0.21631013875822344
62.71999999999875         0.20785786751419386
62.73999999999876         0.2029092645707062
62.75999999999876         0.2011877112866578
62.779999999998736        0.20260043229883407
62.79999999999876         0.2072319361082404
62.81999999999875         0.2153501930233705
62.839999999998774        0.2274234922726633
62.85999999999879         0.24413646450497078
62.879999999998795        0.26636210373142066
62.89999999999883         0.2949430430674582
62.91999999999881         0.3298121650004044
62.93999999999886         0.3684014983655271
62.95999999999889         0.403729091758027
62.979999999998896        0.4285926640746794
62.99999999999892         0.44251921152291673
63.01999999999892         0.44934438967210233
63.03999999999895         0.4525256947024933
63.059999999998965        0.45396823295441074
63.079999999998954        0.4545464238926831
63.09999999999898         0.4546235836531768
63.11999999999898         0.4542987148600474
63.13999999999896         0.45347288242897893
63.15999999999898         0.451784097753922
63.179999999998984        0.44836017383638244
63.199999999998994        0.4413024358833942
63.219999999998954        0.4271680722373889
63.23999999999898         0.4021449435015951
63.259999999998925        0.3667204491133905
63.279999999998935        0.32807458509211096
63.29999999999894         0.29310932607990103
63.31999999999896         0.26448618207424157
63.33999999999894         0.24217721820917276
63.35999999999892         0.22534144161323508
63.37999999999894         0.21311015620242837
63.39999999999897         0.20480003890496198
63.41999999999898         0.1999412063147374
63.43999999999897         0.19826169730153514
63.45999999999899         0.19967070161438547
63.47999999999901         0.20425331571665378
63.49999999999901         0.21227178953661244
63.51999999999902         0.2241875233716832
63.53999999999901         0.2406727581245266
63.559999999999036        0.2625829791111845
63.57999999999905         0.2907451137274651
63.59999999999905         0.3251785011848983
63.61999999999907         0.3632369530495847
63.639999999999084        0.3980790112281588
63.65999999999911         0.42260284799346753
63.67999999999911         0.4363371710686398
63.69999999999909         0.44308698745343067
63.7199999999991          0.4462348384098901
63.739999999999114        0.44766910939865856
63.75999999999914         0.44825243460663483
63.77999999999911         0.44834261413764614
63.79999999999912         0.44803705311586534
63.81999999999914         0.4472386314443469
63.83999999999914         0.4455901638804462
63.859999999999154        0.44223199028407795
63.87999999999912         0.4352914540630209
63.89999999999915         0.4213716218555919
63.919999999999156        0.39670949946176143
63.939999999999166        0.3617827333821072
63.95999999999914         0.32367441504375316
63.979999999999166        0.2891952839761176
63.99999999999917         0.2609721639428435
64.01999999999916         0.23898132985075507
64.03999999999917         0.2223824667870326
64.05999999999919         0.21033004634860328
64.07999999999919         0.2021478062704135
64.0999999999992          0.19737160877591767
64.11999999999921         0.19573319618476417
64.13999999999923         0.1971433419601691
64.15999999999921         0.20168537778880768
64.17999999999921         0.20962102464187884
64.19999999999922         0.22140607201095958
64.21999999999926         0.23770837768714917
64.23999999999924         0.25937953802399333
64.25999999999925         0.2872400150296843
64.27999999999926         0.3212854312008279
64.29999999999927         0.35882768056007175
64.31999999999928         0.39316403875223865
64.33999999999932         0.4174517140784554
64.3599999999993          0.43108950977039806
64.37999999999931         0.43777233858902587
64.39999999999932         0.4408980561128067
64.41999999999933         0.4423318799266096
64.43999999999934         0.44292586670124456
64.45999999999935         0.443033489119317
64.47999999999936         0.4427510295355639
64.49999999999937         0.44198252292410656
64.51999999999938         0.4403748412256059
64.53999999999938         0.4370808272206351
64.5599999999994          0.4302350435774854
64.57999999999939         0.4164508853168749
64.59999999999938         0.3920487492971616
64.61999999999938         0.35763948036651844
64.63999999999936         0.3200532311227005
64.65999999999934         0.2859684528698675
64.67999999999935         0.2580567726627518
64.69999999999936         0.23631561267007684
64.71999999999937         0.21992110892203065
64.73999999999937         0.20802158769536805
64.75999999999941         0.19994884290325007
64.7799999999994          0.19524496404404737
64.7999999999994          0.19364335322878123
64.81999999999942         0.19505751288478487
64.83999999999942         0.1995703203271374
64.85999999999942         0.20744125111307954
64.87999999999944         0.2191227032429872
64.89999999999944         0.2352756591006186
64.91999999999946         0.25674305425110205
64.93999999999946         0.2843391595201665
64.9599999999995          0.31806037974874796
64.97999999999948         0.35524576011521625
64.99999999999949         0.38925901745590874
65.0199999999995          0.4133247770844866
65.03999999999951         0.4268479849698068
65.05999999999953         0.43348704111669906
65.07999999999953         0.43660576454616923
65.09999999999957         0.43805048827089477
65.11999999999955         0.4386643470006055
65.13999999999957         0.43879767733343694
65.15999999999958         0.43854518453532554
65.17999999999961         0.437811873765563
65.1999999999996          0.4362482725575943
65.2199999999996          0.4330119310643705
65.23999999999961         0.42625912211185435
65.25999999999962         0.41263232181033627
65.27999999999957         0.3884834494097464
65.29999999999959         0.3544141246460475
65.31999999999957         0.3171319874333851
65.33999999999958         0.2833901065194123
65.35999999999957         0.2557730591817332
65.37999999999963         0.2342567980694384
65.39999999999957         0.21803033571176228
65.41999999999959         0.20625534973890408
65.4399999999996          0.19827235588969658
65.45999999999962         0.1936281669248098
65.47999999999963         0.1920610044284974
65.49999999999964         0.19348446788495602
65.51999999999967         0.19798146863124352
65.53999999999964         0.205810279964497
65.55999999999965         0.21742051514894653
65.57999999999967         0.23346859501004905
65.59999999999967         0.2547915584560646
65.61999999999968         0.28219862171230353
65.63999999999969         0.3156881398447628
65.6599999999997          0.3526289613299581
65.67999999999971         0.38651285942340735
65.6999999999997          0.41038463236114414
65.71999999999971         0.4237921165688085
65.73999999999972         0.4304074743727374
65.75999999999974         0.4335393097507642
65.77999999999973         0.43501012761663727
65.79999999999974         0.4356563740064688
65.81999999999974         0.43582558820598294
65.83999999999973         0.4356123682595778
65.85999999999974         0.43492165406541733
65.87999999999975         0.4334062840946524
65.89999999999978         0.43022944780038086
65.91999999999977         0.4235685145115674
65.93999999999977         0.41011524412900385
65.95999999999977         0.38619867369586636
65.97999999999979         0.35227085807784025
65.99999999999983         0.3152242188166352
66.01999999999981         0.28169581125069304
66.03999999999981         0.2542501511481434
66.05999999999985         0.23286578031539434
66.07999999999981         0.2167380053675983
66.09999999999984         0.2050343358876993
66.11999999999985         0.1970996373139554
66.13999999999987         0.1924836798197856
66.15999999999984         0.19092643431519374
66.17999999999984         0.19234215779398872
66.19999999999986         0.1968145638646525
66.21999999999987         0.20459847672424508
66.23999999999987         0.2161409940719858
66.25999999999989         0.23209320074138662
66.27999999999989         0.2532835846023167
66.29999999999988         0.2805140534540273
66.3199999999999          0.3138085974941399
66.3399999999999          0.3506194674575257
66.35999999999991         0.38434626437742003
66.37999999999992         0.408130152432401
66.39999999999992         0.4215157031087449
66.41999999999993         0.42815265221557747
66.43999999999993         0.431322283344469
66.45999999999992         0.4328391698696115
66.47999999999993         0.4335338447701479
66.49999999999994         0.43374837142584005
66.51999999999994         0.4335706316477818
66.53999999999995         0.4328950247716685
66.55999999999995         0.4313533381191952
66.57999999999997         0.4280673206078058
66.59999999999997         0.42112118702818024
66.61999999999999         0.40698418724484414
66.64                     0.38159411548567473
66.65560903291473         0.3546884725064007
66.66482697168891         0.33464057469344205
66.67056199409434         0.32375315536500027
66.68346277097721         0.2966102096479727
66.70214149733937         0.26298090216809483
66.71264665036507         0.24529288891141368
66.74738919983248         0.20022270369347975
66.75246471524919         0.1930048930913608
66.75393443869321         0.19147394514915636
66.80085440740268         0.14997653287247462
66.81569718347556         0.140225971755668
66.84                     0.127467636223196
