% Model:              ModelBHUpLine.mph
% Version:            COMSOL 5.6.0.280
% Date:               Oct 21 2021, 16:50
% Dimension:          1
% Nodes:              957
% Expressions:        1
% Description:        线图
% cln2x                   Height
24.16                     0.12760428109747934
24.1847555254866          0.14077881731804529
24.198124663226015        0.14935661001700018
24.24662566349736         0.19219928858565777
24.246781635786743        0.192245456578588
24.247365210964105        0.19336725144463035
24.28843868343809         0.24625364732384186
24.29668626320542         0.260610208803907
24.316517106026357        0.29867055978398493
24.32224158528963         0.30965802104268614
24.325712023546984        0.3160780424929396
24.342305733439222        0.35062724497183806
24.359999999999992        0.381456878638856
24.380000000000994        0.40694417924320914
24.400000000001707        0.42113327124970307
24.420000000002112        0.4280959874459851
24.4400000000023          0.4313850413537912
24.460000000002367        0.4329277013702672
24.48000000000237         0.433603928796734
24.500000000002366        0.4337820291998559
24.520000000002366        0.433567631710309
24.540000000002355        0.43287262316308944
24.560000000002358        0.43135461720653506
24.58000000000236         0.42818366330076596
24.600000000002368        0.42154887527220625
24.62000000000238         0.40816227146346057
24.6400000000024          0.3843765588649775
24.660000000002416        0.35063930070966093
24.680000000002433        0.313891633835857
24.700000000002454        0.2805785588935932
24.720000000002443        0.25332030570066233
24.740000000002443        0.23211579420419864
24.76000000000244         0.2161585147935567
24.780000000002435        0.20461474279315975
24.80000000000243         0.19683095021261957
24.820000000002434        0.19235976404932856
24.840000000002433        0.19094433510781753
24.86000000000243         0.1925015212601125
24.88000000000242         0.19711773645133726
24.900000000002425        0.20505324399826233
24.920000000002418        0.21675917715834386
24.940000000002406        0.23289316406003396
24.9600000000024          0.2542929980584483
24.980000000002384        0.2817679955711099
25.000000000002366        0.3153164536451895
25.020000000002344        0.3523007336589189
25.04000000000232         0.3861380846572777
25.060000000002304        0.4101597433159668
25.08000000000229         0.42361455801845055
25.10000000000228         0.43027623403671
25.120000000002282        0.4334534148665924
25.14000000000228         0.4349695516797252
25.160000000002274        0.4356597387416725
25.18000000000227         0.43587298896858867
25.200000000002266        0.4357039393724571
25.220000000002262        0.4350580614738265
25.24000000000227         0.43358815445136106
25.260000000002275        0.43045705327802064
25.280000000002275        0.4238320318987523
25.30000000000228         0.4103741485182584
25.320000000002295        0.38645242658541723
25.34000000000232         0.3526593019411963
25.36000000000234         0.31572248224311955
25.380000000002337        0.28222933779092946
25.40000000000234         0.254803165853813
25.42000000000234         0.23349078622108474
25.440000000002335        0.21744516827022128
25.460000000002335        0.20583438190673334
25.48000000000233         0.19800435358446558
25.500000000002323        0.19350627609595294
25.520000000002327        0.19208206364033176
25.540000000002323        0.19364880430106676
25.560000000002322        0.19829291686460346
25.580000000002318        0.20627642423305093
25.600000000002314        0.2180534153580359
25.6200000000023          0.2342858740580767
25.6400000000023          0.2558174447502787
25.66000000000228         0.2834637786243256
25.680000000002266        0.3172257218013658
25.700000000002245        0.354453336989222
25.720000000002223        0.38852650059756655
25.740000000002205        0.41273321232147386
25.76000000000219         0.42631265159683057
25.780000000002186        0.43305735449723526
25.800000000002182        0.4362951813425709
25.820000000002175        0.4378600816719788
25.840000000002178        0.43859398161281515
25.860000000002174        0.43884676119875404
25.880000000002166        0.4387136704039347
25.900000000002173        0.438099596562482
25.920000000002165        0.4366547478577045
25.940000000002165        0.43353289136098655
25.960000000002168        0.4269021525105553
25.98000000000218         0.4134268306687062
26.000000000002196        0.3894060613821636
26.020000000002216        0.3552936234030315
26.040000000002234        0.3180369409446462
26.060000000002233        0.2843283697855916
26.08000000000224         0.25675557685256734
26.100000000002233        0.23529880168568637
26.120000000002232        0.21914827667848494
26.140000000002235        0.20746460361436592
26.16000000000223         0.19959405656246054
26.180000000002238        0.19508015315632798
26.200000000002227        0.19366521989245464
26.220000000002223        0.19526703558389322
26.240000000002215        0.19997268831001333
26.26000000000222         0.20804676470300681
26.280000000002218        0.21994697372732724
26.300000000002203        0.23633915309900286
26.3200000000022          0.25806981274970714
26.340000000002185        0.2859582950899336
26.360000000002167        0.32003053389178693
26.38000000000214         0.35768824331706317
26.400000000002116        0.392196719083654
26.4200000000021          0.41655387865790233
26.440000000002094        0.4302904047788702
26.46000000000209         0.43712802666637
26.480000000002086        0.44042510439647414
26.500000000002082        0.44203350024802457
26.52000000000209         0.44280161313950217
26.54000000000208         0.4430838645276627
26.560000000002066        0.4429759757023677
26.580000000002066        0.44238140356558625
26.60000000000207         0.4409462584568876
26.62000000000207         0.43781904311227815
26.640000000002075        0.4311446005243503
26.660000000002086        0.4175552550531705
26.680000000002103        0.39331305393679306
26.700000000002117        0.3588763782406265
26.72000000000213         0.32126196743658697
26.74000000000214         0.28722922547046514
26.760000000002133        0.25939221015950514
26.78000000000214         0.23773169595896657
26.800000000002143        0.2214308245836677
26.82000000000214         0.2096427273850679
26.840000000002128        0.20170651110180118
26.86000000000213         0.19716451829812498
26.880000000002124        0.19575477893413226
26.900000000002123        0.19739394453976034
26.920000000002112        0.20217124420908544
26.940000000002115        0.2103547490041964
26.96000000000211         0.22240778744685175
26.98000000000211         0.23900423890491437
27.000000000002103        0.2610008697393858
27.02000000000209         0.289227201401283
27.040000000002063        0.3237700168597738
27.06000000000204         0.3618147956558303
27.080000000002023        0.3966490516776661
27.100000000002005        0.4213618271620563
27.120000000001998        0.4353326019106366
27.14000000000199         0.4422827773097339
27.160000000001986        0.4456402398181576
27.180000000001986        0.44728791778213145
27.200000000001985        0.4480861086748983
27.220000000001974        0.44839161270819256
27.240000000001977        0.44830129637863736
27.260000000001973        0.4477174980229497
27.280000000001973        0.446282019323312
27.300000000001972        0.44313284716093065
27.320000000001976        0.4363918806470526
27.340000000001993        0.4225929474022661
27.360000000002           0.39801811519358177
27.38000000000202         0.3632700055186156
27.400000000002038        0.32527584683389116
27.420000000002045        0.2908215623922588
27.44000000000204         0.2626290794736733
27.460000000002037        0.24070295627296773
27.48000000000203         0.2242114471102913
27.500000000002025        0.21229358508890467
27.52000000000202         0.20427454458054534
27.540000000002024        0.19969264808684803
27.56000000000202         0.1982834237929315
27.580000000002016        0.19996243905679736
27.600000000002016        0.20482109123729345
27.620000000002015        0.21313160979855217
27.64000000000202         0.22536479083842498
27.660000000002015        0.24220650828128923
27.680000000002           0.2645309114891327
27.70000000000198         0.29318379563237323
27.72000000000197         0.3281692359278327
27.74000000000195         0.3667502708931941
27.76000000000193         0.40208132222152365
27.78000000000191         0.4271567360661675
27.8000000000019          0.4413436613478332
27.8200000000019          0.4484117039535522
27.840000000001897        0.4518351181633446
27.860000000001897        0.4535231594368698
27.880000000001896        0.45434862591204483
27.900000000001885        0.45467363038068453
27.920000000001895        0.4545967624875351
27.940000000001888        0.45401902002401306
27.960000000001898        0.45257749728372104
27.980000000001894        0.4493970570917689
28.00000000000189         0.4425619368294515
28.020000000001897        0.4285830299299691
28.04000000000191         0.4036679422603685
28.06000000000192         0.3684357261182988
28.080000000001927        0.32991151721757234
28.100000000001938        0.2949767250596213
28.120000000001927        0.2663922467350508
28.140000000001926        0.24416047887948408
28.16000000000193         0.2274498843476873
28.180000000001925        0.21537586066392125
28.200000000001914        0.20725622073158917
28.220000000001914        0.2026234996907382
28.240000000001917        0.20120991520934625
28.260000000001906        0.2029309515173214
28.280000000001916        0.20787939461540247
28.30000000000192         0.21633210828489569
28.3200000000019          0.22876744944061758
28.3400000000019          0.24588203304193657
28.36000000000189         0.2685635880831239
28.380000000001875        0.2976712702540279
28.400000000001853        0.333210140708054
28.420000000001842        0.37240318282152807
28.440000000001824        0.40830140278904214
28.460000000001806        0.43378922378292306
28.480000000001798        0.4482187821433704
28.50000000000179         0.45541241612640065
28.520000000001787        0.4589057588312982
28.540000000001783        0.4606349997809871
28.56000000000178         0.4614866338503139
28.580000000001775        0.46182915763245375
28.60000000000177         0.46176282595276597
28.620000000001767        0.46118722588274674
28.640000000001773        0.45973334955349243
28.660000000001762        0.45651157504334494
28.680000000001765        0.44958160095498445
28.700000000001783        0.43543763220130094
28.72000000000179         0.4101811883249964
28.740000000001825        0.3742950679183209
28.760000000001824        0.335096171363411
28.78000000000184         0.2996313737061786
28.80000000000183         0.27062700807279516
28.82000000000183         0.24806450399646704
28.840000000001826        0.23109335528720326
28.860000000001815        0.21883315389926483
28.880000000001825        0.21059156268544896
28.90000000000184         0.2058938328206589
28.920000000001828        0.2044677021425007
28.940000000001817        0.20622728630244544
28.960000000001813        0.21126705444454552
28.98000000000181         0.21986862755461212
29.00000000000181         0.23251845277760694
29.020000000001804        0.2499248517329343
29.04000000000179         0.27297331365550387
29.060000000001786        0.3025440616424671
29.08000000000177         0.33866417007640115
29.10000000000174         0.3785896639454187
29.120000000001728        0.4151990634555781
29.140000000001713        0.441077051701468
29.1600000000017          0.4557101939821301
29.1800000000017          0.46302949947203415
29.200000000001697        0.46659103016734715
29.220000000001697        0.4683581805375098
29.240000000001704        0.4692312506922655
29.260000000001693        0.46958650041390276
29.28000000000169         0.46952570830001583
29.30000000000168         0.46894646219372194
29.32000000000168         0.4674729186119753
29.340000000001684        0.4642006915254608
29.360000000001687        0.45716019722925044
29.38000000000169         0.4427792214300005
29.400000000001707        0.41709899269987843
29.420000000001718        0.38061423688392665
29.44000000000173         0.3407647601905797
29.46000000000173         0.304713666156449
29.48000000000173         0.2752319836397789
29.50000000000173         0.2523006743142042
29.520000000001733        0.23505501683592575
29.54000000000174         0.22259999266873598
29.560000000001732        0.21423085866025005
29.58000000000172         0.20946899963631582
29.600000000001717        0.20803620619826665
29.620000000001713        0.20984543912467715
29.64000000000171         0.21499297647877988
29.66000000000171         0.22376543127458076
29.6800000000017          0.23665727027572375
29.7000000000017          0.25438710830694955
29.720000000001697        0.2778683166264197
29.740000000001682        0.30798552526845063
29.760000000001664        0.3447699741547157
29.780000000001653        0.385420696194298
29.800000000001628        0.4226044201663672
29.82000000000162         0.44901866422112063
29.840000000001602        0.4639847627957343
29.860000000001598        0.471457677449167
29.880000000001594        0.4750910735699473
29.900000000001594        0.4768953499732597
29.920000000001576        0.47779015099874333
29.94000000000157         0.478157148518828
29.96000000000157         0.4781000423371754
29.98000000000157         0.4775144766447921
30.00000000000157         0.47601748085997375
30.020000000001566        0.47269062824144775
30.040000000001566        0.46551805788930034
30.060000000001583        0.45087122301706467
30.080000000001604        0.42471850961617114
30.10000000000161         0.3875594170554154
30.120000000001625        0.3470592665121591
30.140000000001628        0.3103364825838732
30.160000000001634        0.28029168693480405
30.18000000000164         0.2569309046686586
30.200000000001634        0.2393688676898393
30.22000000000163         0.2266886663576398
30.240000000001622        0.21817147329666664
30.260000000001618        0.2133257048640919
30.280000000001614        0.2118702664469254
30.300000000001614        0.21371695688450207
30.32000000000161         0.218962796390121
30.3400000000016          0.22790188076749723
30.360000000001605        0.24103804341052107
30.380000000001612        0.25910581923005094
30.400000000001597        0.2830411722035187
30.420000000001593        0.31374997579036884
30.440000000001575        0.3512386348944661
30.46000000000156         0.39258415021251286
30.48000000000154         0.4304681501743766
30.500000000001524        0.45738816333092763
30.520000000001513        0.4726470223433009
30.540000000001505        0.48026947543112614
30.5600000000015          0.4839775796059246
30.58000000000149         0.48582055674658114
30.60000000000149         0.48673608376198496
30.62000000000149         0.4871133122105934
30.64000000000149         0.4870578920281221
30.66000000000149         0.48646351791879955
30.680000000001485        0.48494173720347067
30.70000000000149         0.48155051820383954
30.720000000001487        0.4742339091614483
30.740000000001487        0.4592523422164708
30.7600000000015          0.43255326886733564
30.780000000001518        0.3948167567356785
30.80000000000153         0.35356842434027747
30.82000000000154         0.31616876457871046
30.84000000000153         0.2855710609464135
30.86000000000153         0.2617777108144335
30.880000000001527        0.243899385315468
30.900000000001523        0.2309893184554588
30.920000000001522        0.2223189938592608
30.940000000001522        0.21738849826399362
30.96000000000152         0.21591415803021355
30.980000000001507        0.21780549214089945
31.00000000000151         0.22316242849444928
31.020000000001517        0.23228294757304502
31.040000000001505        0.24568134077451986
31.0600000000015          0.264106187494407
31.080000000001494        0.28849299951207685
31.100000000001486        0.31977142132921443
31.120000000001472        0.3579703326473504
31.14000000000145         0.40018619066076944
31.16000000000144         0.4388132212127127
31.180000000001417        0.4662679787542116
31.20000000000142         0.48183585804024764
31.22000000000141         0.4895922586594904
31.240000000001405        0.49336442231972116
31.260000000001405        0.49523700509741025
31.28000000000141         0.4961680837393998
31.30000000000139         0.49655237372605654
31.320000000001397        0.49649619573717496
31.340000000001382        0.49589056518196173
31.360000000001392        0.49433713065616725
31.38000000000139         0.49087667008720137
31.40000000000139         0.4834111439351503
31.42000000000139         0.46819184450785606
31.440000000001405        0.44101946205622355
31.460000000001425        0.40244334090249195
31.480000000001425        0.360326622327586
31.500000000001428        0.3222294773901002
31.52000000000142         0.2910758724165824
31.540000000001434        0.26684582725133715
31.560000000001434        0.24862626661323334
31.580000000001426        0.23547159081902622
31.600000000001426        0.22663884751166377
31.62000000000142         0.2216189232429093
31.64000000000141         0.22012044609345843
31.660000000001403        0.22205213057956275
31.68000000000141         0.22751654140047795
31.700000000001396        0.23681754254341073
31.7200000000014          0.2504793362497946
31.74000000000139         0.26926100921714535
31.760000000001398        0.2941268894646073
31.78000000000139         0.3260129802159785
31.80000000000137         0.3649531520231545
31.82000000000136         0.4080011034691809
31.840000000001346        0.4475043295742115
31.86000000000134         0.4754733914520084
31.880000000001317        0.4913196948683718
31.900000000001324        0.49926024531169977
31.920000000001302        0.5031314236256275
31.94000000000131         0.5050568643615185
31.960000000001315        0.5060136644551534
31.9800000000013          0.5064077644105927
32.000000000001315        0.5063507427491313
32.0200000000013          0.5057324105372776
32.04000000000132         0.5041461930537348
32.06000000000131         0.5006128144422877
32.080000000001306        0.49300154195740514
32.10000000000131         0.4774581860413472
32.12000000000132         0.4497337251110558
32.14000000000132         0.410393994395582
32.160000000001325        0.3674557500877896
32.18000000000134         0.3286187459067031
32.200000000001324        0.29685980892785047
32.22000000000132         0.2721583935102641
32.24000000000132         0.25358473344390176
32.26000000000131         0.24017582424966494
32.28000000000131         0.23117416756283768
32.30000000000131         0.22605994222669284
32.32000000000131         0.22453862968097082
32.34000000000131         0.2265157745001763
32.36000000000131         0.23209610082518844
32.3800000000013          0.24158915608171164
32.40000000000131         0.25552838233727376
32.4200000000013          0.2746885557687984
32.44000000000129         0.30005385923689637
32.46000000000128         0.33257712258543914
32.48000000000126         0.3722936598829996
32.50000000000125         0.41619720773078694
32.52000000000124         0.45640174541867246
32.54000000000123         0.4850239616768952
32.560000000001224        0.501281602157944
32.58000000000123         0.5094149431062669
32.60000000000122         0.5133741389975238
32.62000000000121         0.5153417687588034
32.64000000000121         0.5163186406137827
32.660000000001205        0.5167209074740632
32.68000000000121         0.5166622562217285
32.70000000000121         0.5160296222323904
32.72000000000121         0.5144063626779009
32.74000000000121         0.5107895591998117
32.760000000001206        0.5029990368106624
32.78000000000121         0.48710024769058613
32.80000000000121         0.4587757122851277
32.82000000000122         0.418632827862202
32.84000000000123         0.37491649259677684
32.86000000000123         0.33530144031216325
32.880000000001225        0.30289119146109367
32.90000000000122         0.27769009864037036
32.92000000000122         0.25874585866820127
32.94000000000122         0.24507200856138275
32.96000000000121         0.23589446981137535
32.980000000001205        0.23068339827942239
33.0000000000012          0.22913579234911152
33.020000000001204        0.2311568837624068
33.0400000000012          0.2368533226221493
33.0600000000012          0.24653878010755684
33.0800000000012          0.2607614535018398
33.100000000001195        0.28031215795865555
33.120000000001184        0.3061995249430102
33.14000000000118         0.3393994960534719
33.16000000000116         0.37992283361193274
33.180000000001165        0.42463852355050846
33.20000000000114         0.4656868824322369
33.22000000000113         0.4949582665278171
33.24000000000112         0.5116128376798948
33.26000000000112         0.5199520257448755
33.28000000000111         0.5240101633606205
33.30000000000111         0.5260250222466277
33.32000000000113         0.5270242861563923
33.34000000000111         0.5274354235229062
33.360000000001115        0.5273750736980497
33.380000000001104        0.5267259465191336
33.400000000001114        0.52506079417017
33.42000000000111         0.5213529068112237
33.440000000001106        0.5133490086988861
33.46000000000111         0.4969967558034181
33.480000000001105        0.4679712765203328
33.50000000000112         0.4271041410713714
33.520000000001126        0.38252815345034313
33.54000000000112         0.3421407877532299
33.56000000000112         0.30909947196638227
33.58000000000112         0.28340548608846594
33.60000000000112         0.2640898389372707
33.62000000000113         0.25014667986708594
33.64000000000112         0.24078698571593762
33.66000000000112         0.23547275365693415
33.680000000001115        0.23389627604567806
33.700000000001104        0.23596085599051173
33.72000000000111         0.24177502882618318
33.7400000000011          0.251660815147702
33.7600000000011          0.266173187999277
33.780000000001095        0.28611925855181175
33.800000000001084        0.3125262202332431
33.82000000000109         0.3463877397322249
33.840000000001076        0.38771638683266524
33.860000000001065        0.433333634689947
33.880000000001054        0.4753737664436964
33.90000000000104         0.5052705163916178
33.92000000000104         0.5222874329818846
33.94000000000104         0.5308358770814067
33.96000000000104         0.5350026235622055
33.980000000001034        0.5370718220259124
34.00000000000103         0.5380977611402383
34.02000000000102         0.5385204021373695
34.04000000000104         0.5384595332822795
34.06000000000102         0.5377956955329745
34.08000000000102         0.5360893811503481
34.100000000001025        0.532281835186029
34.12000000000104         0.5240681280311206
34.14000000000103         0.5073062496405764
34.160000000001034        0.47773427745974045
34.180000000001044        0.43588624612695387
34.20000000000104         0.39033419901066724
34.220000000001036        0.34916868409451246
34.24000000000104         0.31550668580359476
34.26000000000104         0.28931982140638374
34.28000000000103         0.26962447243839904
34.300000000001035        0.2554028412134986
34.32000000000103         0.24585516489846546
34.340000000001034        0.24043406334088177
34.36000000000102         0.2388259593677409
34.38000000000103         0.24093243918064872
34.40000000000103         0.2468638383278576
34.42000000000103         0.2569513158006099
34.44000000000102         0.27175486541695626
34.46000000000102         0.29209804549052626
34.48000000000103         0.3190268218174918
34.500000000001016        0.35349810469971693
34.52000000000099         0.39560982235891395
34.54000000000099         0.44221788094796444
34.560000000000976        0.4851647847948188
34.58000000000097         0.515808674867753
34.60000000000095         0.5333038056834798
34.62000000000096         0.5421071468892525
34.64000000000096         0.5463999334179952
34.660000000000956        0.5485322057827616
34.680000000000945        0.5495914950806569
34.700000000000955        0.5500301859882989
34.72000000000096         0.5499709276011643
34.74000000000096         0.5492899453028037
34.76000000000096         0.5475334198248878
34.78000000000095         0.5436107787384292
34.800000000000956        0.5351636384528543
34.82000000000095         0.517991532844636
34.840000000000956        0.4876111252194079
34.860000000000966        0.44485755927384985
34.880000000000976        0.3984020274139722
34.90000000000096         0.3564418793635248
34.92000000000096         0.322128562412613
34.94000000000095         0.29543057871292694
34.96000000000095         0.27534854851415647
34.98000000000095         0.260847079388207
35.00000000000095         0.2511114976712528
35.02000000000096         0.24558342443539763
35.04000000000095         0.24394488960917754
35.06000000000095         0.24609782116297393
35.08000000000095         0.252155121276782
35.100000000000946        0.26245081858162833
35.12000000000094         0.27755933631367274
35.14000000000094         0.29831369193582336
35.160000000000935        0.3257696883446535
35.18000000000092         0.3609521118252135
35.20000000000092         0.4039085121753814
35.22000000000091         0.4514743480779477
35.24000000000089         0.4952495941969547
35.26000000000089         0.5267085651356987
35.28000000000088         0.5447500893283268
35.30000000000088         0.5538248342817206
35.3200000000009          0.5582455502227066
35.340000000000884        0.5604417806803298
35.36000000000088         0.5615353055908328
35.38000000000088         0.561990990831955
35.40000000000089         0.5619347103917048
35.42000000000088         0.5612397082880013
35.44000000000087         0.5594396027665871
35.460000000000875        0.5554120285058783
35.48000000000087         0.5467243104910705
35.50000000000089         0.5290356001087831
35.52000000000087         0.4978671316540241
35.54000000000087         0.4542982870479084
35.560000000000876        0.4069649602120185
35.58000000000087         0.36413436232072477
35.60000000000088         0.3290932838968754
35.62000000000088         0.30183443375047025
35.640000000000875        0.2813346152747107
35.66000000000088         0.26653411130184557
35.68000000000089         0.2566007897573263
35.70000000000087         0.25096439742032706
35.720000000000866        0.24929826896270216
35.74000000000087         0.25150045939626414
35.76000000000087         0.2576867935954215
35.78000000000087         0.26819885448825576
35.80000000000086         0.2836220583462235
35.82000000000085         0.30481361457530437
35.840000000000856        0.33285487807188313
35.86000000000085         0.3687936632379866
35.88000000000084         0.4126549022314155
35.90000000000085         0.46114039840871346
35.92000000000082         0.5059019560231
35.94000000000082         0.5381505065684684
35.96000000000081         0.556697295137256
35.98000000000081         0.5660468120909827
36.00000000000081         0.5706086822465313
36.02000000000081         0.5728782725264648
36.0400000000008          0.574010164419163
36.06000000000081         0.5744850726687356
36.0800000000008          0.5744342283172749
36.1000000000008          0.5737266675247314
36.120000000000815        0.5718822902770365
36.140000000000796        0.5677380445636291
36.16000000000079         0.5587844549846145
36.1800000000008          0.5405867936081958
36.2000000000008          0.5086189452144878
36.22000000000081         0.4640713960330076
36.240000000000805        0.4157591686787483
36.26000000000081         0.3720670728404189
36.280000000000804        0.3363205795631532
36.300000000000814        0.30850892107755457
36.320000000000796        0.2875907059280764
36.340000000000785        0.2724885080170482
36.360000000000795        0.2623498412331317
36.38000000000079         0.25659707057802994
36.40000000000079         0.2548993667607494
36.42000000000077         0.2571536133825087
36.440000000000786        0.2634774891605167
36.46000000000079         0.27421843558786624
36.4800000000008          0.2899752511123468
36.50000000000078         0.3116173046050886
36.52000000000078         0.3402487710501349
36.54000000000077         0.37693713788098443
36.56000000000076         0.4217122764755445
36.58000000000075         0.47123583153157816
36.600000000000755        0.517035880003119
36.620000000000736        0.5501369074829967
36.64000000000073         0.5692373493875069
36.66000000000073         0.5788838018767387
36.68000000000073         0.5835989399468595
36.70000000000073         0.5859500190525766
36.720000000000724        0.5871288605800408
36.740000000000734        0.587631942311121
36.760000000000716        0.5875939774246405
36.780000000000726        0.5868799490462151
36.80000000000072         0.58499279128188
36.820000000000725        0.5807355425327829
36.84000000000073         0.5715228475178052
36.860000000000724        0.5528126752895384
36.88000000000072         0.5201496364571118
36.90000000000072         0.4744545582642803
36.92000000000073         0.4250261005952353
36.940000000000715        0.38044095093794994
36.96000000000072         0.3439782362439573
36.98000000000072         0.3155956866227087
37.000000000000725        0.29423877965009104
37.020000000000714        0.2788151800593366
37.04000000000072         0.26846405627831066
37.060000000000706        0.262594448877287
37.08000000000071         0.26086771301801337
37.100000000000726        0.2631789291848101
37.12000000000071         0.2696494871170539
37.14000000000071         0.28063549037005553
37.160000000000714        0.29674824837567604
37.1800000000007          0.3188742566866686
37.2000000000007          0.3481181088062678
37.22000000000069         0.38557620105133517
37.24000000000069         0.43130759065759816
37.26000000000068         0.48202173133869375
37.28000000000067         0.5290544608196363
37.300000000000665        0.5630137539660129
37.320000000000675        0.5826394045973334
37.340000000000664        0.592599526318165
37.36000000000067         0.5974844171582718
37.38000000000066         0.5999294518332716
37.400000000000674        0.601164768798103
37.42000000000066         0.6017035613998286
37.44000000000067         0.6016854172185366
37.46000000000067         0.6009707303429389
37.48000000000068         0.5990444875131995
37.50000000000069         0.5946705561783748
37.52000000000067         0.5851979876855496
37.54000000000066         0.566006679300353
37.560000000000656        0.5323916855100918
37.58000000000065         0.48560157634724016
37.600000000000634        0.43506553339326287
37.62000000000063         0.3895010600337682
37.64000000000063         0.3522354956811286
37.660000000000636        0.3232236292243604
37.680000000000625        0.3013911910400799
37.70000000000063         0.28562415606973285
37.72000000000064         0.27504386053372853
37.74000000000062         0.26904729900884355
37.76000000000062         0.2672896073839242
37.78000000000062         0.2696652463158958
37.80000000000062         0.2762975448493699
37.82000000000062         0.28754924028380857
37.84000000000062         0.3040440428667947
37.86000000000062         0.3266849750725035
37.880000000000614        0.3566154928207891
37.90000000000064         0.39494152098976826
37.920000000000606        0.44173160277170065
37.9400000000006          0.49364492020524053
37.96000000000059         0.5418679836005467
37.98000000000058         0.5767201470508508
38.00000000000058         0.5970418912577262
38.020000000000586        0.6073681092233529
38.04000000000058         0.61244051309394
38.06000000000058         0.6149921293458076
38.08000000000058         0.6162960189347005
38.10000000000057         0.6168819555661615
38.120000000000594        0.6168937623421133
38.140000000000576        0.6161865517888445
38.160000000000565        0.6142268861757808
38.18000000000057         0.6097344571006134
38.200000000000564        0.5999708877942421
38.22000000000057         0.5801929979935925
38.24000000000057         0.5456347779915746
38.260000000000566        0.4976698224177934
38.28000000000057         0.4459468199749674
38.30000000000058         0.3993324631045866
38.32000000000056         0.36122740979810364
38.34000000000056         0.33152237602230666
38.360000000000554        0.30917362173855134
38.38000000000056         0.29303779171440103
38.40000000000055         0.28221453446982386
38.42000000000054         0.2760866857411835
38.44000000000056         0.2743017857465275
38.46000000000056         0.276751117222364
38.48000000000055         0.28356171167422833
38.50000000000055         0.29510545856445286
38.52000000000056         0.3120196203268556
38.54000000000055         0.33523626700380865
38.56000000000054         0.36592882071597044
38.58000000000053         0.4052343661039398
38.60000000000053         0.4532011168427882
38.62000000000053         0.5063469722984427
38.64000000000052         0.5557613168344254
38.66000000000051         0.591827918832963
38.6800000000005          0.6128726834947361
38.700000000000514        0.6236064590634242
38.7200000000005          0.628900021002955
38.740000000000514        0.6315801684195632
38.760000000000495        0.632967370212864
38.7800000000005          0.633611303076425
38.800000000000495        0.633661425932638
38.8200000000005          0.6329679662303628
38.8400000000005          0.6309782375295653
38.860000000000504        0.6263637402611848
38.88000000000049         0.6162768021564531
38.900000000000496        0.5957923024938555
38.920000000000506        0.5601577172884179
38.94000000000049         0.5110396732629621
38.960000000000484        0.4580970051930721
38.98000000000048         0.4103068370941559
39.000000000000476        0.3712013860150873
39.02000000000048         0.3407583354199393
39.040000000000475        0.31785255323106
39.06000000000048         0.301315270179165
39.080000000000474        0.29022785636136383
39.1000000000005          0.28395555761395014
39.12000000000047         0.28214138504113756
39.14000000000047         0.2846750752826367
39.16000000000047         0.2916875247474434
39.180000000000476        0.30356087975033524
39.200000000000465        0.32095122432558515
39.22000000000046         0.3448088371014925
39.240000000000464        0.37633791962516056
39.26000000000045         0.4167036675731526
39.280000000000456        0.4659629609584501
39.300000000000445        0.5205808597384267
39.32000000000045         0.5714782211990804
39.34000000000043         0.6087798051754552
39.36000000000043         0.6306475007385601
39.38000000000042         0.6418487576104993
39.400000000000425        0.6473992629458268
39.42000000000042         0.6502321589099114
39.440000000000424        0.6517251281975783
39.46000000000043         0.6524498958822105
39.48000000000042         0.6525627180753638
39.50000000000042         0.6519074940350634
39.52000000000042         0.649908085469043
39.540000000000425        0.6451788796242584
39.560000000000414        0.6347581475618543
39.58000000000041         0.6135772698603628
39.60000000000041         0.5768064829811977
39.62000000000041         0.5262489959491324
39.640000000000406        0.4717622499841482
39.66000000000041         0.4226997675065965
39.680000000000405        0.3825671091746797
39.7000000000004          0.35131157542157876
39.72000000000042         0.3277885687692334
39.74000000000039         0.31080845190267953
39.7600000000004          0.2994311988754346
39.780000000000385        0.29301087907595447
39.800000000000395        0.2911788014469685
39.82000000000039         0.29382238709861264
39.84000000000039         0.30107763174396324
39.86000000000039         0.31333878179600894
39.88000000000039         0.33128178877313974
39.900000000000404        0.35588500758663094
39.920000000000385        0.3883869482283172
39.94000000000038         0.42998598641469876
39.96000000000037         0.48066186928646065
39.980000000000366        0.5370664080001946
40.00000000000035         0.5898125602070253
40.02000000000036         0.6285010489767134
40.04000000000035         0.6512625191392049
40.06000000000036         0.6630084671843632
40.080000000000354        0.6688825998518702
40.10000000000035         0.6719231710274916
40.12000000000037         0.6735651865048656
40.14000000000035         0.6744083884486702
40.160000000000345        0.6746149651810814
40.18000000000034         0.6740207018579338
40.20000000000034         0.6720200456235669
40.22000000000034         0.6671628732520243
40.240000000000336        0.6563735040007156
40.260000000000346        0.6344390290039785
40.28000000000034         0.5963680087906152
40.30000000000033         0.5440078448171546
40.32000000000033         0.48783204876115926
40.34000000000034         0.437275071274931
40.360000000000326        0.3959162732831793
40.380000000000315        0.36370070160094603
40.400000000000325        0.3394548454436501
40.42000000000032         0.3219581054063041
40.4400000000003          0.3102454208500039
40.46000000000031         0.303653527165914
40.480000000000324        0.30180329699731673
40.50000000000031         0.3045804697456727
40.52000000000032         0.31212619100369715
40.54000000000031         0.3248480171053023
40.56000000000031         0.3434428810708168
40.580000000000304        0.3689169785596112
40.6000000000003          0.4025412192746396
40.62000000000029         0.44554645915435614
40.64000000000029         0.4980407636671312
40.66000000000029         0.5564544903731058
40.68000000000028         0.6112399642086488
40.70000000000029         0.6516472554986493
40.720000000000276        0.6755612537816607
40.74000000000029         0.6880091556188425
40.760000000000275        0.6942790104526876
40.78000000000027         0.697570304457341
40.80000000000027         0.6993937511498023
40.82000000000027         0.700380641492647
40.84000000000026         0.7007022912583704
40.86000000000026         0.7001847859123447
40.88000000000027         0.6981901764260948
40.90000000000026         0.693189855630529
40.92000000000027         0.6819528147191413
40.94000000000026         0.6590524047167348
40.96000000000026         0.6194043391146803
40.98000000000026         0.5650855338092022
41.00000000000024         0.5069371568554444
41.02000000000026         0.4546360368734499
41.04000000000024         0.4118710606988031
41.06000000000024         0.3785155997129832
41.08000000000024         0.3534209912011629
41.100000000000236        0.33532241978821303
41.12000000000023         0.32322180212948953
41.14000000000024         0.31643441573977665
41.160000000000224        0.31457036732751303
41.18000000000023         0.31751233267054435
41.20000000000022         0.32540924136139227
41.220000000000226        0.3386861529710397
41.240000000000215        0.35806787830554704
41.260000000000225        0.38460345769678905
41.28000000000022         0.4196200300510632
41.3000000000002          0.46440120159222215
41.32000000000022         0.5190443330475168
41.3400000000002          0.5798025339209172
41.36000000000021         0.6369112285789345
41.3800000000002          0.6794368287566938
41.40000000000019         0.7048533386740591
41.42000000000019         0.7181374839758979
41.44000000000019         0.7248936605759193
41.46000000000019         0.7284977532039486
41.480000000000196        0.7305516012903043
41.5000000000002          0.7317260979855505
41.520000000000195        0.7322041893625422
41.540000000000205        0.7318018176202961
41.56000000000018         0.7298411434837501
41.580000000000176        0.7246979327566748
41.60000000000017         0.7129356577401462
41.62000000000016         0.688829231398183
41.64000000000016         0.647293447696936
41.66000000000017         0.5908186162969193
41.680000000000156        0.53042414572665
41.70000000000015         0.47603290005965715
41.720000000000155        0.43151750660563876
41.740000000000144        0.3968486894145437
41.76000000000016         0.37077396201807006
41.78000000000015         0.3519856922279911
41.800000000000146        0.3394532789538467
41.820000000000135        0.3324627011947204
41.84000000000014         0.33061513846631296
41.86000000000014         0.3337926448496237
41.880000000000145        0.342154104638814
41.900000000000155        0.35614723822009076
41.920000000000144        0.3765333023376879
41.940000000000154        0.4044097570218486
41.960000000000136        0.4411625434803313
41.98000000000014         0.4881361571089975
42.00000000000012         0.5454506489012514
42.02000000000012         0.609262679078597
42.04000000000011         0.6694826518897499
42.06000000000013         0.7146611170698504
42.080000000000105        0.741916595491434
42.10000000000012         0.7563072320904753
42.12000000000012         0.763724649105594
42.14000000000012         0.7677697063779233
42.160000000000124        0.7701627438122933
42.180000000000106        0.7716259681717331
42.2000000000001          0.7723574890021134
42.2200000000001          0.7721613063466961
42.240000000000094        0.77031103144719
42.2600000000001          0.7650561439650102
42.2800000000001          0.7527134290345552
42.30000000000009         0.727237928093069
42.320000000000086        0.6834136921290569
42.340000000000096        0.6240539454859486
42.36000000000008         0.5605812420456225
42.38000000000009         0.5035201504763461
42.40000000000007         0.4567422457515658
42.420000000000066        0.42018876149732365
42.44000000000006         0.3925691438379344
42.46000000000008         0.37253408081658
42.48000000000006         0.3590108125183129
42.500000000000064        0.35125990450632494
42.52000000000007         0.3488589450827222
42.540000000000056        0.3516790147189003
42.56000000000007         0.35988050059841836
42.580000000000055        0.3739224386730613
42.60000000000005         0.39459186595773604
42.62000000000006         0.42302186572716405
42.64000000000005         0.46064475821513895
42.660000000000046        0.5088649968063801
42.68000000000006         0.5678793469990835
42.70000000000004         0.6339114124212272
42.72000000000004         0.6966100527312181
42.74000000000005         0.7438657968474367
42.76000000000004         0.7726055397457646
42.780000000000044        0.7880132732354431
42.80000000000003         0.7961466613967402
42.82000000000002         0.8007490217686367
42.840000000000025        0.803620491935056
42.86000000000002         0.805508867996681
42.880000000000024        0.806612538111076
42.90000000000003         0.806736286758654
42.92000000000002         0.8051903109594216
42.940000000000026        0.8002263014815276
42.96000000000002         0.7879795421863208
42.98000000000001         0.7620158032387777
43                        0.7197556721297393
43.01447040231235         0.6731885052238378
43.02214935905118         0.6445770461679615
43.02859561514765         0.6237996896307091
43.04153520979296         0.5770584233143685
43.06016665800619         0.5200316620700716
43.07206818933783         0.48437621928103014
43.10332561186917         0.41004441095715827
43.10685840631937         0.403532314849785
43.11975220475703         0.38188065342970706
43.14982927334135         0.3307939216427611
43.15740075678976         0.32182159840345886
43.2                      0.27347205269407954
