% Model:              ModelBHUpLine.mph
% Version:            COMSOL 5.6.0.280
% Date:               Oct 21 2021, 16:48
% Dimension:          1
% Nodes:              957
% Expressions:        1
% Description:        线图
% cln2x                   Height
24.16                     0.1274519332151688
24.184635717720997        0.14064469865421497
24.19968188187599         0.15043271413565487
24.247331246420465        0.19290844852388023
24.247983259109226        0.19359989923239354
24.25028739164762         0.1972537604866088
24.288453313736845        0.2464809398516276
24.296640167888405        0.2606791870086314
24.316496202522245        0.29877986034523707
24.322222472206857        0.30977402202704357
24.325692153550456        0.3161959031258901
24.342310687669773        0.35080925047307854
24.359999999999996        0.3816496746190982
24.380000000000994        0.407150008888299
24.40000000000171         0.4213470168042512
24.420000000002112        0.4283139314087988
24.440000000002296        0.4316051674037829
24.460000000002363        0.4331490466625119
24.48000000000237         0.43382601752882816
24.500000000002366        0.4340045759052371
24.520000000002362        0.4337903937412175
24.540000000002355        0.43309530152268955
24.560000000002358        0.4315767296872646
24.580000000002357        0.42840429366984795
24.600000000002357        0.42176616148802876
24.620000000002378        0.40837260618645005
24.640000000002377        0.38457427559168145
24.660000000002388        0.35081868125530513
24.6800000000024          0.3140505635818861
24.700000000002394        0.2807183997666488
24.720000000002397        0.25344388216860025
24.740000000002397        0.23222595178842614
24.7600000000024          0.21625765922072246
24.780000000002392        0.2047048058814718
24.800000000002388        0.19691346694935694
24.820000000002384        0.19243596633628365
24.84000000000238         0.19101523628622316
24.860000000002376        0.19256798896062186
24.88000000000237         0.19718055305124113
24.90000000000237         0.20511316813768438
24.920000000002368        0.21681700182126226
24.940000000002364        0.23294977869799305
24.960000000002356        0.2543494510646612
24.98000000000234         0.2818255338997186
25.00000000000234         0.3153764492472654
25.020000000002327        0.35236430437452054
25.04000000000231         0.38620540891732297
25.060000000002304        0.41022987318340043
25.080000000002286        0.4236862611619993
25.10000000000228         0.4303486501979465
25.12000000000228         0.4335260569120639
25.140000000002274        0.4350421638713675
25.160000000002274        0.43573219050213674
25.18000000000227         0.43594521140162296
25.200000000002266        0.435775888556825
25.220000000002262        0.435129689527442
25.240000000002258        0.4336593690332761
25.260000000002268        0.43052763879706085
25.280000000002264        0.42390149036113955
25.300000000002267        0.41044146107112117
25.320000000002274        0.38651601087341225
25.34000000000229         0.352717689645392
25.360000000002294        0.31577528465292565
25.380000000002298        0.28227718832775284
25.400000000002297        0.254847064155574
25.420000000002297        0.23353168456780243
25.44000000000229         0.21748383911817312
25.46000000000229         0.2058714297830204
25.48000000000229         0.1980402521025427
25.50000000000228         0.19354140796719818
25.520000000002277        0.19211675581904
25.540000000002276        0.19368336061689773
25.560000000002272        0.19832764943226366
25.58000000000227         0.20631168530657187
25.600000000002264        0.21808963161520167
25.620000000002275        0.2343235837674137
25.64000000000226         0.2558573323681117
25.660000000002245        0.28350668485587455
25.68000000000223         0.3172725483780311
25.700000000002223        0.354504695681062
25.7200000000022          0.3885821427932512
25.74000000000219         0.41279193721333574
25.760000000002183        0.42637307438965
25.780000000002183        0.43311854374886605
25.80000000000218         0.4363566411374098
25.820000000002175        0.4379215694322122
25.84000000000218         0.43865538162495404
25.86000000000217         0.4389080200891401
25.880000000002166        0.4387747626329204
25.900000000002176        0.4381604994977296
25.920000000002165        0.4367154117733656
25.940000000002165        0.43359318580991607
25.960000000002164        0.42696175795012575
25.980000000002168        0.41348503071202986
26.00000000000218         0.3894615605801459
26.02000000000219         0.3553449779709985
26.040000000002205        0.3180836711842152
26.060000000002198        0.28437103350889176
26.080000000002197        0.25679510493422775
26.100000000002193        0.23533607263411738
26.1200000000022          0.21918400213774045
26.140000000002193        0.20749933786514724
26.16000000000219         0.19962823464656518
26.180000000002174        0.19511412985117238
26.20000000000218         0.19369930721181067
26.220000000002177        0.1953015357311832
26.240000000002176        0.2000079257386931
26.260000000002172        0.2080831195608118
26.280000000002165        0.21998491843508164
26.30000000000216         0.23637929389960752
26.320000000002157        0.25811292915457357
26.34000000000215         0.286005346818783
26.36000000000213         0.32008252443525054
26.38000000000212         0.35774572636202423
26.400000000002102        0.39225904824587243
26.42000000000209         0.4166193276726262
26.44000000000209         0.4303574620649617
26.460000000002086        0.4371958403023826
26.480000000002082        0.44049324684175384
26.50000000000207         0.4421017598403628
26.52000000000209         0.44286988977147523
26.540000000002088        0.44315211257681997
26.56000000000207         0.4430441718842766
26.580000000002066        0.4424495198515404
26.60000000000207         0.44101422589363254
26.620000000002072        0.4378866917701617
26.640000000002065        0.4312115396495368
26.660000000002064        0.4176206394184044
26.680000000002096        0.39337536390712147
26.700000000002095        0.358933895413206
26.720000000002102        0.3213140695634534
26.740000000002098        0.2872764924656336
26.760000000002098        0.2594356667053874
26.780000000002097        0.23777231938262258
26.800000000002093        0.22146941076816565
26.82000000000209         0.2096798987392476
26.84000000000209         0.20174275959213803
26.86000000000209         0.19720024647899317
26.880000000002088        0.19579033753223757
26.90000000000208         0.19742966607142795
26.920000000002073        0.20220747557148808
26.94000000000207         0.21039188450888993
26.96000000000207         0.22244630428044124
26.98000000000206         0.2390447355034268
27.000000000002057        0.26104410143945594
27.020000000002046        0.28927408646316105
27.040000000002035        0.32382153491314153
27.060000000002013        0.3618715687064192
27.080000000002006        0.39671072950031583
27.100000000002005        0.4214269841737393
27.120000000001994        0.4353996248458788
27.14000000000199         0.44235056089421315
27.16000000000199         0.4457082082069453
27.18000000000199         0.44735582014154607
27.200000000001978        0.44815387048814725
27.220000000001974        0.4484592473194016
27.240000000001977        0.44836883934796706
27.26000000000197         0.4477849540166586
27.28000000000197         0.44634931320477356
27.300000000001972        0.4431997511886867
27.320000000001965        0.4364578749237484
27.34000000000198         0.42265700505958825
27.360000000001985        0.3980786849720794
27.380000000001992        0.363325657708479
27.400000000002           0.325326190711096
27.420000000002002        0.2908671887608887
27.440000000002           0.2626709392441508
27.46000000000199         0.2407419537000455
27.480000000001993        0.2242483238088992
27.500000000002           0.2123289227230031
27.520000000001986        0.20430880101619214
27.54000000000198         0.1997261954210278
27.560000000001985        0.19831658391247275
27.580000000001977        0.19999551474344682
27.60000000000197         0.20485439620462997
27.620000000001973        0.21316549810007618
27.640000000001965        0.22539968939678248
27.660000000001965        0.24224295287108533
27.68000000000196         0.26456958047468065
27.700000000001946        0.2932255166954177
27.72000000000194         0.3282148926803417
27.74000000000192         0.36680045732212696
27.760000000001913        0.40213578876902234
27.78000000000191         0.4272142977625635
27.8000000000019          0.44140296852092586
27.820000000001887        0.4484718374518424
27.8400000000019          0.4518956005732296
27.86000000000189         0.4535837926481472
27.880000000001893        0.4544093755978987
27.900000000001885        0.45473455488163844
27.92000000000189         0.4546579456990982
27.940000000001884        0.4540804871138308
27.96000000000189         0.4526391095889072
27.98000000000189         0.4494583920318081
28.000000000001883        0.44262217954030425
28.02000000000189         0.42864094662623464
28.04000000000189         0.40372211559799565
28.060000000001896        0.3684852441325123
28.080000000001903        0.3299563578710129
28.10000000000189         0.2950174689434582
28.120000000001895        0.26642963233411576
28.140000000001894        0.24419513992809133
28.16000000000189         0.22748236175651426
28.180000000001886        0.21540658871339677
28.20000000000188         0.20728553882175232
28.22000000000188         0.20265167371552162
28.240000000001878        0.2012371639282668
28.260000000001874        0.202957471338316
28.28000000000187         0.20790538342295473
28.30000000000187         0.21635779029585606
28.320000000001862        0.22879310303742328
28.340000000001872        0.24590802293313296
28.360000000001858        0.2685903990422927
28.380000000001854        0.2976995214373846
28.40000000000184         0.33324050019327683
28.420000000001824        0.3724360271965272
28.440000000001806        0.4083363435343643
28.4600000000018          0.4338253089594732
28.4800000000018          0.44825537157133866
28.50000000000179         0.45544929952780944
28.52000000000179         0.4589428801032941
28.54000000000178         0.46067234136328683
28.56000000000177         0.4615241956465735
28.580000000001775        0.4618669484039509
28.60000000000177         0.4618008577179727
28.620000000001767        0.461225512176411
28.640000000001766        0.45977190665453654
28.66000000000176         0.456550417914187
28.680000000001762        0.44962069507240954
28.70000000000177         0.43547673278716764
28.72000000000178         0.4102196069053882
28.74000000000179         0.37433185776284017
28.76000000000181         0.3351310657388391
28.780000000001802        0.2996648221968804
28.800000000001802        0.270659615882355
28.820000000001794        0.24809710573456975
28.840000000001794        0.23112661740869136
28.860000000001797        0.2188676547765089
28.880000000001786        0.21062774543767063
28.900000000001786        0.2059320929157982
28.920000000001785        0.20450844187243333
28.940000000001778        0.2062709482306545
28.960000000001788        0.21131415814605886
28.980000000001784        0.21991980932975058
29.000000000001773        0.2325745092305138
29.020000000001765        0.2499867859323397
29.040000000001765        0.2730423671965207
29.060000000001747        0.30262170642457187
29.080000000001743        0.33875192015525374
29.100000000001728        0.3786885107667521
29.120000000001713        0.4153085082658551
29.140000000001706        0.44119464202966924
29.160000000001702        0.4558327732473103
29.180000000001698        0.4631547540526171
29.200000000001694        0.4667177221845824
29.220000000001694        0.46848574647772717
29.2400000000017          0.46935945279299696
29.260000000001693        0.4697152275020302
29.280000000001685        0.46965486345663215
29.300000000001674        0.4690758946603531
29.320000000001677        0.4676023573194355
29.340000000001673        0.4643296241392971
29.36000000000168         0.45728760742144564
29.380000000001687        0.44290310029843394
29.400000000001686        0.4172159392777357
29.420000000001707        0.38072044822389406
29.4400000000017          0.34085852706785075
29.460000000001703        0.3047956412060963
29.4800000000017          0.27530379137846
29.500000000001695        0.2523639612731383
29.520000000001694        0.23511115375126707
29.54000000000169         0.222650048620652
29.560000000001686        0.2142756459760974
29.580000000001686        0.20950913868048873
29.600000000001685        0.2080721775897322
29.62000000000168         0.2098776222806821
29.640000000001677        0.21502167124783692
29.66000000000167         0.22379088379837447
29.68000000000167         0.2366797017687497
29.700000000001666        0.25440674337734825
29.72000000000166         0.2778854138910393
29.740000000001654        0.30800041122839444
29.76000000000164         0.3447830831423229
29.78000000000163         0.38543263861735394
29.800000000001617        0.42261592314833707
29.82000000000161         0.44903027118521854
29.8400000000016          0.46399661573225526
29.860000000001595        0.4714697097274774
29.880000000001598        0.47510321301771025
29.900000000001594        0.4769075836322585
29.920000000001586        0.47780253542139617
29.940000000001575        0.4781697955438374
29.96000000000158         0.4781130846498926
29.980000000001567        0.4775280250189306
30.000000000001574        0.4760315827307118
30.020000000001566        0.47270524363933725
30.040000000001562        0.46553305365803915
30.060000000001576        0.4508863597439493
30.080000000001586        0.4247334317147639
30.100000000001597        0.38757377067709925
30.1200000000016          0.3470729512552227
30.1400000000016          0.31034962914618636
30.160000000001602        0.2803044932753259
30.180000000001595        0.25694353016982946
30.200000000001594        0.23938140801812874
30.2200000000016          0.2267011600247624
30.240000000001594        0.21818391485225117
30.260000000001586        0.21333805564943023
30.280000000001582        0.21188245814973594
30.300000000001585        0.2137289094839677
30.320000000001578        0.21897445036902644
30.34000000000157         0.22791320389346378
30.36000000000157         0.2410489919512762
30.380000000001562        0.2591163596508647
30.400000000001558        0.2830512786648984
30.420000000001554        0.31375962950384717
30.440000000001543        0.3512479388914735
30.460000000001536        0.39259360708218766
30.48000000000152         0.4304788318315826
30.500000000001517        0.45740096628068055
30.520000000001517        0.47266176266177345
30.540000000001505        0.480285504993766
30.560000000001498        0.4839944470650818
30.580000000001498        0.4858380506242334
30.60000000000149         0.48675410279003606
30.620000000001493        0.48713180139788836
30.640000000001482        0.4870767938578016
30.660000000001485        0.4864826465514218
30.68000000000148         0.4849611006474297
30.700000000001488        0.4815698706270821
30.720000000001487        0.4742529645390835
30.740000000001487        0.4592707349322878
30.76000000000149         0.4325705155786384
30.780000000001493        0.3948321721516931
30.8000000000015          0.3535811217681733
30.8200000000015          0.3161798649118996
30.840000000001503        0.28558127177767945
30.860000000001502        0.26178787442339985
30.880000000001502        0.24390975104028756
30.90000000000149         0.2309996583464601
30.92000000000149         0.22232919835033751
30.94000000000149         0.2173983787084137
30.960000000001482        0.21592366971668883
30.980000000001475        0.21781450589306894
31.000000000001478        0.22317079735565076
31.020000000001474        0.23229051406291534
31.040000000001477        0.24568797911133344
31.060000000001477        0.2641117532682471
31.08000000000147         0.28849737326378316
31.100000000001458        0.31977447251697055
31.120000000001443        0.35797194937355425
31.14000000000143         0.4001862666002804
31.160000000001425        0.43881178228701373
31.18000000000142         0.46626528351938046
31.200000000001413        0.4818321892136056
31.22000000000141         0.4895878677254501
31.24000000000141         0.49335936444522593
31.260000000001405        0.4952317432797923
31.280000000001404        0.496162527913853
31.300000000001397        0.49654678661638746
31.320000000001397        0.49649066239724476
31.340000000001382        0.49588512032203297
31.360000000001385        0.49433199063828226
31.380000000001377        0.49087188980484614
31.400000000001384        0.4834068175480933
31.420000000001398        0.4681877718293415
31.440000000001397        0.4410156805327064
31.460000000001397        0.4024401597969151
31.480000000001404        0.36032431994673525
31.500000000001396        0.32222815931168713
31.5200000000014          0.2910754896859849
31.5400000000014          0.26684627460309046
31.56000000000139         0.2486273748657563
31.58000000000139         0.23547316595753384
31.600000000001398        0.22664068674484483
31.620000000001383        0.22162084233934592
31.640000000001383        0.22012225218910508
31.660000000001382        0.22205362987276958
31.680000000001375        0.22751755264493745
31.700000000001374        0.23681790704522088
31.720000000001367        0.25047893174021985
31.740000000001363        0.26925977045911026
31.760000000001362        0.2941248345025439
31.780000000001355        0.32601022258695356
31.80000000000134         0.36494979982240566
31.820000000001325        0.40799684639612765
31.840000000001325        0.4474980044405009
31.860000000001317        0.4754639163758019
31.880000000001317        0.49130752545996365
31.90000000000131         0.4992464711071792
31.92000000000131         0.5031168165663171
31.940000000001316        0.5050418017995665
31.96000000000131         0.5059983170988407
31.9800000000013          0.5063922472151404
32.0000000000013          0.5063351035736599
32.0200000000013          0.5057166960069288
32.04000000000131         0.5041303877950507
32.0600000000013          0.5005968097508536
32.0800000000013          0.49298509370826743
32.1000000000013          0.47744109974806487
32.120000000001305        0.44971654488822255
32.1400000000013          0.41037832218854026
32.1600000000013          0.3674427990300201
32.1800000000013          0.32860867783907693
32.2000000000013          0.29685225736332893
32.220000000001285        0.27215290184924473
32.240000000001295        0.2535809102111922
32.260000000001284        0.24017337258195265
32.280000000001294        0.23117288107390316
32.300000000001276        0.2260594549270882
32.32000000000128         0.22453830314971635
32.340000000001275        0.22651565879405294
32.36000000000128         0.2320960860535964
32.38000000000126         0.24158914456153777
32.40000000000127         0.2555283910539078
32.42000000000127         0.27468876202836545
32.44000000000128         0.30005466156324645
32.460000000001244        0.3325791491189432
32.48000000000125         0.3722974265559877
32.50000000000124         0.4162017332952868
32.520000000001225        0.45640338204798275
32.54000000000123         0.48501891239664546
32.56000000000121         0.5012700937117558
32.58000000000121         0.5093993074230573
32.600000000001224        0.5133562116830603
32.62000000000121         0.5153225662013778
32.640000000001216        0.516298741278083
32.660000000001205        0.516700709275915
32.6800000000012          0.5166420598205451
32.70000000000121         0.5160096160197865
32.72000000000121         0.514386600849605
32.7400000000012          0.5107699753423575
32.7600000000012          0.5029794969102048
32.7800000000012          0.4870807500376016
32.8000000000012          0.4587568748935959
32.8200000000012          0.41861601137208715
32.840000000001204        0.37490266956442625
32.8600000000012          0.33529073502319434
32.8800000000012          0.30288328819569593
32.90000000000119         0.27768458888655284
32.920000000001195        0.2587423608288915
32.94000000000118         0.24507018968834637
32.96000000000118         0.2358940501542846
32.98000000000117         0.23068412272761596
33.00000000000118         0.22913741731271822
33.02000000000117         0.23115920815418067
33.04000000000118         0.23685635305119476
33.06000000000117         0.2465426139281523
33.08000000000117         0.2607663323889214
33.10000000000117         0.28031857557064405
33.12000000000116         0.30620833539878844
33.140000000001145        0.33941191829539674
33.16000000000115         0.3799398475937399
33.18000000000113         0.42465874006591625
33.20000000000114         0.46570441792205974
33.22000000000112         0.4949664738576373
33.240000000001125        0.5116114719408544
33.260000000001114        0.5199446237924221
33.28000000000112         0.5239997213564227
33.30000000000111         0.5260131561746748
33.32000000000113         0.5270117825697312
33.34000000000111         0.5274227674384986
33.360000000001115        0.5273626967960373
33.38000000000112         0.5267144234187355
33.40000000000111         0.5250511295354761
33.4200000000011          0.5213471691461485
33.440000000001106        0.5133511667322125
33.4600000000011          0.49701162534659066
33.480000000001105        0.4679985524750631
33.500000000001116        0.42713484272246677
33.520000000001104        0.38255411791959826
33.5400000000011          0.3421601003987777
33.5600000000011          0.3091135730168864
33.58000000000109         0.2834161283123341
33.60000000000109         0.2640981664516115
33.6200000000011          0.25015340068953035
33.64000000000109         0.24079277104002358
33.660000000001084        0.23547793705393608
33.6800000000011          0.23390085100352745
33.70000000000108         0.2359646633671436
33.72000000000108         0.24177769261011547
33.740000000001075        0.251662359801072
33.76000000000108         0.2661735444824098
33.78000000000106         0.28611832331202336
33.80000000000108         0.3125238457196797
33.82000000000106         0.34638378938758074
33.840000000001055        0.38771077096446616
33.86000000000105         0.4333263758110503
33.88000000000103         0.4753650853034706
33.900000000001036        0.5052608769579637
33.92000000000103         0.5222773069734162
33.94000000000104         0.5308253431967886
33.96000000000102         0.5349915494904561
33.98000000000103         0.5370600464657462
34.00000000000103         0.538085660641237
34.020000000001026        0.5385081801439445
34.04000000000102         0.5384472061400319
34.06000000000102         0.5377831448262999
34.08000000000102         0.5360762444504579
34.100000000001025        0.5322672303709287
34.12000000000103         0.5240503159818589
34.140000000001024        0.5072832883621813
34.16000000000103         0.4777068171832681
34.18000000000101         0.43585946360184563
34.200000000001026        0.390312469898031
34.22000000000101         0.3491529017735118
34.24000000000102         0.31549599293258557
34.260000000001           0.28931312976954066
34.28000000000101         0.269620910222267
34.30000000000103         0.2554017919041619
34.320000000001           0.24585615922247436
34.340000000001005        0.24043673833411294
34.36000000000101         0.2388300470296705
34.380000000001004        0.24093772512170064
34.400000000001           0.2468703716825765
34.420000000001004        0.2569593427370864
34.44000000000099         0.2717649041400767
34.46000000000099         0.29211106690426114
34.48000000000099         0.319044615922778
34.50000000000099         0.35352334301387583
34.52000000000099         0.39564466608330423
34.54000000000097         0.44226007073808987
34.56000000000096         0.48520323584788333
34.58000000000096         0.5158314498779168
34.60000000000096         0.533310961767917
34.62000000000096         0.542104866254002
34.64000000000095         0.5463931195525324
34.660000000000956        0.5485233648522323
34.680000000000966        0.549581800740152
34.70000000000095         0.5500202778651169
34.72000000000096         0.5499613142797942
34.740000000000954        0.5492812793705251
34.76000000000095         0.547526898129609
34.78000000000096         0.5436089120290162
34.80000000000094         0.5351712523329841
34.82000000000095         0.5180146334747004
34.84000000000095         0.4876497084700284
34.86000000000095         0.44490018873843634
34.88000000000095         0.3984384566538422
34.90000000000093         0.3564699949221435
34.920000000000954        0.3221502833018219
34.94000000000093         0.29544827027581794
34.96000000000094         0.2753640573335257
34.98000000000093         0.26086163420178415
35.00000000000094         0.25112560284151714
35.02000000000092         0.2455979329085396
35.04000000000092         0.24395987547471523
35.06000000000093         0.24611389415802404
35.08000000000092         0.25217244054604043
35.10000000000093         0.2624691248458998
35.120000000000914        0.27757845691049055
35.14000000000092         0.2983359052196096
35.16000000000091         0.3257978663310641
35.18000000000091         0.36098814036660043
35.200000000000905        0.40395392899161514
35.2200000000009          0.4515269713226243
35.24000000000088         0.4952990378645157
35.260000000000886        0.5267446774976156
35.280000000000896        0.5447729442856634
35.30000000000088         0.5538397138887734
35.320000000000874        0.5582575416132896
35.34000000000088         0.5604532825951739
35.36000000000087         0.5615467246692034
35.38000000000088         0.5620022231423311
35.40000000000088         0.5619457907090946
35.42000000000087         0.5612506737717263
35.44000000000086         0.5594504062920143
35.46000000000087         0.5554224586773849
35.48000000000087         0.5467338938351038
35.50000000000087         0.5290437293076238
35.520000000000856        0.4978738009129927
35.540000000000866        0.4543046408049477
35.56000000000086         0.4069722122517546
35.58000000000086         0.36414301305057384
35.600000000000854        0.3291033533987646
35.62000000000085         0.3018457943841002
35.64000000000086         0.281347165627526
35.66000000000085         0.2665477953468803
35.68000000000085         0.2566155840664814
35.70000000000085         0.2509799671640325
35.720000000000866        0.24931435843462862
35.74000000000084         0.25151684098656424
35.760000000000844        0.25770326822138817
35.78000000000084         0.2682151416469755
35.80000000000084         0.2836377425677492
35.82000000000083         0.30482811410139815
35.84000000000083         0.33286738110531067
35.860000000000824        0.3688031491528198
35.88000000000083         0.4126608207098727
35.90000000000081         0.46114487055433123
35.92000000000082         0.5059115446865208
35.94000000000082         0.5381714643486579
35.96000000000081         0.5567285363920248
35.9800000000008          0.5660840825267827
36.0000000000008          0.5706488228970871
36.02000000000081         0.5729197606734068
36.0400000000008          0.574052366496874
36.06000000000081         0.5745277870345491
36.0800000000008          0.5744775343721681
36.1000000000008          0.573770979814153
36.1200000000008          0.5719286588015103
36.140000000000796        0.5677889000231305
36.16000000000079         0.5588446256021588
36.18000000000079         0.5406621646729131
36.20000000000079         0.5087083883182165
36.22000000000079         0.46416164880210653
36.24000000000079         0.41583851766863056
36.26000000000079         0.3721332884933816
36.28000000000078         0.33637647699935225
36.30000000000078         0.3085578407744033
36.32000000000077         0.28763522190173635
36.34000000000078         0.2725304395283012
36.360000000000774        0.26239047992920606
36.380000000000784        0.25663738903653743
36.400000000000766        0.25494016893439175
36.42000000000077         0.2571956546169414
36.440000000000765        0.2635215830682504
36.460000000000754        0.27426556764752347
36.480000000000764        0.29002671793795926
36.500000000000746        0.311674890333087
36.52000000000077         0.34031493620199055
36.540000000000745        0.37701498360273866
36.56000000000075         0.421804335376174
36.58000000000074         0.4713401160657867
36.60000000000073         0.5171422982861901
36.620000000000736        0.5502343117303173
36.640000000000725        0.5693245341960977
36.66000000000073         0.5789648718228773
36.68000000000073         0.58367717899895
36.70000000000072         0.5860270190006449
36.720000000000724        0.5872052965771448
36.740000000000734        0.5877080966759618
36.760000000000716        0.5876699614454135
36.78000000000072         0.5869557827596861
36.800000000000715        0.5850684270986852
36.82000000000072         0.5808108667985884
36.840000000000714        0.5715976037277363
36.86000000000072         0.5528861826587846
36.88000000000072         0.5202204579322348
36.90000000000071         0.4745207513882329
36.92000000000073         0.4250869097579097
36.94000000000071         0.3804971038307167
36.960000000000704        0.3440310235665589
36.9800000000007          0.3156463388298717
37.00000000000072         0.29428830614996326
37.02000000000069         0.27886438720959383
37.040000000000695        0.26851361786983086
37.0600000000007          0.2626449758736596
37.080000000000695        0.260919823102178
37.10000000000069         0.2632332941945257
37.12000000000069         0.26970691668115243
37.14000000000069         0.2806970229036506
37.160000000000686        0.29681528906533666
37.18000000000069         0.3189487470953961
37.200000000000685        0.3482026805124516
37.220000000000674        0.3856741536238453
37.24000000000067         0.43142173152950863
37.260000000000666        0.48215055607863905
37.28000000000066         0.5291882043548531
37.30000000000066         0.5631413362357913
37.32000000000067         0.5827595008149674
37.34000000000066         0.5927152911461847
37.36000000000066         0.5975982962650972
37.38000000000066         0.6000426315630536
37.40000000000067         0.6012777428603657
37.42000000000066         0.6018165641317275
37.440000000000666        0.601798645340788
37.46000000000067         0.6010844970805808
37.48000000000067         0.5991594682926447
37.50000000000068         0.5947882878738333
37.52000000000066         0.5853215898966606
37.540000000000646        0.5661399631624605
37.56000000000065         0.5325328263177396
37.58000000000064         0.485738019166807
37.600000000000634        0.4351869709572419
37.620000000000616        0.3896064015324092
37.64000000000062         0.3523281162681591
37.66000000000061         0.323307240869815
37.68000000000061         0.3014687107836392
37.7000000000006          0.28569774168637274
37.72000000000061         0.27511519322639505
37.740000000000606        0.269117478156479
37.76000000000061         0.26735967315547476
37.7800000000006          0.2697358941696825
37.8000000000006          0.27636931761847416
37.820000000000604        0.28762269838427285
37.8400000000006          0.3041197180317956
37.860000000000596        0.32676332668697
37.88000000000059         0.35669683933219015
37.900000000000595        0.39502608178770504
37.92000000000059         0.441820272130417
37.940000000000595        0.4937417466570954
37.96000000000059         0.5419817017676688
37.98000000000059         0.5768564026969472
38.00000000000059         0.5971950893277808
38.020000000000586        0.6075305347956113
38.040000000000575        0.6126074707327276
38.06000000000058         0.6151613685250177
38.080000000000574        0.6164663952019572
38.100000000000584        0.6170529184654863
38.12000000000059         0.6170651225059469
38.14000000000057         0.6163583433437675
38.16000000000057         0.6143994239852493
38.18000000000056         0.609908642136891
38.200000000000564        0.6001487219608487
38.22000000000056         0.5803768498182673
38.24000000000056         0.5458219479210547
38.26000000000056         0.4978480489769648
38.280000000000555        0.44610652501815606
38.300000000000566        0.39947322196109336
38.320000000000555        0.36135321614701876
38.34000000000055         0.33163747796077875
38.36000000000054         0.30928149258861953
38.38000000000054         0.29314108030373986
38.40000000000053         0.28231529113648385
38.42000000000054         0.276186566785994
38.44000000000053         0.2744022196369175
38.46000000000054         0.27685343419723313
38.48000000000053         0.28366725303147866
38.50000000000053         0.2952156834165583
38.52000000000054         0.31213619640352513
38.54000000000053         0.3353611791030081
38.56000000000053         0.3660644438491027
38.58000000000052         0.405383459608835
38.60000000000051         0.4533665701325998
38.6200000000005          0.506531002503156
38.6400000000005          0.5559639682800153
38.6600000000005          0.5920459061932218
38.680000000000504        0.6131006405728618
38.70000000000049         0.6238397753101093
38.7200000000005          0.6291359680611949
38.74000000000052         0.631817387162837
38.76000000000049         0.633205189934938
38.7800000000005          0.6338493477938723
38.800000000000495        0.633899413778139
38.8200000000005          0.6332055571752268
38.840000000000494        0.6312148374980956
38.86000000000049         0.6265981527683305
38.880000000000486        0.6165066334636506
38.90000000000048         0.5960134683896806
38.92000000000049         0.5603652200460474
38.940000000000474        0.5112300941881223
38.96000000000048         0.45827027152192196
38.98000000000048         0.41046539627396167
39.00000000000047         0.3713485015707744
39.02000000000047         0.34089710600787543
39.04000000000047         0.31798563829395027
39.06000000000046         0.30144490620198394
39.08000000000046         0.2903559599300927
39.10000000000045         0.2840838409728446
39.12000000000046         0.2822714799905074
39.14000000000047         0.2848086554275957
39.16000000000045         0.2918264219921941
39.18000000000045         0.3037072149860921
39.20000000000045         0.32110756650474775
39.22000000000045         0.34497839000613
39.24000000000045         0.37652468473246226
39.26000000000044         0.41691235119938186
39.280000000000435        0.4661978355329152
39.30000000000043         0.5208424248420823
39.320000000000434        0.571760148823739
39.34000000000043         0.6090733528755431
39.36000000000043         0.630948012093383
39.38000000000042         0.6421536663943771
39.400000000000425        0.6477066519436218
39.42000000000042         0.6505408296634753
39.440000000000424        0.6520344204810374
39.46000000000042         0.6527593896758221
39.480000000000416        0.6528720275448413
39.50000000000042         0.6522160815556081
39.52000000000041         0.6502149377688657
39.540000000000425        0.6454818182260765
39.560000000000414        0.6350526527648189
39.58000000000041         0.61385591867295
39.600000000000406        0.5770623361524577
39.6200000000004          0.5264810856228409
39.6400000000004          0.47197436477522436
39.660000000000394        0.42289582489192257
39.68000000000039         0.38275060328918836
39.70000000000039         0.351485678842037
39.720000000000404        0.32795610010701026
39.74000000000038         0.31097187840065965
39.76000000000039         0.29959269390679716
39.78000000000037         0.29317241014473217
39.80000000000038         0.29134222990311304
39.82000000000037         0.2939895714996815
39.84000000000038         0.30125053504759775
39.86000000000037         0.3135195627998403
39.88000000000037         0.33147290367316556
39.90000000000036         0.35608929832151875
39.92000000000036         0.388607701750062
39.94000000000038         0.4302269709917218
39.96000000000036         0.4809274939184913
39.98000000000036         0.5373624429577234
40.000000000000355        0.5901447678442779
40.02000000000035         0.6288673576230004
40.04000000000035         0.6516506905699793
40.06000000000035         0.6634075345412331
40.080000000000354        0.6692867752685692
40.10000000000036         0.6723298514086329
40.12000000000035         0.6739731351721268
40.14000000000034         0.6748169099640695
40.16000000000035         0.6750235169923635
40.18000000000035         0.674428616678873
40.20000000000034         0.6724261751087268
40.22000000000034         0.6675649048808459
40.240000000000336        0.6567668068744794
40.26000000000033         0.6348157819442952
40.28000000000033         0.5967192790733212
40.30000000000033         0.5443288779254941
40.32000000000032         0.4881238876338335
40.34000000000034         0.4375420793004717
40.36000000000032         0.39616372310539244
40.38000000000031         0.36393358758753463
40.400000000000304        0.33967750443808337
40.4200000000003          0.3221742223299964
40.4400000000003          0.31045818799873537
40.460000000000306        0.3038658209153584
40.480000000000295        0.30201783780468944
40.50000000000029         0.304799980486044
40.520000000000294        0.3123535614769374
40.54000000000029         0.3250864909616709
40.5600000000003          0.34369624437037377
40.58000000000029         0.36918977199926295
40.60000000000029         0.40283892090867207
40.62000000000029         0.44587548030738344
40.640000000000285        0.4984077077704846
40.660000000000274        0.5568636317219112
40.68000000000027         0.6116892974557356
40.70000000000026         0.6521281455956448
40.72000000000027         0.676063176846774
40.74000000000028         0.6885232278697783
40.760000000000275        0.694799414737751
40.780000000000264        0.6980939435121465
40.80000000000027         0.6999190731328806
40.82000000000027         0.7009067766714938
40.84000000000026         0.7012285612210954
40.86000000000026         0.7007103503471451
40.88000000000027         0.6987135691944638
40.90000000000025         0.6937081173487848
40.92000000000027         0.6824600262476805
40.940000000000246        0.6595386183042435
40.96000000000026         0.619858083402063
40.980000000000246        0.5655002749947176
41.00000000000025         0.5073137476867543
41.02000000000023         0.45497986721865474
41.04000000000024         0.41218885861571275
41.06000000000024         0.37881373198729823
41.080000000000226        0.35370501806726934
41.10000000000023         0.3355970623845946
41.12000000000023         0.3234911233245591
41.14000000000023         0.31670205461695516
41.16000000000022         0.3148397544942428
41.18000000000022         0.31778687750671925
41.20000000000022         0.32569252038247387
41.22000000000022         0.33898211420735935
41.24000000000021         0.3583810943242147
41.260000000000204        0.384939360828356
41.2800000000002          0.41998511068912586
41.300000000000196        0.46480296613639016
41.32000000000019         0.5194903922245588
41.34000000000021         0.5802977443032606
41.360000000000205        0.6374541135667678
41.3800000000002          0.6800201518266964
41.40000000000019         0.705466786076176
41.4200000000002          0.7187695918289482
41.44000000000019         0.725535812185916
41.46000000000019         0.7291451522089929
41.48000000000019         0.7312018588871011
41.500000000000185        0.7323779616723843
41.520000000000195        0.7328567443174487
41.540000000000205        0.7324539768264597
41.56000000000018         0.7304910357359544
41.580000000000176        0.7253417218661317
41.60000000000017         0.7135656746547968
41.620000000000175        0.6894326069614555
41.64000000000017         0.647855401150731
41.66000000000016         0.5913301896205407
41.680000000000156        0.5308852717207677
41.70000000000015         0.47644925396254245
41.72000000000015         0.43189658404857606
41.740000000000144        0.3971976898931235
41.760000000000154        0.371099200899516
41.78000000000014         0.35229246767492817
41.800000000000146        0.3397460374202769
41.82000000000015         0.33274528805338693
41.84000000000013         0.3308910370836088
41.86000000000014         0.33406515759664573
41.88000000000013         0.3424265089288326
41.90000000000014         0.356423008651354
41.92000000000013         0.37681635170807337
41.940000000000154        0.40470463352497643
41.96000000000012         0.4414746846136364
41.98000000000014         0.48847192770525766
42.000000000000114        0.5458169093812186
42.02000000000011         0.6096652525777806
42.04000000000011         0.6699232167024005
42.0600000000001          0.7151344274851081
42.080000000000126        0.7424124586277915
42.1000000000001          0.7568163682468143
42.1200000000001          0.7642413398287395
42.140000000000114        0.7682911122302158
42.16000000000012         0.7706874346086949
42.18000000000011         0.7721531882857459
42.2000000000001          0.7728865419938555
42.2200000000001          0.7726911217176297
42.2400000000001          0.7708394731539853
42.2600000000001          0.765578583251886
42.28000000000009         0.7532203269454645
42.30000000000009         0.7277123634310434
42.320000000000086        0.6838334451346274
42.34000000000008         0.6243988718118608
42.36000000000008         0.56083695367497
42.38000000000009         0.5036791471707731
42.40000000000006         0.45680095843214696
42.42000000000008         0.42014539253526056
42.44000000000006         0.39242263424882373
42.46000000000006         0.37228283524923667
42.480000000000054        0.3586528357864739
42.50000000000005         0.3507916359198071
42.52000000000006         0.34827554360167795
42.54000000000005         0.350973559149006
42.560000000000066        0.3590436959010962
42.58000000000005         0.37294221119210963
42.600000000000044        0.39345249612380145
42.62000000000004         0.421703466451295
42.64000000000004         0.45912284734761055
42.66000000000003         0.5071113681753592
42.68000000000003         0.5658659731872104
42.70000000000004         0.6316201581702742
42.720000000000034        0.6940496646568556
42.74000000000002         0.741085747485316
42.76000000000003         0.7696825067488082
42.78000000000004         0.7850146632032421
42.800000000000026        0.7931149034574051
42.82000000000002         0.7977067695880817
42.840000000000025        0.8005804115641123
42.86000000000002         0.8024804066154909
42.880000000000024        0.803606404683417
42.90000000000003         0.8037704079240435
42.920000000000016        0.8022982376983137
42.940000000000026        0.7974637284345867
42.96000000000002         0.7854212540106504
42.98                     0.7597292905687496
43                        0.7177595254885017
43.01397164347498         0.6730950053398149
43.02220143982219         0.6424932139461209
43.02906708240948         0.6204206252676853
43.042551273943076        0.5722234783874829
43.060190208166624        0.5187180348163771
43.07213407157893         0.4829046439905612
43.1048027900531          0.4056602768261404
43.10791772023289         0.40056882637554214
43.11962057901258         0.38104209558917584
43.1497561581858          0.33003851770233034
43.15703552071306         0.32143516955637275
43.2                      0.27284427310855647
