% Model:              ModelBHUpLine.mph
% Version:            COMSOL 5.6.0.280
% Date:               Oct 21 2021, 16:48
% Dimension:          1
% Nodes:              957
% Expressions:        1
% Description:        线图
% cln1x                   Height
47.80000000000001         0.27603544718948675
47.830753207916175        0.30749067845606054
47.842280762380824        0.3199818531488673
47.88480707388225         0.38837108381419183
47.888536504578326        0.39341916420033674
47.88958788306638         0.3947475782396188
47.93005849083364         0.4873168229287056
47.93848127086213         0.5148675897114312
47.957024018232104        0.5756005937996599
47.964952884908875        0.6008703313973883
47.96971705819131         0.6153580691154779
47.98387880344494         0.6662813709343098
48                        0.7141491776238351
48.0199999999977          0.759314684625037
48.039999999996056        0.7850121769191696
48.059999999995156        0.7970378538348556
48.07999999999473         0.80182534407128
48.0999999999946          0.8032781603444973
48.11999999999457         0.8031093097281935
48.139999999994586        0.8019818904078838
48.15999999999459         0.8000827688537525
48.17999999999459         0.7972100137961248
48.1999999999946          0.7926222195790847
48.21999999999459         0.7845280032583837
48.23999999999458         0.7691881767466119
48.259999999994555        0.7405389375693077
48.279999999994516        0.6935064194199925
48.299999999994455        0.6312630056979863
48.319999999994415        0.5656282359431676
48.33999999999442         0.5068845638168744
48.35999999999438         0.4588732065493892
48.3799999999944          0.42148926667005593
48.39999999999441         0.3932705490069656
48.41999999999441         0.37278808185246304
48.43999999999441         0.3589126017471057
48.45999999999443         0.35086266061219146
48.47999999999445         0.34818282410549817
48.49999999999444         0.3507155776372535
48.519999999994454        0.3585923883154949
48.53999999999447         0.3722377603376793
48.55999999999446         0.39239464316185096
48.57999999999449         0.42014047848578
48.5999999999945          0.4568338218020851
48.61999999999452         0.5036987990378333
48.6399999999946          0.560978795824927
48.659999999994625        0.6244445022008955
48.67999999999468         0.6840233187750377
48.69999999999471         0.7278646580120626
48.71999999999473         0.7532737397572278
48.73999999999472         0.7655954944756487
48.75999999999474         0.7708495323110999
48.77999999999474         0.7726995193288286
48.799999999994775        0.7728936748986561
48.81999999999476         0.7721591321859113
48.83999999999476         0.7706924842653297
48.859999999994756        0.7682952364073081
48.879999999994766        0.764244885656028
48.89999999999477         0.7568199109464772
48.91999999999476         0.7424328072242654
48.93999999999473         0.7152304228571045
48.95999999999469         0.6700506300859346
48.979999999994654        0.6096449457910083
48.99999999999462         0.5457176780787721
49.0199999999946          0.488404520266488
49.039999999994606        0.4414476321997939
49.059999999994616        0.40469771991328873
49.07999999999462         0.3768165882617896
49.09999999999465         0.3564250331388887
49.119999999994626        0.3424286001435583
49.13999999999464         0.33406689339216
49.15999999999464         0.33089235589762367
49.17999999999464         0.3327475096704299
49.199999999994645        0.3397488450053386
49.21999999999464         0.35229864014375956
49.239999999994616        0.37110467982728584
49.25999999999454         0.397196854682836
49.27999999999436         0.4318757202815485
49.299999999993844        0.4763868803699969
49.319999999992554        0.5307891723429634
49.33999999998937         0.5913129516665488
49.35999999998148         0.6479851550450856
49.37999999996237         0.6895227886766219
49.39999999991676         0.7135733967603775
49.41999999980954         0.7253299707292806
49.4399999995614          0.7304775469187063
49.459999998996786        0.7324408023404992
49.4799999977362          0.7328413602075987
49.499999994980904        0.7323611212869497
49.519999989101464        0.7311838149984494
49.539999976894784        0.7291257472150611
49.55999995234544         0.7255144022679586
49.57999990482476         0.7187477167171643
49.59999981726102         0.7054646463687829
49.619999667147376        0.6800931700075856
49.63999943757329         0.6375654068139442
49.65999914062906         0.5802685503218599
49.67999883093766         0.5193835057696534
49.69999858429448         0.4647269050542483
49.71999845815764         0.4199483475486716
49.739998460592105        0.3849219156855726
49.7599985436946          0.35836884804802455
49.779998645715665        0.338967918210743
49.799998747563244        0.3256791490506708
49.81999885078794         0.31777449404317315
49.83999895452524         0.3148282099618345
49.8599990584217          0.31669119164666465
49.87999916229994         0.3234807321623989
49.89999926600307         0.3355865184787055
49.91999936928839         0.3536923434997004
49.939999471703445        0.3787932323821995
49.959999572394636        0.4121470756279697
49.97999966979573         0.45496060451586784
49.99999976115176         0.5072911792663044
50.0199998420815          0.5654865480978438
50.03999990723636         0.619694493903526
50.05999995312177         0.6594119106489373
50.0799999806932          0.6824091471549873
50.09999999426962         0.6936768858463159
50.11999999911337         0.6986813674298937
50.13999999999517         0.7006757952582325
50.15999999999517         0.7011926448111749
50.17999999999517         0.7008700661708431
50.199999999995185        0.6998817535777632
50.219999999995196        0.6980558726702555
50.23999999999519         0.6947601576967282
50.25999999999519         0.6884844582917798
50.27999999999518         0.676043816468953
50.299999999995165        0.6520964603202036
50.31999999999512         0.611654649652383
50.33999999999509         0.5568264342901041
50.35999999999504         0.49846151334098815
50.37999999999503         0.4459041339570112
50.39999999999502         0.4028337549617242
50.419999999995035        0.36916934586757016
50.43999999999503         0.3436721098418111
50.459999999995034        0.3250629882896587
50.479999999995044        0.31233171943957266
50.499999999995055        0.3047797042164265
50.519999999995065        0.3019985761935735
50.53999999999506         0.303846487517894
50.55999999999507         0.3104364379684883
50.57999999999508         0.32215117251043035
50.59999999999509         0.3396543731303882
50.6199999999951          0.3639149731172934
50.63999999999511         0.39616146611147623
50.659999999995144        0.4375745053096075
50.679999999995175        0.4881794790213953
50.69999999999523         0.5442958738673411
50.71999999999528         0.5965393606718992
50.739999999995334        0.6346761180601562
50.75999999999533         0.6567022216066546
50.77999999999534         0.6675202041656632
50.79999999999536         0.6723814616469086
50.81999999999534         0.6743823009195669
50.83999999999534         0.6749763585541805
50.85999999999535         0.6747692064117118
50.87999999999536         0.6739255309111248
50.89999999999536         0.672283474089459
50.919999999995355        0.6692431191215766
50.93999999999536         0.6633676228930934
50.95999999999535         0.6516009650959401
50.979999999995336        0.6287602488265869
50.99999999999531         0.5900086843611763
51.01999999999527         0.5373647692799923
51.03999999999524         0.4810052756789488
51.059999999995235        0.43021406916751453
51.07999999999523         0.38859201046584135
51.099999999995234        0.3560675181070576
51.11999999999524         0.33145607922798553
51.13999999999525         0.3135031541731701
51.15999999999526         0.3012331383048633
51.17999999999527         0.29397084350667757
51.19999999999526         0.2913220338236908
51.21999999999527         0.2931505497379262
51.23999999999527         0.29956891937839547
51.25999999999529         0.3109461745657493
51.27999999999531         0.32792957639432874
51.29999999999531         0.35146269946576475
51.319999999995325        0.3827425081723574
51.33999999999534         0.4229202166473283
51.35999999999539         0.47201947524918497
51.37999999999543         0.5264373649278011
51.3999999999955          0.5770048624838616
51.41999999999551         0.6137974042408642
51.43999999999552         0.6350098017330958
51.45999999999554         0.6454246675188886
51.47999999999554         0.6501601344161546
51.49999999999556         0.6521636605568752
51.51999999999556         0.6528207081421543
51.53999999999557         0.6527086309938036
51.55999999999558         0.6519842618021932
51.57999999999557         0.6504919400367681
51.59999999999558         0.6476582651075556
51.61999999999558         0.6421081512988189
51.63999999999557         0.6309081493736913
51.65999999999555         0.6091211414543438
51.67999999999552         0.5718596923778744
51.699999999995484        0.5208140766663268
51.71999999999545         0.4660909263109988
51.739999999995426        0.41683147272543936
51.75999999999543         0.37647998930881804
51.77999999999543         0.3449518665189763
51.799999999995464        0.3210875065043661
51.81999999999545         0.30368880600758824
51.83999999999546         0.29180808056802765
51.85999999999546         0.28478995318350775
51.879999999995455        0.2822522857320456
51.89999999999547         0.2840640608657306
51.919999999995476        0.29033556741325495
51.93999999999551         0.3014265635932857
51.95999999999549         0.31796761318820743
51.97999999999551         0.3408750172551203
51.99999999999553         0.37130946457503516
52.01999999999556         0.4103913655397607
52.0399999999956          0.4581709776543809
52.05999999999563         0.5112086598112854
52.079999999995685        0.5604670129696393
52.09999999999571         0.5960568628917176
52.11999999999573         0.6164732232717282
52.13999999999573         0.6265497252249697
52.15999999999575         0.6311653214207208
52.179999999995744        0.6331555881818824
52.19999999999575         0.6338496697639456
52.21999999999575         0.63379921282555
52.23999999999575         0.6331547919284546
52.259999999995756        0.6317664744304217
52.279999999995766        0.6290838322907127
52.29999999999576         0.6237871211878034
52.31999999999575         0.6130632740253126
52.339999999995754        0.5920744331745239
52.35999999999572         0.5560365611133152
52.3799999999957          0.5064761887725383
52.39999999999566         0.45323800329185016
52.41999999999563         0.40528619038951436
52.43999999999564         0.36600758512784837
52.459999999995645        0.33532554514692475
52.47999999999565         0.3121078903706553
52.49999999999565         0.29518736793637507
52.51999999999567         0.2836409594274793
52.53999999999568         0.2768289184486113
52.559999999995696        0.27437902108132467
52.57999999999569         0.2761642463727778
52.59999999999569         0.2822933913518666
52.61999999999569         0.29311881385372074
52.63999999999571         0.3092568270432832
52.65999999999572         0.3316049697986744
52.67999999999573         0.36130024838206254
52.69999999999576         0.39943818556661953
52.71999999999579         0.44606590844941135
52.73999999999583         0.4978035709064856
52.759999999995884        0.5456422308804446
52.7799999999959          0.5802433519889475
52.799999999995926        0.6000845985403562
52.81999999999595         0.6098615896719131
52.83999999999596         0.6143524429036145
52.85999999999597         0.6163102938938742
52.87999999999598         0.6170166627413435
52.899999999995984        0.6170043990463111
52.91999999999601         0.616417896899345
52.939999999996           0.6151127127487793
52.95999999999601         0.6125581702680817
52.979999999996004        0.6074817531171476
52.999999999996           0.5971634849212784
53.01999999999598         0.5768947490458195
53.039999999995935        0.5419497854916987
53.05999999999589         0.49371570467125536
53.07999999999587         0.4418738409817616
53.09999999999584         0.39505624334954587
53.11999999999584         0.3566936516214426
53.13999999999584         0.32674442337566106
53.15999999999584         0.3040963578512268
53.17999999999585         0.2875992433299483
53.19999999999586         0.2763469035704165
53.219999999995885        0.26971450534938224
53.23999999999586         0.267339034249285
53.25999999999588         0.2690963963103659
53.27999999999589         0.2750934215326525
53.2999999999959          0.2856726650054092
53.3199999999959          0.3014430069222106
53.339999999995925        0.32328494380618344
53.359999999995935        0.35231989029836075
53.37999999999596         0.3896288481584497
53.399999999996005        0.43522819349508374
53.419999999996044        0.4856928435449596
53.439999999996076        0.5323556423608037
53.459999999996114        0.5660108876934257
53.47999999999613         0.585260660186506
53.499999999996135        0.5947437671182555
53.51999999999615         0.599114949512846
53.539999999996155        0.6010378353036758
53.55999999999616         0.6017522380442485
53.57999999999617         0.601770405339697
53.59999999999618         0.6012319411668849
53.619999999996175        0.5999974413062917
53.639999999996185        0.5975565391552937
53.65999999999618         0.5926771992330092
53.67999999999618         0.582712859198419
53.69999999999616         0.5630380840075493
53.719999999996126        0.5290427460784931
53.73999999999608         0.48213108513294256
53.759999999996054        0.43148042231869427
53.77999999999606         0.38570861027992054
53.79999999999605         0.3482030919120505
53.81999999999605         0.3189285954246081
53.83999999999609         0.29679674590739347
53.85999999999607         0.28067969919048885
53.87999999999608         0.2696892599490472
53.89999999999608         0.26321481874301167
53.91999999999609         0.260900298349929
53.93999999999609         0.26262414596829137
53.9599999999961          0.26849118376171394
53.979999999996124        0.27884028642803094
53.99999999999611         0.29426351344050217
54.01999999999613         0.31562483653964485
54.03999999999614         0.3440233448808209
54.059999999996165        0.38051968583062706
54.079999999996204        0.4251281335091669
54.09999999999624         0.4744772616735714
54.11999999999627         0.520048801091508
54.13999999999631         0.5528383589604654
54.15999999999633         0.57156081664691
54.17999999999633         0.5807613192516803
54.19999999999636         0.58502055720431
54.219999999996354        0.5869097014238067
54.239999999996364        0.5876247100784231
54.259999999996374        0.587663287928936
54.27999999999639         0.5871609769835988
54.299999999996395        0.5859837091340073
54.3199999999964          0.5836361419114727
54.33999999999642         0.5789268143364307
54.3599999999964          0.5692865291596518
54.37999999999637         0.5502737038607808
54.39999999999634         0.5172365082321914
54.41999999999631         0.471315435018799
54.43999999999625         0.42170243992301937
54.45999999999624         0.37693698950235804
54.47999999999624         0.3402713377198715
54.49999999999627         0.311648462128858
54.51999999999626         0.29000612432159656
54.53999999999626         0.27424607996204475
54.55999999999628         0.2635014648086398
54.579999999996275        0.25717427524040654
54.59999999999628         0.25491706151417354
54.61999999999629         0.25661199269194396
54.63999999999631         0.26236210929826514
54.65999999999631         0.27249847002342653
54.67999999999632         0.28760095779692696
54.69999999999633         0.3085131374883457
54.71999999999635         0.3363064386899499
54.73999999999638         0.37201749680634405
54.7599999999964          0.41568492711860155
54.77999999999644         0.4640744616889876
54.79999999999648         0.5087423808007756
54.819999999996504        0.5406583809744941
54.83999999999652         0.5587923922967654
54.85999999999652         0.5677329340241228
54.879999999996535        0.5718784747534283
54.899999999996545        0.5737253972318354
54.91999999999655         0.5744330741544694
54.93999999999655         0.574484152063018
54.95999999999657         0.5740092958761022
54.979999999996565        0.5728774149498279
54.99999999999658         0.5706076503225004
55.01999999999657         0.5660471602005582
55.039999999996574        0.5567151796520869
55.05999999999656         0.5382381306290018
55.07999999999654         0.5060475329749766
55.099999999996506        0.4611673899789363
55.11999999999649         0.41259961330296846
55.13999999999646         0.3687558300101986
55.15999999999647         0.33284625514487337
55.17999999999648         0.3048185358898708
55.19999999999648         0.2836303736412883
55.21999999999649         0.26820451483478525
55.23999999999649         0.25769100922812777
55.2599999999965          0.25150336720401983
55.2799999999965          0.2492997511618802
55.29999999999651         0.25096520003368544
55.31999999999652         0.2566006400498923
55.33999999999652         0.26653233110140395
55.35999999999653         0.2813294111727657
55.37999999999655         0.3018208534828807
55.399999999996574        0.32905984596645854
55.419999999996584        0.36406355577702393
55.4399999999966          0.40686705692242797
55.45999999999665         0.4542744854097148
55.47999999999668         0.4978359820161124
55.49999999999671         0.5290035822756285
55.51999999999674         0.5466931988469473
55.53999999999673         0.5553854666035464
55.55999999999675         0.559412489157836
55.57999999999675         0.5612115777238725
55.59999999999675         0.5619063101767812
55.61999999999676         0.5619626696518141
55.639999999996746        0.5615071726349431
55.65999999999678         0.5604139400635575
55.67999999999676         0.558218387056709
55.699999999996784        0.5538012778097114
55.71999999999677         0.5447488013543699
55.73999999999677         0.5267848637191659
55.75999999999674         0.49539494490662217
55.779999999996704        0.4515037835488295
55.799999999996665        0.40393181835203334
55.81999999999667         0.36101928902772423
55.83999999999667         0.32579766687507394
55.85999999999668         0.29832049789359977
55.879999999996684        0.2775581366077979
55.89999999999669         0.26244717055637007
55.919999999996705        0.2521507055143855
55.939999999996694        0.24609288247323363
55.95999999999671         0.24393929226554648
55.979999999996714        0.2455760580968284
55.99999999999671         0.25110199988917
56.019999999996706        0.2608330315453054
56.039999999996674        0.2753324364239034
56.059999999996585        0.2954163317909916
56.07999999999635         0.3221264125099971
56.09999999999576         0.35646762924852315
56.11999999999427         0.39844385230016244
56.139999999990586        0.44481493867297534
56.15999999998158         0.4874459530100802
56.179999999959804        0.5178766650723714
56.199999999907945        0.5351092399966508
56.21999999978623         0.5435682859888327
56.239999999505166        0.5474895590775439
56.25999999886714         0.5492446152781588
56.27999999744646         0.5499250591246447
56.29999999435094         0.5499842923672513
56.31999998776951         0.5495460567577536
56.339999974163305        0.5484878799090985
56.35999994693413         0.5463580504624068
56.37999989452461         0.542073920639267
56.399999798560145        0.5332702708680841
56.41999963510228         0.5157339533481237
56.439999386621864        0.48505648698221704
56.45999906748017         0.44223191274731477
56.47999873973323         0.39569646315318324
56.499998490352255        0.3535556934277192
56.5199983833366          0.31902649843345177
56.539998418914756        0.292094052063142
56.55999852915514         0.2717475652451452
56.57999864083323         0.2569435886646039
56.59999874420209         0.24685600901742485
56.61999884797037         0.24092188885980784
56.63999895191203         0.23881316316917944
56.65999905588319         0.24041953060079294
56.679999159787464        0.24583780712358363
56.69999926350237         0.25538208457858946
56.7199993668076          0.2696008495931297
56.73999946927844         0.2892965623113983
56.75999957010221         0.3154930256416735
56.77999966776097         0.34917917012705624
56.799999759527324        0.39035602521194984
56.819999840979776        0.4358203970926595
56.839999906643115        0.4775487648990695
56.8599999528875          0.507246728467506
56.879999980634224        0.5240139385085146
56.8999999942643          0.532227766033581
56.919999999115376        0.5360382104843975
56.93999999999716         0.5377465842876437
56.95999999999717         0.5384112527685269
56.979999999997176        0.5384723766757626
56.999999999997186        0.5380497117950774
57.01999999999719         0.5370235944010952
57.039999999997214        0.5349542870130083
57.0599999999972          0.5307854912254479
57.079999999997206        0.5222188329849041
57.09999999999717         0.505131300435647
57.11999999999717         0.47529018820860497
57.1399999999971          0.4332578119654167
57.159999999997105        0.38757440195451226
57.17999999999707         0.346280615737857
57.19999999999708         0.3124627586695537
57.21999999999709         0.2860803689649119
57.23999999999709         0.2661460006534922
57.259999999997085        0.25163938090173665
57.279999999997095        0.24175678871507766
57.29999999999711         0.2359446090456123
57.319999999997115        0.23388127326749109
57.33999999999713         0.2354583911255899
57.35999999999713         0.2407728194333565
57.379999999997146        0.250132857129993
57.39999999999714         0.264077795590773
57.41999999999716         0.2833958422097407
57.439999999997184        0.30907233616942226
57.459999999997194        0.34213630937077866
57.47999999999722         0.38245648301498214
57.499999999997264        0.4271126368282177
57.519999999997275        0.46808769093020924
57.53999999999731         0.49704452729962506
57.55999999999731         0.5133239285246728
57.57999999999733         0.521308304254482
57.59999999999735         0.5250155553327474
57.61999999999735         0.5266788370550132
57.63999999999735         0.5273268573744331
57.65999999999735         0.5273872988678664
57.67999999999736         0.5269761596199185
57.699999999997374        0.5259771761434098
57.71999999999737         0.5239628589576141
57.73999999999737         0.5199073760886549
57.75999999999737         0.5115867900844882
57.779999999997365        0.4950027519688234
57.79999999999732         0.46579840513620974
57.81999999999732         0.424643719809951
57.8399999999973          0.37984920805585154
57.8599999999973          0.33934239107917724
57.87999999999729         0.30617100193542074
57.8999999999973          0.2803013688331513
57.91999999999731         0.260749966756447
57.93999999999731         0.2465287642453756
57.95999999999733         0.2368410397243322
57.979999999997325        0.23114407641877158
57.99999999999733         0.22912224070715287
58.01999999999735         0.2306694454714059
58.03999999999735         0.2358796746461248
58.05999999999736         0.24505559263433724
58.07999999999736         0.258725935910176
58.09999999999738         0.27766178901126626
58.11999999999738         0.3028433519602048
58.13999999999742         0.3352174382818864
58.15999999999744         0.37480685584117146
58.17999999999746         0.4185867599089531
58.19999999999748         0.45872482558067285
58.21999999999749         0.4869809842398604
58.23999999999752         0.5029371620186662
58.25999999999755         0.5107383130421778
58.27999999999754         0.5143536315898936
58.29999999999756         0.515975390256891
58.31999999999756         0.5166073529557866
58.33999999999758         0.5166657516191709
58.3599999999976          0.5162634534323887
58.37999999999759         0.5152866810421562
58.39999999999759         0.513319189361748
58.41999999999761         0.5093616396918017
58.439999999997596        0.5012443914786854
58.459999999997585        0.48505218737377664
58.479999999997546        0.4564931252493459
58.49999999999753         0.41618429582131833
58.519999999997516        0.3722743808654058
58.539999999997484        0.33260740552241813
58.559999999997494        0.3000541066533127
58.57999999999749         0.2746745121471195
58.5999999999975          0.25551023642177995
58.61999999999752         0.24157084522626932
58.639999999997514        0.23207861376787156
58.65999999999753         0.22649901030444405
58.679999999997534        0.22452222549160272
58.69999999999754         0.22604366792375583
58.719999999997555        0.23115557005714799
58.73999999999756         0.24015489767990167
58.759999999997554        0.25355967433232746
58.77999999999757         0.2721342196928779
58.79999999999758         0.29684537443980274
58.8199999999976          0.3286279092381385
58.83999999999762         0.3674758207191596
58.85999999999765         0.41032949181812706
58.87999999999768         0.4495553576845904
58.89999999999771         0.47733552677812907
58.91999999999771         0.49293948054283676
58.939999999997724        0.500563799066408
58.95999999999772         0.5040971565379966
58.97999999999774         0.5056827047073514
58.99999999999774         0.5063008624159119
59.01999999999777         0.5063579089374055
59.03999999999777         0.5059637830637796
59.05999999999777         0.5050072873684097
59.07999999999778         0.5030820711435812
59.09999999999778         0.49921442474502226
59.11999999999777         0.49126474369087175
59.13999999999776         0.4753647699688915
59.159999999997744        0.4473457769754014
59.17999999999772         0.40795487270717506
59.19999999999771         0.36498717985423657
59.219999999997704        0.32603265650125657
59.23999999999772         0.294120524028475
59.2599999999977          0.2692431303020765
59.27999999999771         0.25046029625459515
59.299999999997716        0.2368022972607687
59.319999999997734        0.22750230305282002
59.339999999997744        0.2220381556068742
59.35999999999775         0.22010625557739155
59.379999999997764        0.22160405425356675
59.39999999999774         0.22662284135184238
59.41999999999775         0.23545422102788685
59.439999999997774        0.24860823187240133
59.45999999999778         0.26683056158371005
59.47999999999781         0.29107269783822737
59.499999999997804        0.3222528901480163
59.519999999997836        0.36036484281249087
59.53999999999786         0.4024017503413728
59.559999999997885        0.440865946404321
59.5799999999979          0.4680890112725414
59.59999999999791         0.4833701472936842
59.61999999999793         0.49083456117056085
59.63999999999794         0.49429227460746983
59.659999999997936        0.4958464608302525
59.67999999999796         0.4964522651878759
59.69999999999795         0.4965083656585705
59.71999999999795         0.4961240718309168
59.73999999999797         0.49519342024297514
59.75999999999797         0.49332188893291223
59.77999999999799         0.48955068516167627
59.79999999999798         0.48178397226121605
59.819999999997975        0.4662226958878301
59.83999999999795         0.4387688567278257
59.859999999997946        0.4001537592924579
59.879999999997914        0.357935028430553
59.899999999997924        0.31974171714946265
59.919999999997906        0.2884680943077199
59.93999999999793         0.2640814965298649
59.959999999997926        0.24566435424989372
59.979999999997936        0.23226902968346524
59.999999999997954        0.22314976061714423
60.01999999999794         0.21779325809626113
60.039999999997946        0.2159018219326844
60.059999999997956        0.21737554048698973
60.079999999997966        0.22230494031862516
60.09999999999799         0.23097397466120118
60.11999999999798         0.24388342034690585
60.13999999999801         0.26176446134442727
60.15999999999801         0.2855334123914331
60.17999999999801         0.31609869050844486
60.199999999998035        0.3535424644775904
60.21999999999805         0.39479598932926907
60.23999999999808         0.43263573481326073
60.2599999999981          0.45928019046250407
60.2799999999981          0.47420532623752526
60.2999999999981          0.4815108221253821
60.31999999999812         0.48490265036545177
60.339999999998135        0.4864259698641222
60.35999999999813         0.4870200954787646
60.37999999999813         0.48707521315906527
60.39999999999813         0.48669754445752234
60.41999999999814         0.4857813176904297
60.43999999999813         0.4839370560877928
60.459999999998146        0.48022783800463126
60.479999999998164        0.4726156035978938
60.499999999998145        0.45741162870998914
60.519999999998134        0.4305457564228083
60.53999999999813         0.39256124155579136
60.55999999999812         0.3511466804576083
60.57999999999813         0.31367994341200706
60.59999999999813         0.2830033211634331
60.61999999999814         0.2590849205979586
60.639999999998146        0.2410239748166666
60.65999999999816         0.22789031470752352
60.67999999999815         0.21895211212275387
60.699999999998155        0.2137058441215753
60.71999999999816         0.21185961604726952
60.73999999999818         0.2133150946773059
60.75999999999819         0.21816185768378338
60.77999999999818         0.22667863855686632
60.79999999999819         0.2393567643720614
60.819999999998196        0.25691234630238896
60.83999999999821         0.28025649833893607
60.85999999999823         0.31026941798850366
60.87999999999824         0.34697057414768484
60.899999999998265        0.38754006249878376
60.91999999999829         0.4246877445947535
60.9399999999983          0.45077796764426814
60.959999999998324        0.4654783249944235
60.97999999999832         0.4726574752458485
60.99999999999833         0.4759859219741346
61.01999999999833         0.47748137850276895
61.03999999999834         0.47806613506487255
61.05999999999834         0.47812278618557985
61.07999999999836         0.4777554330643911
61.099999999998374        0.4768601255358388
61.11999999999837         0.4750548183215469
61.13999999999838         0.4714205982944103
61.159999999998355        0.46395804278409425
61.17999999999838         0.44904632336970474
61.19999999999834         0.4226860305885929
61.21999999999834         0.3854044139065999
61.239999999998325        0.34475038704682787
61.259999999998314        0.3079711352870845
61.27999999999835         0.2778763930639978
61.29999999999835         0.25438600446378573
61.319999999998345        0.23665613299857488
61.33999999999835         0.22376780669349897
61.35999999999836         0.2149998508251659
61.37999999999837         0.20985694705194735
61.39999999999836         0.20805232697360193
61.41999999999839         0.20948979363918704
61.43999999999839         0.2142564723297903
61.45999999999839         0.2226286892218794
61.4799999999984          0.23508857595089128
61.4999999999984          0.2523432416983517
61.519999999998426        0.27529480164916276
61.539999999998415        0.3048120877952633
61.559999999998446        0.34088910948629825
61.57999999999846         0.380675263806754
61.59999999999848         0.41706481192110784
61.61999999999851         0.44280044845847816
61.63999999999851         0.45723677728438045
61.65999999999849         0.4642879746715057
61.67999999999849         0.46755925563326767
61.69999999999851         0.46903149614727063
61.71999999999851         0.46960997043333036
61.739999999998496        0.469670168849377
61.75999999999852         0.4693145458449452
61.77999999999851         0.46844107901664106
61.79999999999852         0.46667343779062365
61.81999999999851         0.46311398556512456
61.83999999999852         0.4557838793642883
61.859999999998536        0.44109614421691923
61.87999999999853         0.41516300214561574
61.89999999999854         0.3786470011419752
61.91999999999853         0.3387844395404403
61.93999999999855         0.30263969534402
61.95999999999854         0.2730348564857168
61.979999999998554        0.2499639546971982
61.99999999999855         0.232553066361564
62.01999999999857         0.21989936304919439
62.039999999998585        0.2112956312950582
62.059999999998574        0.2062521088809418
62.07999999999858         0.20448898776902819
62.09999999999859         0.20591173074136507
62.11999999999859         0.21060617281399713
62.1399999999986          0.21884476613992795
62.159999999998604        0.2311031522755514
62.17999999999863         0.24807624719775473
62.19999999999862         0.270650013509783
62.21999999999864         0.2996798934621091
62.239999999998645        0.3351598368917642
62.25999999999866         0.37428596699879796
62.279999999998694        0.41006942951774705
62.2999999999987          0.43537412585001106
62.319999999998686        0.44956873454357593
62.3399999999987          0.4565041377540143
62.359999999998706        0.4597250571209552
62.37999999999873         0.4611783760392473
62.39999999999872         0.46175337909873226
62.41999999999874         0.4618196818389832
62.439999999998726        0.4614772151069149
62.45999999999873         0.4606259641334276
62.47999999999874         0.45889780727442514
62.49999999999874         0.4554056181341497
62.519999999998745        0.44820931079507004
62.53999999999875         0.4337802689400124
62.559999999998745        0.4082935527960108
62.57999999999875         0.37240519689941814
62.59999999999873         0.3331445383239492
62.61999999999873         0.29762487020541706
62.63999999999872         0.2685466254545211
62.659999999998746        0.2458804673883735
62.67999999999875         0.2287720259337645
62.69999999999876         0.21633903381301375
62.71999999999878         0.2078874170251974
62.73999999999876         0.20293971973876196
62.759999999998776        0.20121931919294192
62.77999999999879         0.2026334603523788
62.7999999999988          0.207266698372205
62.81999999999881         0.21538708037081702
62.83999999999882         0.22746300816302764
62.859999999998834        0.24417926259731174
62.87999999999882         0.26640902336573624
62.89999999999883         0.2949951002835612
62.91999999999885         0.32987036983874296
62.939999999998875        0.3684663299568866
62.95999999999889         0.40379963614248354
62.979999999998896        0.42866682543023854
62.99999999999892         0.44259522251681804
63.01999999999894         0.44942118514560775
63.03999999999893         0.45260259385511625
63.05999999999895         0.45404483106410143
63.079999999998954        0.45462254103230043
63.099999999998964        0.4546991888337057
63.11999999999897         0.45437384737907077
63.13999999999896         0.4535475700817781
63.15999999999901         0.45185826421574066
63.179999999998984        0.4484335110635359
63.19999999999898         0.44137420661998517
63.21999999999898         0.42723693406804086
63.23999999999898         0.40220925419551423
63.25999999999895         0.366779258199157
63.279999999998964        0.32812804807781104
63.29999999999894         0.29315826104677917
63.31999999999896         0.26453157624809764
63.33999999999895         0.24221998008993892
63.359999999998934        0.2253823314713228
63.37999999999898         0.21314979113999102
63.399999999998954        0.2048389246929804
63.41999999999898         0.1999797735873745
63.43999999999898         0.1983003359676242
63.45999999999899         0.19970979309413142
63.47999999999901         0.2042932666412527
63.499999999999005        0.2123130666011083
63.51999999999901         0.2242306943244772
63.539999999999           0.2407185355411459
63.55999999999905         0.2626322613680731
63.57999999999904         0.29079898781527636
63.59999999999905         0.325238105622492
63.61999999999907         0.3633029976617412
63.639999999999084        0.39815101176521506
63.65999999999911         0.4226790534300448
63.679999999999126        0.43641572560001396
63.69999999999912         0.4431666781802461
63.719999999999125        0.44631502806721013
63.7399999999991          0.44774949007451686
63.759999999999124        0.44833286263215927
63.77999999999911         0.4484230274971181
63.79999999999912         0.4481174216041527
63.81999999999911         0.44731891370055377
63.83999999999914         0.4456702607825423
63.85999999999914         0.4423116735136977
63.87999999999912         0.4353702195585967
63.89999999999917         0.4214484169011921
63.91999999999914         0.3967825017342918
63.93999999999915         0.3618499506503117
63.959999999999155        0.32373514405409326
63.979999999999166        0.2892502040342359
63.99999999999917         0.2610224713427656
64.01999999999917         0.23902817834662113
64.03999999999918         0.22242680828895559
64.05999999999918         0.21037263945540527
64.07999999999917         0.20218925952756578
64.09999999999918         0.1974124290315118
64.1199999999992          0.19577383221595085
64.1399999999992          0.19718422420670245
64.1599999999992          0.20172695679067684
64.17999999999921         0.2096638104455118
64.1999999999992          0.22145067760155157
64.21999999999923         0.23775556755128968
64.23999999999923         0.25943027572860916
64.25999999999927         0.28729546821974455
64.27999999999926         0.3213468052337785
64.29999999999929         0.3588956372536529
64.3199999999993          0.39323786186342746
64.33999999999932         0.4175294424332441
64.3599999999993          0.43116934296049525
64.3799999999993          0.43785325036061323
64.39999999999934         0.44097956650334763
64.41999999999933         0.44241377777652596
64.43999999999934         0.44300805918392755
64.45999999999937         0.4431159257143811
64.47999999999936         0.44283365984693457
64.49999999999936         0.4420652671173878
64.51999999999937         0.44045755225599736
64.53999999999938         0.4371632196609862
64.5599999999994          0.43031653811553083
64.57999999999936         0.41653032249778243
64.59999999999937         0.3921241820807844
64.61999999999938         0.3577088507959859
64.63999999999935         0.3201157840538997
64.65999999999936         0.2860248360309318
64.67999999999937         0.25810818201346325
64.69999999999935         0.2363632050382216
64.71999999999937         0.2199658334756129
64.73999999999937         0.20806419116976435
64.75999999999941         0.19998991464276047
64.77999999999938         0.19528498415284362
64.7999999999994          0.19368273454144927
64.8199999999994          0.19509664046249733
64.8399999999994          0.19960958811344456
64.8599999999994          0.2074810996273064
64.87999999999943         0.2191636614525151
64.89999999999944         0.23531839028583465
64.91999999999945         0.2567883986817077
64.93999999999944         0.2843881443314499
64.95999999999947         0.3181140831236687
64.97999999999945         0.35530482435181676
64.99999999999949         0.3893229303347302
65.01999999999951         0.4133919512330286
65.03999999999952         0.42691692606660436
65.0599999999995          0.433556890960608
65.07999999999953         0.4366761251089076
65.09999999999957         0.43812118353596907
65.11999999999956         0.438735295215985
65.13999999999957         0.4388688309702131
65.15999999999958         0.4386164981391303
65.17999999999958         0.43788328036231494
65.19999999999959         0.4363196535840564
65.21999999999959         0.4330830591484872
65.2399999999996          0.42632953618213354
65.2599999999996          0.4127010852985957
65.27999999999959         0.38854896330041766
65.29999999999959         0.35447469129021497
65.31999999999957         0.3171870280114771
65.33999999999956         0.28344026561288077
65.35999999999957         0.2558194311530484
65.37999999999961         0.23430042238357535
65.3999999999996          0.21807206173509802
65.41999999999956         0.20629584705777781
65.4399999999996          0.1983121570299074
65.45999999999961         0.19366771288225712
65.47999999999962         0.19210068572097705
65.49999999999962         0.1935246617172539
65.51999999999965         0.19802257464088435
65.53999999999964         0.20585275669472772
65.55999999999963         0.21746491869921253
65.57999999999966         0.23351562175530888
65.59999999999967         0.2548420835445496
65.61999999999968         0.2822537046319398
65.63999999999967         0.31574890624099705
65.65999999999968         0.3526961922764333
65.6799999999997          0.3865863421921005
65.6999999999997          0.41046285830748325
65.7199999999997          0.42387318405898855
65.73999999999972         0.43049002743267306
65.75999999999972         0.4336226404819788
65.77999999999973         0.43509391582495355
65.79999999999974         0.4357404784698528
65.81999999999974         0.4359099388607212
65.83999999999975         0.4356969117793427
65.85999999999976         0.435006317665643
65.87999999999975         0.4334909342193643
65.89999999999974         0.43031381277219455
65.91999999999977         0.4236520192786533
65.93999999999977         0.41019677418890554
65.95999999999978         0.38627661593303875
65.97999999999979         0.3523439412270341
65.99999999999983         0.31529253345984176
66.0199999999998          0.28176056274783984
66.03999999999984         0.2543128594705868
66.05999999999982         0.2329278400101294
66.07999999999984         0.2168005908991749
66.09999999999985         0.2050984380749463
66.1199999999998          0.1971661284140768
66.13999999999987         0.19255337961599037
66.15999999999984         0.1910001728869706
66.17999999999986         0.19242083724380254
66.19999999999986         0.1968992249000571
66.21999999999987         0.20469036843588845
66.23999999999988         0.21624166254933286
66.25999999999988         0.23220458108114414
66.27999999999989         0.2534080764731715
66.29999999999988         0.2806544911927583
66.3199999999999          0.3139678286394987
66.3399999999999          0.3507990124937069
66.35999999999991         0.3845442294720818
66.3799999999999          0.4083411121496893
66.3999999999999          0.421734020155521
66.41999999999993         0.42837462628490247
66.43999999999993         0.43154596258012434
66.45999999999994         0.4330635657869998
66.47999999999992         0.43375840252927383
66.49999999999993         0.4339727194098833
66.51999999999994         0.43379447267466326
66.53999999999995         0.4331180724730646
66.55999999999995         0.43157522755102484
66.57999999999997         0.4282874025674768
66.59999999999998         0.42133800943877064
66.61999999999999         0.4071942065968971
66.64                     0.38178943926352465
66.65559769164312         0.35488810213145877
66.66476540987922         0.33493507333480815
66.67061178440467         0.32382971597775084
66.68341190556379         0.29684867155697153
66.70228969623054         0.2628447134798247
66.71277886011615         0.24520516599550463
66.74882199152687         0.19842856043558782
66.75271977471068         0.19288281046473665
66.7538044842881          0.19175245102965174
66.80146059468052         0.1496771696881007
66.81537904574371         0.14052883277717498
66.84                     0.12763088137180775
