% Model:              ModelBHUpLine.mph
% Version:            COMSOL 5.6.0.280
% Date:               Oct 21 2021, 16:52
% Dimension:          1
% Nodes:              973
% Expressions:        1
% Description:        线图
% cln1x                   Height
47.80000000000001         0.2754690731253641
47.83064192577636         0.30676404815233427
47.8425242813244          0.3195953661919636
47.88779456066961         0.3924188678719368
47.88886556844966         0.39349547239528976
47.88915476787305         0.3932340234577859
47.928944174712775        0.4830107327187726
47.93768704991379         0.5115524318414294
47.956429708534344        0.5725953599116043
47.96469926199311         0.5987712651821537
47.96963853416224         0.6137716515125152
47.98361033723962         0.6640182364402158
48                        0.7126110303096485
48.01999999999771         0.7575961194029174
48.03999999999608         0.7831170264966001
48.05999999999517         0.7950083099363217
48.07999999999474         0.7997077726830409
48.099999999994616        0.8011083530267437
48.119999999994576        0.8009106077027334
48.13999999999459         0.7997672016993201
48.159999999994604        0.7978598256896254
48.179999999994614        0.7949856391046847
48.19999999999462         0.7904056070029208
48.2199999999946          0.7823359397370708
48.2399999999946          0.7670523704285191
48.259999999994584        0.7385099140620571
48.279999999994565        0.6916415512414323
48.299999999994526        0.6296002462722435
48.3199999999945          0.5641762144130995
48.3399999999945          0.5056315860933993
48.35999999999451         0.4577995584562388
48.3799999999945          0.4205741497247026
48.39999999999452         0.3924957985649745
48.41999999999452         0.37213856767840786
48.439999999994534        0.3583760970394994
48.45999999999453         0.35042957731645685
48.47999999999453         0.3478455544473565
48.499999999994564        0.350468291807479
48.51999999999456         0.3584308127349522
48.53999999999455         0.3721587182316582
48.559999999994574        0.39239619548672316
48.579999999994584        0.42022117817776933
48.59999999999461         0.45699292517778584
48.61999999999461         0.5039351620644323
48.63999999999464         0.5612910242559422
48.65999999999468         0.6248287142828732
48.67999999999472         0.6844742145468948
48.699999999994745        0.728375223355129
48.719999999994755        0.7538325585962334
48.73999999999475         0.7661844973111233
48.75999999999476         0.771453368655011
48.779999999994764        0.773309398460833
48.79999999999477         0.7735053535044293
48.81999999999477         0.7727705450644321
48.83999999999478         0.7713023874264269
48.859999999994784        0.7689024572846512
48.87999999999478         0.7648475188090786
48.89999999999479         0.7574143108641831
48.919999999994786        0.7430119820044067
48.939999999994775        0.7157834734040301
48.95999999999474         0.6705660844372889
48.97999999999472         0.6101170935935026
48.99999999999471         0.546148558506243
49.01999999999472         0.4888007811855113
49.039999999994706        0.44181697757613425
49.05999999999471         0.40504713372520657
49.07999999999472         0.3771518546378792
49.099999999994715        0.3567508060827789
49.11999999999473         0.34274868124231495
49.13999999999474         0.33438448493486367
49.15999999999476         0.33121034252683695
49.179999999994756        0.33306871055007725
49.19999999999476         0.34007622559472195
49.21999999999476         0.35263554723956153
49.23999999999475         0.3714551076578057
49.25999999999471         0.3975657468696942
49.27999999999461         0.43226921514195665
49.29999999999436         0.47681231327538176
49.319999999993684        0.5312546903748184
49.33999999999196         0.5918257046637572
49.359999999987586        0.6485468261559811
49.379999999976796        0.6901243248179819
49.39999999995048         0.7141989086981703
49.419999999887196        0.7259671553766898
49.43999999973708         0.7311199100071436
49.459999999386405        0.7330852969494067
49.47999999858102         0.7334865140888668
49.49999999676699         0.7330060873853511
49.51999999277107         0.7318279189079542
49.53999998419437         0.7297681666139209
49.559999966344385        0.7261536840968691
49.57999993058009         0.7193808350483473
49.59999986242389         0.7060848197044846
49.619999741800136        0.6806870627465265
49.639999552096675        0.6381162939340052
49.6599993025759          0.5807689356557993
49.67999904473663         0.5198361064538987
49.69999885155173         0.46513830807416895
49.71999877156785         0.4203260121269964
49.739998794160734        0.3852729230014816
49.759998865177806        0.35869926248487616
49.77999894568471         0.3392826724046967
49.79999902644828         0.3259822521252186
49.81999910721718         0.3180692746266826
49.839999187975415        0.3151175683260691
49.859999268707334        0.3169778300720204
49.87999934938035         0.32376736938621087
49.899999429924264        0.3358761104836857
49.91999951019161         0.35398832059043017
49.939999589879996        0.3790997533528884
49.95999966838621         0.41246925009951646
49.9799997445448          0.45530455136510634
49.99999981620826         0.5076636106307226
50.01999987983726         0.5658932728083869
50.03999993099001         0.6201369652196209
50.05999996663456         0.6598845485202287
50.07999998738013         0.6829015556690079
50.0999999968016          0.6941798629155707
50.11999999961078         0.6991894111403728
50.139999999995155        0.7011861514403774
50.15999999999517         0.7017039438569345
50.17999999999518         0.7013815194670144
50.199999999995185        0.7003927170466754
50.219999999995196        0.6985655080927694
50.23999999999519         0.6952669674822274
50.259999999995195        0.6889855386853929
50.279999999995205        0.6765341185182284
50.29999999999517         0.6525689876915127
50.31999999999516         0.6121008687387633
50.33999999999512         0.5572363283772629
50.359999999995125        0.4988310801330693
50.37999999999511         0.44623740406561235
50.39999999999511         0.40313763845557055
50.41999999999513         0.36945039216120756
50.439999999995145        0.34393561082464374
50.459999999995134        0.3253130545566549
50.47999999999513         0.31257154719267755
50.49999999999514         0.30501183650387736
50.51999999999514         0.30222512814448654
50.53999999999515         0.3040693420653322
50.55999999999516         0.3106574198825171
50.579999999995174        0.32237220785681303
50.59999999999518         0.3398776450138125
50.619999999995194        0.364143069164623
50.639999999995204        0.3963975091735096
50.659999999995215        0.4378222822683581
50.679999999995246        0.4884438159065685
50.699999999995285        0.5445834126230137
50.71999999999531         0.5968567767347885
50.73999999999534         0.6350222627489607
50.759999999995344        0.6570664289368555
50.77999999999533         0.6678929354892557
50.79999999999534         0.6727579465952878
50.81999999999534         0.6747605042318969
50.839999999995364        0.6753553239354152
50.85999999999535         0.6751483718878271
50.87999999999538         0.6743044277759048
50.899999999995366        0.6726614941185264
50.91999999999537         0.6696191794801774
50.939999999995365        0.6637395258054186
50.95999999999536         0.6519642717746734
50.97999999999536         0.6291074563466077
50.999999999995346        0.5903314335818821
51.01999999999532         0.5376589726787965
51.03999999999531         0.4812722234668381
51.05999999999531         0.43045776738793573
51.079999999995316        0.3888169705011241
51.09999999999533         0.3562778002805103
51.11999999999533         0.3316550146118933
51.13999999999534         0.3136933568579901
51.15999999999534         0.30141663476876024
51.17999999999535         0.29414922095680684
51.19999999999537         0.2914965807450023
51.21999999999537         0.2933223876729111
51.23999999999536         0.2997391200929397
51.25999999999537         0.3111158677093306
51.27999999999538         0.3281000476948697
51.29999999999541         0.35163547596983913
51.31999999999539         0.38291943189604416
51.33999999999543         0.423103593473912
51.35999999999545         0.47221271774291246
51.37999999999548         0.5266465376138714
51.39999999999552         0.5772378863490795
51.41999999999553         0.61405592532132
51.43999999999554         0.6352854435870381
51.459999999995546        0.6457087367692915
51.479999999995556        0.6504479835466092
51.499999999995566        0.6524532415899215
51.51999999999557         0.6531110544711598
51.53999999999558         0.6529991697613631
51.55999999999559         0.6522744851483676
51.57999999999559         0.6507811359066779
51.59999999999559         0.647945091249171
51.6199999999956          0.6423897248553024
51.63999999999561         0.6311783518648222
51.65999999999558         0.6093699409706873
51.67999999999557         0.5720793212489067
51.69999999999551         0.5210092621464358
51.71999999999553         0.46627078997155663
51.739999999995504        0.4170010682187796
51.75999999999552         0.37664150942747715
51.77999999999552         0.34510675763468635
51.799999999995514        0.3212370220360638
51.81999999999553         0.3038340297974258
51.83999999999554         0.2919499139705996
51.85999999999556         0.2849291400067125
51.879999999995555        0.28238946877693444
51.89999999999556         0.2841998570857146
51.91999999999557         0.2904706538832456
51.93999999999558         0.3015617678652778
51.95999999999559         0.31810401674554556
51.97999999999559         0.3410140723215582
51.99999999999561         0.37145310418799277
52.01999999999563         0.4105420662125143
52.03999999999566         0.4583316482040491
52.059999999995696        0.511382125979404
52.0799999999957          0.5606547335589259
52.09999999999573         0.5962572361528781
52.119999999995734        0.616682045815373
52.139999999995744        0.6267631096141218
52.159999999995755        0.6313809442947405
52.179999999995744        0.6333723020172666
52.199999999995754        0.6340669106737375
52.21999999999574         0.6340166579678623
52.23999999999577         0.6333721843033161
52.25999999999576         0.6319834898129917
52.27999999999577         0.6292998955797805
52.299999999995784        0.6240010639382326
52.319999999995765        0.6132727505984995
52.33999999999576         0.5922755109158588
52.35999999999574         0.556224673381051
52.379999999995725        0.5066487642005877
52.39999999999572         0.45339548409467795
52.41999999999572         0.40543083224455906
52.43999999999571         0.366142039702194
52.45999999999572         0.3354521399766828
52.47999999999574         0.31222842714758364
52.499999999995744        0.2953031455169603
52.519999999995754        0.28375287050451103
52.53999999999576         0.27693753199349896
52.55999999999576         0.2744846826195728
52.57999999999576         0.2762671435116386
52.599999999995774        0.28239361339146307
52.6199999999958          0.2932163928136876
52.63999999999579         0.3093517542557705
52.659999999995804        0.33169719386701313
52.679999999995815        0.3613896572656306
52.699999999995825        0.39952473790525805
52.71999999999587         0.44615056714793005
52.73999999999589         0.49789151045914126
52.75999999999591         0.5457436976452434
52.77999999999593         0.580365234479375
52.79999999999595         0.600222495650957
52.81999999999596         0.6100080566074065
52.83999999999596         0.6145028982265158
52.85999999999597         0.6164626443053214
52.87999999999599         0.6171699984796742
52.89999999999599         0.6171583217195682
52.91999999999601         0.6165722638366843
52.93999999999601         0.6152675919769447
52.959999999996015        0.6127139591598582
52.97999999999601         0.607639523977549
52.999999999996014        0.5973255256568266
53.019999999996           0.5770637697403295
53.03999999999597         0.5421234437994366
53.05999999999594         0.49388164623358843
53.07999999999591         0.44202310728679833
53.09999999999591         0.3951879923686796
53.11999999999591         0.3568113874800022
53.139999999995915        0.32685189638041834
53.159999999995925        0.3041963648705897
53.179999999995935        0.2876937177322546
53.19999999999594         0.27643707166258447
53.21999999999595         0.26980119783548145
53.23999999999596         0.2674226309260765
53.259999999995955        0.2691770783164971
53.27999999999598         0.27517116666208224
53.299999999995975        0.2857476677907039
53.319999999995986        0.30151565125816826
53.339999999996           0.3233557207609264
53.359999999996006        0.35238942354624203
53.37999999999604         0.3896980273283103
53.399999999996055        0.43529828870414694
53.41999999999608         0.48576559981047196
53.439999999996125        0.5324329177617274
53.45999999999613         0.5660933177489454
53.479999999996146        0.5853469602742429
53.49999999999615         0.5948322424667142
53.51999999999616         0.5992045711756887
53.53999999999615         0.6011281280882282
53.559999999996165        0.6018429526929232
53.579999999996176        0.6018614204258358
53.59999999999618         0.60132324900874
53.619999999996175        0.6000891819156917
53.63999999999619         0.5976491048215324
53.65999999999619         0.5927715248767133
53.679999999996184        0.5828108172566655
53.69999999999617         0.5631417446557778
53.719999999996155        0.5291504202546209
53.739999999996144        0.48223522585467027
53.75999999999612         0.4315752038387048
53.779999999996114        0.3857937428884591
53.79999999999613         0.3482809441985564
53.81999999999612         0.319001574330185
53.83999999999614         0.29686658837255564
53.85999999999615         0.28074751626442307
53.87999999999615         0.2697557156493885
53.89999999999616         0.26328029389374724
53.919999999996165        0.2609650242215267
53.939999999996175        0.26268830832174767
53.959999999996185        0.2685550341930426
53.97999999999619         0.27890426440123633
53.999999999996184        0.29432841130260645
54.0199999999962          0.3156919990838294
54.03999999999623         0.3440948927481696
54.05999999999623         0.38059852233181024
54.07999999999626         0.42521678090364384
54.099999999996285        0.4745739196063489
54.11999999999631         0.520143819863231
54.13999999999633         0.5529215021878547
54.15999999999633         0.5716320668947505
54.179999999996355        0.5808256778192095
54.19999999999638         0.5850817245168324
54.21999999999637         0.5869694657123979
54.23999999999637         0.5876838465316898
54.25999999999639         0.5877221413796089
54.2799999999964          0.587219709687713
54.2999999999964          0.5860423946707402
54.31999999999642         0.5836948022342027
54.33999999999643         0.5789854355212325
54.35999999999641         0.5693450206427637
54.37999999999639         0.5503316768384349
54.39999999999637         0.5172929430986717
54.419999999996364        0.4713691084247295
54.43999999999633         0.4217531827378317
54.45999999999632         0.37698561873626085
54.479999999996316        0.3403188510104468
54.499999999996334        0.3116956075478306
54.51999999999634         0.2900533363478526
54.53999999999633         0.2742935283660134
54.55999999999636         0.26354913502627414
54.57999999999635         0.2572220356342024
54.59999999999636         0.25496473811917525
54.61999999999635         0.2566594434095748
54.639999999996384        0.26240930684974656
54.65999999999639         0.2725455911825493
54.67999999999639         0.2876485274267328
54.69999999999641         0.3085622127636378
54.71999999999642         0.3363588248863746
54.739999999996435        0.37207577424370913
54.75999999999645         0.41575139274863987
54.77999999999648         0.46414725713675103
54.79999999999651         0.5088113690125771
54.819999999996526        0.5407126381350115
54.83999999999653         0.5588325024433803
54.85999999999656         0.5677647372087539
54.87999999999655         0.5719063219188282
54.89999999999655         0.5737514488833653
54.91999999999657         0.574458297943584
54.939999999996566        0.5745089875382853
54.959999999996576        0.5740339565040949
54.979999999996586        0.5729020169015621
54.9999999999966          0.570632287440681
55.01999999999659         0.5660719476080291
55.03999999999659         0.5567403066314921
55.05999999999657         0.5382638052343871
55.079999999996545        0.5060736817689944
55.09999999999654         0.46119353476985614
55.11999999999654         0.41262561405070414
55.13999999999653         0.368782067783503
55.15999999999653         0.3328731869548449
55.17999999999653         0.30484640289034093
55.19999999999655         0.2836591672033416
55.21999999999657         0.26823405941536405
55.23999999999657         0.25772105290588615
55.25999999999656         0.25153331968486775
55.27999999999657         0.2493291407947144
55.29999999999658         0.2509932202861481
55.3199999999966          0.25662661174838075
55.33999999999659         0.26655557263703344
55.3599999999966          0.28134947324999876
55.379999999996606        0.3018373385561187
55.39999999999662         0.3290723265891562
55.41999999999664         0.36407179593151145
55.43999999999666         0.4068711035095041
55.45999999999668         0.45427471207051157
55.47999999999672         0.49783309585087865
55.49999999999673         0.5289984081187068
55.519999999996756        0.5466864819141565
55.53999999999676         0.5553776966162526
55.55999999999675         0.5594039043761664
55.57999999999676         0.5612022927348788
55.59999999999677         0.5618964348848259
55.61999999999679         0.5619523431371019
55.639999999996775        0.5614964156088256
55.659999999996785        0.5604022531984709
55.67999999999679         0.5582051821281815
55.699999999996784        0.5537868387499184
55.71999999999679         0.544735448022434
55.73999999999676         0.5267746895018534
55.759999999996765        0.49538847861802676
55.77999999999673         0.4515007766628668
55.79999999999672         0.4039317010677229
55.81999999999673         0.361021215763199
55.839999999996756        0.32580155108989556
55.859999999996745        0.29832665276364284
55.87999999999675         0.2775673285888073
55.89999999999676         0.2624595306252073
55.91999999999676         0.25216448255205054
55.93999999999677         0.24610655652490335
55.959999999996775        0.2439261040795285
55.97999999999679         0.2455604474328675
55.99999999999679         0.25108261453687397
56.01999999999679         0.2608110834575226
56.03999999999681         0.2753151620849024
56.059999999996826        0.29542454780825217
56.07999999999682         0.3222065806438755
56.09999999999684         0.356695229658329
56.11999999999686         0.3988062953684777
56.13999999999689         0.44475190930584735
56.15999999999689         0.4862216466384351
56.17999999999693         0.5170221385902203
56.19999999999693         0.5349641420906859
56.21999999999696         0.5436424386597458
56.239999999996975        0.5475588153513979
56.259999999996985        0.5492751065896683
56.279999999997           0.5499289138719515
56.299999999997           0.5499791298128978
56.31999999999701         0.549549006760144
56.32000005625343         0.5495490049225478
56.33999999999701         0.5485161749141849
56.35999992568209         0.546424999993401
56.35999999999703         0.5464229721076782
56.379999999997054        0.5421397030763685
56.399999901438264        0.5331094131402699
56.39999999999703         0.533109351263455
56.400000098555935        0.5331175690813209
56.41999999999702         0.514849960557592
56.42000011548381         0.5149178906844573
56.43999999999695         0.4837838058728536
56.44000010947928         0.48390436896223543
56.45999999999691         0.44211405206042476
56.46000012049649         0.44211877883680556
56.47999999999687         0.39601207255471593
56.49999987484041         0.3537468052930143
56.49999999999685         0.3537465643586788
56.500000125153306        0.3536946984566083
56.519999999996834        0.31907901218702805
56.5200001217332          0.31905917984699117
56.53999999999682         0.2920811826547213
56.540000115770034        0.2920770834521117
56.55999999999684         0.27171303735094465
56.560000108620116        0.271714064077646
56.57999999999687         0.2569059150184126
56.580000101083996        0.2569058531394772
56.599999999996854        0.2468211382485125
56.61999999999686         0.24089024885689522
56.62000008582603         0.24089023182020797
56.639999999996874        0.23878356184429197
56.640000078190624        0.23878356084800187
56.65999999999688         0.24038965102143145
56.67999999999688         0.2458072664930438
56.680000062926716        0.24580728977314117
56.69999999999691         0.25535227105272007
56.719999999996915        0.26957853683509875
56.73999999999692         0.2893011604122191
56.759999999996936        0.3155696508924056
56.77999999999697         0.3494020346250935
56.79999999999699         0.3907110105748937
56.81999999999703         0.43574713647847135
56.83999999999708         0.47632095246620265
56.85999999999711         0.5064048735936544
56.87999999999714         0.5238745589306522
56.89999999999715         0.5323004685027485
56.91999999999715         0.536104721653938
56.93999999999718         0.5376918909284604
56.95999999999717         0.5383565548920461
56.97999999999718         0.5384179193685165
56.999999999997186        0.5379958833924163
57.019999999997204        0.5369712691953937
57.03999999999722         0.5349053238186937
57.05999999999721         0.5307422594662069
57.07999999999721         0.5221869754856576
57.09999999999719         0.5051183985529446
57.11999999999717         0.4752979363748839
57.13999999999712         0.43327430453079063
57.15999999999711         0.38758862355827073
57.17999999999708         0.34628967588594867
57.1999999999971          0.3124681757536765
57.21999999999709         0.2860840187887922
57.2399999999971          0.26614903336844326
57.259999999997106        0.251642289231668
57.279999999997116        0.2417594626103656
57.29999999999713         0.2359465735682511
57.31999999999711         0.23388173997677345
57.33999999999714         0.23545634245435557
57.35999999999714         0.24076695340452733
57.37999999999715         0.25012211813807217
57.399999999997156        0.2640609754980842
57.41999999999717         0.2833709491863944
57.43999999999719         0.30903687306081284
57.459999999997216        0.34208742643237106
57.47999999999723         0.3823921375899218
57.49999999999727         0.42703455026885384
57.51999999999729         0.46800530034666843
57.53999999999731         0.49696923533577314
57.55999999999733         0.5132579752396416
57.579999999997334        0.5212483506114683
57.59999999999736         0.5249584928788246
57.619999999997354        0.5266230160692159
57.63999999999736         0.5272715453021951
57.65999999999736         0.5273322127034668
57.67999999999737         0.5269212151522127
57.699999999997395        0.5259223251489135
57.71999999999738         0.5239079813645775
57.73999999999739         0.519852157865516
57.75999999999737         0.5115306061154875
57.77999999999738         0.494945063851075
57.79999999999735         0.465741102292472
57.81999999999732         0.4245917113165399
57.83999999999732         0.37980662144360344
57.8599999999973          0.33930972975035323
57.87999999999731         0.306146961236581
57.89999999999731         0.2802843952993918
57.91999999999732         0.26073865677470776
57.93999999999732         0.24652186295270134
57.95999999999735         0.23683741298208505
57.97999999999734         0.23114269743207516
57.99999999999734         0.22912217874319224
58.01999999999735         0.23066971367033398
58.039999999997356        0.23587938513508278
58.05999999999739         0.24505401004643465
58.079999999997376        0.2587224981773094
58.099999999997394        0.2776561715345419
58.1199999999974          0.30283550622709193
58.139999999997414        0.3352076795726458
58.15999999999745         0.3747954949245377
58.17999999999747         0.4185726085253539
58.1999999999975          0.45870359242157777
58.219999999997505        0.48694859208324415
58.23999999999753         0.5028951186888708
58.25999999999755         0.5106904828021187
58.27999999999756         0.5143028354257279
58.29999999999755         0.515923051215275
58.31999999999757         0.5165542088866103
58.33999999999759         0.5166123175889735
58.359999999997605        0.5162101137411131
58.3799999999976          0.5152336521597658
58.399999999997604        0.513266605887475
58.41999999999761         0.5093097826386108
58.43999999999762         0.5011940279308474
58.45999999999758         0.48500446046440676
58.47999999999756         0.4564497395415941
58.49999999999753         0.41614694049746614
58.519999999997516        0.37224390779623967
58.539999999997505        0.33258368172175806
58.5599999999975          0.30003649599107324
58.57999999999753         0.274662163133318
58.599999999997515        0.25550223925525034
58.619999999997525        0.24156627793107718
58.639999999997535        0.23207655564037308
58.65999999999754         0.22649854907573705
58.67999999999755         0.2245224759344733
58.69999999999756         0.2260437855616235
58.719999999997576        0.23115467850691376
58.73999999999757         0.24015214592494533
58.75999999999757         0.25355429191868095
58.77999999999759         0.2721255691280761
58.7999999999976          0.29683302524419314
58.819999999997634        0.32861166716728935
58.839999999997644        0.36745559340428313
58.85999999999766         0.41030466072467126
58.87999999999769         0.44952429507664793
58.8999999999977          0.4772971800733166
58.91999999999773         0.49289544188307544
58.939999999997724        0.5005165994735773
58.95999999999774         0.5040485003922387
58.979999999997744        0.5056334016435402
58.999999999997755        0.5062512530019609
59.01999999999777         0.5063081701471771
59.039999999997775        0.5059140914679328
59.05999999999778         0.5049579129049263
59.07999999999775         0.5030334793684241
59.099999999997785        0.4991675228679233
59.11999999999779         0.4912212743932673
59.13999999999777         0.4753272151004187
59.159999999997765        0.4473155934367235
59.17999999999773         0.4079308922291206
59.199999999997736        0.3649677285250737
59.21999999999772         0.32601709356476144
59.23999999999772         0.29410872340201644
59.259999999997724        0.26923487951120917
59.279999999997735        0.2504551692671228
59.29999999999774         0.236799697220104
59.319999999997755        0.22750151676350075
59.339999999997765        0.2220383918362859
59.35999999999777         0.22010666909222806
59.379999999997764        0.22160376120230396
59.39999999999776         0.22662093041005205
59.41999999999776         0.23544976117244987
59.43999999999778         0.2486002682559671
59.4599999999978          0.2668181046533737
59.47999999999783         0.2910547035640919
59.499999999997826        0.3222283894140179
59.51999999999784         0.3603331230158505
59.53999999999787         0.4023630333969575
59.55999999999789         0.44082172487180393
59.579999999997916        0.46804157613710934
59.59999999999792         0.48332114666902315
59.61999999999793         0.4907846748155068
59.63999999999794         0.49424179709383864
59.65999999999794         0.4957955887485451
59.67999999999796         0.49640119830192586
59.69999999999796         0.4964567600139703
59.71999999999797         0.4960710038863158
59.73999999999798         0.4951364471367842
59.75999999999798         0.4932564727821713
59.779999999998           0.48947421519712614
59.799999999997986        0.4816984156645616
59.81999999999798         0.466133992964321
59.839999999997964        0.43868447731821264
59.85999999999795         0.40007853618424943
59.87999999999793         0.3578708208117675
59.899999999997924        0.3196882591139833
59.91999999999792         0.28842424118536564
59.93999999999794         0.26404589041315846
59.95999999999793         0.24563567095094593
59.97999999999794         0.23224601360168057
59.99999999999797         0.22313122085429676
60.01999999999796         0.21777803680831428
60.03999999999796         0.21588872608362195
60.05999999999798         0.21736294836721975
60.07999999999798         0.2222908079992625
60.099999999998005        0.230958082630099
60.11999999999798         0.24386560817655914
60.13999999999801         0.2617434444703523
60.15999999999801         0.2855080244063794
60.17999999999804         0.3160682491947397
60.19999999999807         0.35350639312890314
60.21999999999807         0.39475507853123193
60.23999999999809         0.4325910616740453
60.25999999999811         0.45923404542837665
60.279999999998125        0.47415909624825636
60.299999999998136        0.48146484500692194
60.31999999999813         0.4848567244357328
60.339999999998135        0.48637969368053013
60.35999999999814         0.4869732185318615
60.379999999998134        0.48702787110699675
60.399999999998144        0.4866500616900661
60.41999999999814         0.4857339882356081
60.439999999998165        0.4838901703828082
60.45999999999816         0.48018178524466776
60.47999999999816         0.47257103645783854
60.49999999999815         0.45736964783342743
60.519999999998134        0.4305078521901371
60.53999999999814         0.3925287272080027
60.55999999999813         0.35112009073902256
60.57999999999814         0.3136590859431018
60.59999999999813         0.2829876023216345
60.61999999999816         0.2590735908503805
60.63999999999816         0.2410161811902861
60.65999999999816         0.22788516135969084
60.679999999998174        0.21894868123368194
60.69999999999817         0.21370322887890275
60.71999999999818         0.21185692012289226
60.73999999999819         0.21331141281580582
60.75999999999819         0.21815624842184156
60.77999999999819         0.22667012731339867
60.7999999999982          0.23934435596526316
60.81999999999822         0.25689502836066996
60.83999999999823         0.2802332540860738
60.85999999999822         0.3102392820206307
60.87999999999825         0.34693281049807145
60.899999999998286        0.38749459400603403
60.919999999998296        0.4246356965034601
60.939999999998314        0.4507214780779744
60.95999999999833         0.4654193103160659
60.97999999999832         0.4725971322864235
60.999999999998344        0.47592483099710997
61.01999999999834         0.4774198101842162
61.03999999999835         0.47800425355420795
61.059999999998354        0.47806075171145634
61.079999999998364        0.4776934398979886
61.09999999999837         0.4767984015574832
61.11999999999837         0.4749936335385351
61.13999999999838         0.47136034443148295
61.15999999999838         0.46389943437472375
61.17999999999837         0.44899067738772824
61.19999999999836         0.4226352947914506
61.219999999998336        0.3853604878682266
61.239999999998325        0.34471418195163267
61.25999999999831         0.3079425071190158
61.27999999999831         0.27785462997601973
61.29999999999832         0.254370203176478
61.31999999999833         0.23664533119555572
61.339999999998334        0.2237610461138442
61.35999999999833         0.2149961876836134
61.37999999999834         0.20985545118294835
61.39999999999834         0.20805207804588097
61.41999999999836         0.20948988293851295
61.43999999999836         0.21425601401309766
61.459999999998374        0.22262682674453885
61.479999999998384        0.23508447352596154
61.49999999999838         0.2523360873167103
61.51999999999839         0.2752838273626183
61.53999999999841         0.30479661376565326
61.55999999999843         0.3408686580710855
61.579999999998435        0.380649797117166
61.59999999999847         0.41703498709068865
61.6199999999985          0.4427674963974577
61.63999999999848         0.4572019123050074
61.65999999999849         0.4642519813903444
61.67999999999851         0.46752250746320667
61.699999999998504        0.46899415560928487
61.71999999999851         0.4695721386349223
61.73999999999851         0.4696319476206585
61.75999999999852         0.46927605391970767
61.77999999999852         0.4684024549019352
61.799999999998526        0.4666348429197659
61.819999999998515        0.4630756236054057
61.83999999999853         0.4557460752816311
61.85999999999853         0.4410595892610645
61.87999999999854         0.41512916198760047
61.899999999998556        0.3786179383086814
61.91999999999854         0.3387615356599438
61.93999999999855         0.30262314902585974
61.95999999999855         0.27302416253855544
61.97999999999856         0.24995837288843745
61.99999999999857         0.23255180331006767
62.01999999999857         0.21990161899374258
62.03999999999861         0.21130060901447706
62.05999999999858         0.20625901686920034
62.07999999999859         0.20449704020350998
62.099999999998595        0.20592015060226418
62.119999999998605        0.21061419631741343
62.139999999998615        0.2188516522298049
62.15999999999862         0.23110820969340304
62.179999999998635        0.24807888770915162
62.199999999998624        0.2706496888044376
62.21999999999864         0.29967610150811336
62.23999999999866         0.3351520893547461
62.259999999998676        0.3742743994519687
62.27999999999871         0.4100551021772372
62.2999999999987          0.43535848847675784
62.31999999999871         0.44955272669804747
62.33999999999872         0.45648804636896817
62.35999999999872         0.4597087968512677
62.37999999999873         0.4611618101118634
62.39999999999873         0.46173644436685823
62.41999999999874         0.46180239194739864
62.43999999999874         0.4614596442215524
62.45999999999874         0.4606082360012196
62.479999999998746        0.4588801053843641
62.49999999999876         0.45538824973763187
62.51999999999876         0.448192861943063
62.53999999999876         0.4337657250747315
62.55999999999876         0.4082819407115348
62.57999999999875         0.3723970124178421
62.59999999999874         0.33313992484490446
62.61999999999873         0.2976239215991795
62.63999999999871         0.2685493069897139
62.65999999999873         0.24588656672727702
62.679999999998735        0.2287811838213796
62.699999999998745        0.2163507883218394
62.71999999999875         0.2079012385309657
62.739999999998744        0.20295503673311688
62.75999999999876         0.20123553858965393
62.779999999998736        0.2026499850943775
62.799999999998775        0.20728294407532005
62.819999999998764        0.21540249218036628
62.839999999998774        0.22747708004068035
62.85999999999879         0.24419156241659457
62.879999999998795        0.26641922436012433
62.89999999999885         0.2950030229922898
62.919999999998836        0.32987603793264103
62.93999999999886         0.36846998322825697
62.95999999999891         0.4038017119958182
62.979999999998896        0.4286677997588762
62.99999999999892         0.4425954455673738
63.01999999999894         0.44942084561534773
63.03999999999895         0.4526017742887376
63.059999999998965        0.4540435790443218
63.079999999998954        0.4546209118864141
63.09999999999899         0.45469726384504205
63.11999999999898         0.4543717421751811
63.13999999999899         0.45354543845348066
63.15999999999898         0.4518563019540654
63.179999999998984        0.4484319778159653
63.19999999999901         0.44137348658632247
63.21999999999898         0.42723757774398674
63.23999999999898         0.40221181436299236
63.25999999999894         0.36678405149481624
63.27999999999895         0.32813535437849667
63.29999999999894         0.29316838552514535
63.319999999998934        0.2645446972435273
63.33999999999894         0.24223608449960368
63.35999999999896         0.22540124473084963
63.379999999998965        0.2131712226643208
63.39999999999897         0.20486250793646615
63.41999999999898         0.2000050974967371
63.43999999999897         0.19832697127533183
63.45999999999899         0.19973731670929357
63.47999999999901         0.2043212864546496
63.49999999999901         0.2123412482604796
63.51999999999904         0.22425879217524824
63.53999999999901         0.24074642786321154
63.559999999999036        0.2626599906777091
63.57999999999905         0.2908267960840187
63.59999999999907         0.3252664197471883
63.619999999999095        0.3633322751210986
63.63999999999907         0.3981814136962128
63.65999999999911         0.4227102668955337
63.679999999999126        0.4364472663614992
63.69999999999912         0.4431981590256026
63.71999999999911         0.4463461790175913
63.739999999999114        0.447780146564596
63.75999999999911         0.4483629550394507
63.77999999999911         0.4484525600087349
63.79999999999912         0.44814644531963227
63.81999999999914         0.4473474972799789
63.83999999999915         0.445698456547021
63.859999999999154        0.44233947017574404
63.87999999999913         0.4353974707436235
63.89999999999915         0.42147481730943
63.919999999999156        0.39680781017872835
63.93999999999915         0.36187440687371986
63.95999999999917         0.3237593391382471
63.979999999999166        0.28927470647805026
63.99999999999918         0.2610476691257704
64.01999999999919         0.23905426121608245
64.03999999999918         0.22245379270345558
64.05999999999919         0.2104003968962269
64.0799999999992          0.2022175516009899
64.09999999999918         0.1974409373815809
64.1199999999992          0.19580218545889688
64.13999999999922         0.1972120228139851
64.15999999999921         0.2017537970317879
64.17999999999923         0.209689308660193
64.19999999999922         0.22147449621359228
64.21999999999926         0.2377774433553728
64.23999999999924         0.25945005590449055
64.25999999999927         0.28731315343518865
64.27999999999929         0.32136261266922583
64.29999999999929         0.3589100729651098
64.3199999999993          0.39325164097367876
64.33999999999932         0.41754309092395797
64.35999999999932         0.43118291017260857
64.37999999999934         0.43786655263307384
64.39999999999934         0.4409924279110564
64.41999999999933         0.44242610788237896
64.43999999999936         0.44301985459897913
64.45999999999935         0.4431272489739778
64.47999999999938         0.44284461534562025
64.4999999999994          0.4420759807705471
64.51999999999938         0.4404681570763334
64.53999999999944         0.437173852562592
64.55999999999938         0.4303273642137481
64.57999999999937         0.4165415617755965
64.59999999999938         0.39213609161671575
64.61999999999938         0.35772173493693943
64.63999999999936         0.3201300751808739
64.65999999999936         0.28604097841879766
64.67999999999938         0.2581264631910759
64.69999999999936         0.23638370877265424
64.71999999999937         0.2199884693363111
64.73999999999938         0.20808873952554885
64.75999999999941         0.20001606465853475
64.7799999999994          0.1953123653950298
64.7999999999994          0.19371094599638897
64.8199999999994          0.19512527571996888
64.83999999999942         0.1996382606590021
64.85999999999945         0.2075094689815393
64.87999999999944         0.2191914622892532
64.89999999999945         0.2353454651606889
64.91999999999946         0.25681473460865556
64.93999999999946         0.28441391063521265
64.95999999999951         0.31813965823887913
64.97999999999948         0.355330764284705
64.99999999999952         0.38934975052724646
65.01999999999953         0.41341973508493274
65.03999999999952         0.42694526260604565
65.05999999999952         0.4335853236718899
65.07999999999956         0.43670439915772985
65.09999999999957         0.4381492012240077
65.11999999999958         0.43876304120688886
65.13999999999959         0.43889633387867305
65.15999999999958         0.43864380838502515
65.1799999999996          0.43791044980342136
65.19999999999962         0.43634671049123813
65.21999999999962         0.4331099714003313
65.2399999999996          0.4263561601690458
65.25999999999961         0.4127271537244542
65.27999999999959         0.3885742713446298
65.2999999999996          0.3544994346993431
65.31999999999958         0.3172117683119011
65.33999999999959         0.2834655907925731
65.35999999999959         0.25584574595651416
65.37999999999961         0.23432792289325294
65.3999999999996          0.2181007582817017
65.41999999999962         0.2063256032591119
65.43999999999961         0.19834272728214863
65.45999999999964         0.19369877642128486
65.47999999999963         0.19213187685501948
65.49999999999966         0.19355559765980584
65.51999999999965         0.19805288277508815
65.53999999999968         0.2058821029370882
65.55999999999968         0.2174930386947252
65.57999999999967         0.2335423578164621
65.59999999999968         0.2548674276726536
65.61999999999969         0.2822778421324117
65.6399999999997          0.3157722297378955
65.65999999999971         0.35271920526539247
65.67999999999971         0.3866094023506403
65.69999999999972         0.4104859900365373
65.71999999999971         0.4238962176322971
65.73999999999972         0.43051279396153064
65.75999999999974         0.4336450213809068
65.77999999999973         0.4351158376507825
65.79999999999974         0.4357619044109695
65.81999999999975         0.43593086298039624
65.83999999999976         0.4357173572925319
65.85999999999979         0.43502633801895046
65.87999999999975         0.4335106139286577
65.89999999999975         0.43033327005698746
65.91999999999977         0.4236714264862309
65.93999999999976         0.41021639748116195
65.95999999999978         0.386296857084207
65.9799999999998          0.3523654405134876
65.99999999999983         0.31531615816660785
66.01999999999983         0.28178715576981583
66.03999999999982         0.25434304108289246
66.05999999999983         0.23296197634591856
66.07999999999983         0.21683884410711632
66.09999999999984         0.2051408310802915
66.11999999999985         0.1972126032651331
66.13999999999989         0.19260384860091256
66.15999999999987         0.19105456549203984
66.17999999999986         0.1924791464307222
66.19999999999987         0.1969615573716715
66.21999999999989         0.20475699830762042
66.23999999999988         0.21631309964111614
66.25999999999989         0.2322816448044863
66.2799999999999          0.2534919651970163
66.29999999999991         0.2807467911077589
66.31999999999991         0.3140702691703412
66.33999999999992         0.3509125959551392
66.35999999999991         0.38466784232234313
66.37999999999992         0.4084714856855339
66.39999999999992         0.42186789015652226
66.41999999999993         0.42850991692372165
66.43999999999994         0.4316816166288859
66.45999999999994         0.43319912536313243
66.47999999999993         0.4338937364988074
66.49999999999994         0.43410787294870373
66.51999999999995         0.4339295729157565
66.53999999999996         0.4332532631999329
66.55999999999996         0.43171063427084544
66.57999999999998         0.4284231262540447
66.60000000000001         0.4214740059555549
66.61999999999999         0.40732939144631497
66.64                     0.38191895345366006
66.6555846717089          0.3550328761327907
66.6647784946772          0.33502645008501153
66.6705692387484          0.3240245612724469
66.68340220457918         0.2969689754474345
66.70224296969877         0.26299963192178427
66.71268159133687         0.24543600930439083
66.7463833616352          0.20174507312691564
66.75272308016574         0.19283214460957201
66.75460258417345         0.19087666440924364
66.80179965437905         0.1494505170728206
66.81688714920544         0.13958665536412776
66.84                     0.12758908322493853
