% Model:              ModelBHUpMagnet.mph
% Version:            COMSOL 5.6.0.280
% Date:               Oct 21 2021, 16:25
% Dimension:          1
% Nodes:              955
% Expressions:        1
% Description:        线图
% cln1x                   Height
47.800000000002015        0.28158985543959564
47.82000000000199         0.30041421440082755
47.840000000001986        0.32242484141998623
47.86000000000198         0.34836080804628317
47.88000000000196         0.3791592073303425
47.900000000001945        0.415958775862643
47.920000000001934        0.4600129142836096
47.94000000000191         0.5122821480323815
47.960000000001905        0.5721681313675862
47.98000000000187         0.6349393822038676
48.00000000000185         0.6903181957448352
48.02000000000182         0.7281258737529085
48.04000000000181         0.7470954432669992
48.060000000001814        0.7533488488878787
48.0800000000018          0.7535109861219359
48.100000000001806        0.7515381210899094
48.1200000000018          0.7491008162714353
48.14000000000179         0.7466286953366976
48.16000000000181         0.743986968563029
48.1800000000018          0.7407517382830464
48.2000000000018          0.736130190510943
48.2200000000018          0.7284724468837338
48.24000000000179         0.7143930453515015
48.26000000000181         0.6883153448696282
48.2800000000018          0.6453542628708918
48.3000000000018          0.5881931300748968
48.320000000001826        0.5278828865121139
48.34000000000183         0.47416207530762267
48.36000000000183         0.4306513577144269
48.38000000000185         0.3972135338458914
48.400000000001846        0.37245119115566055
48.42000000000185         0.3550123657101754
48.44000000000184         0.3438417097532796
48.46000000000184         0.33822160068219137
48.48000000000185         0.3377473169290508
48.50000000000185         0.34230432958007645
48.520000000001836        0.35205284909811785
48.54000000000184         0.3674423250989726
48.560000000001835        0.38922764779774516
48.58000000000184         0.41849380455571855
48.600000000001835        0.45659778568682624
48.62000000000183         0.5048262895405515
48.64000000000181         0.5631782009246621
48.66000000000179         0.6275988446403898
48.680000000001776        0.6879074374674374
48.70000000000176         0.7322292386940548
48.72000000000175         0.7578826492329573
48.74000000000176         0.770269440979541
48.76000000000174         0.7754853285451841
48.78000000000174         0.7772512287218134
48.80000000000173         0.7773435748518487
48.82000000000172         0.7765035389762528
48.840000000001716        0.7749314450739277
48.86000000000172         0.7724297252192033
48.880000000001715        0.7682724570066902
48.90000000000171         0.7607287556345418
48.92000000000171         0.7461935554186214
48.940000000001724        0.7187896132620726
48.96000000000174         0.6733506990173255
48.98000000000175         0.6126707564184445
49.000000000001755        0.5485064209276955
49.02000000000176         0.4910182407998705
49.040000000001754        0.4439502386505902
49.06000000000178         0.4071451623750485
49.08000000000176         0.3792551095690091
49.10000000000177         0.35889359993070113
49.12000000000175         0.3449615638466444
49.14000000000175         0.3366964554234249
49.16000000000175         0.33365080413455067
49.180000000001755        0.3356663549357276
49.20000000000175         0.34286392850130043
49.22000000000177         0.355650429499387
49.24000000000179         0.374741254446443
49.260000000001824        0.40117313858465103
49.28000000000195         0.4362538094297498
49.30000000000225         0.4812378331368659
49.32000000000302         0.5361817759437706
49.34000000000496         0.5972883714402296
49.36000000000978         0.6545157091478819
49.3800000000216          0.6964791062537655
49.40000000005028         0.7207688061144426
49.42000000011884         0.7326138016619409
49.44000000028052         0.7377657704610697
49.46000000065564         0.7396947633729485
49.480000001510476        0.7400438010648149
49.50000000341842         0.7395041769471208
49.52000000757639         0.7382615185544823
49.54000001638804         0.7361306612986168
49.56000003444954         0.7324307799151415
49.58000006997897         0.7255389774251932
49.60000013620028         0.7120558390410565
49.62000025026857         0.6863600534876497
49.64000042341773         0.6433699796395559
49.66000063859238         0.5855379340062727
49.68000083653645         0.524139268751757
49.700000944864335        0.4690474526660174
49.7200009356215          0.42392625356822977
49.740000855702114        0.38864322348604174
49.760000776218746        0.3619076613699812
49.78000071566494         0.3423892816346193
49.800000660776284        0.3290337887212809
49.820000605951115        0.321109715958611
49.84000055113814         0.31819160210667435
49.86000049634348         0.320128221363137
49.88000044158886         0.32703766523154437
49.900000386921846        0.3393133878411466
49.92000033244255         0.3576457891351799
49.9400002783562          0.38303979517295383
49.96000022507222         0.4167642562159287
49.980000173381626        0.46003602547052763
50.000000124741995        0.5130086637246355
50.020000081555544        0.5717152392947278
50.04000004683699         0.6265157293136987
50.06000002264423         0.6667060884566935
50.08000000856373         0.6899919222285592
50.10000000216915         0.7013915830046525
50.12000000026251         0.7064362589446979
50.14000000000164         0.7084271624220255
50.16000000000163         0.7089200139010658
50.18000000000161         0.7085624830375329
50.20000000000162         0.7075304216670137
50.22000000000163         0.7056500693915907
50.24000000000162         0.7022800081730932
50.260000000001604        0.6958880963975668
50.28000000000163         0.6832469868203108
50.30000000000164         0.6589593562924208
50.32000000000163         0.6178942963396358
50.34000000000163         0.5626138830353583
50.36000000000163         0.5036618558282199
50.38000000000164         0.4506073995330884
50.40000000000163         0.4071368595292669
50.42000000000164         0.37316408158108844
50.440000000001646        0.3474382344428973
50.46000000000163         0.3286687148140365
50.480000000001645        0.3158361180879133
50.50000000000162         0.30823519047388104
50.52000000000162         0.3054540037135202
50.540000000001626        0.30734996553715893
50.560000000001615        0.31403765564299546
50.58000000000161         0.3259031186458582
50.600000000001614        0.34361646298772075
50.62000000000162         0.36815651017827256
50.64000000000161         0.4007638002762479
50.66000000000163         0.44262896864798074
50.6800000000016          0.4937774507949079
50.7000000000016          0.5505021926998276
50.72000000000157         0.6033454011797323
50.74000000000157         0.6419660179457928
50.76000000000155         0.6642937761609896
50.78000000000156         0.6752570804467666
50.80000000000155         0.6801711664307368
50.82000000000154         0.6821797702921566
50.84000000000154         0.6827599998580831
50.860000000001534        0.6825267639365501
50.880000000001544        0.6816475679162844
50.900000000001526        0.6799582394411894
50.920000000001544        0.676849681858557
50.94000000000153         0.6708631650892969
50.960000000001536        0.6588996125015344
50.980000000001546        0.6357192190586226
51.00000000000155         0.596465193080017
51.020000000001566        0.5432242111630802
51.040000000001584        0.48627691804143935
51.06000000000158         0.43497437889278606
51.08000000000159         0.39293804295334117
51.10000000000159         0.36009192886202607
51.120000000001575        0.33523915947750105
51.14000000000157         0.31711285751400103
51.16000000000157         0.30472842937046785
51.18000000000157         0.2974045172457294
51.20000000000158         0.2947429169229313
51.22000000000157         0.29660606968144115
51.24000000000158         0.303107943650121
51.260000000001575        0.31462196540823995
51.280000000001564        0.3318017436323964
51.30000000000157         0.3555997572370877
51.320000000001556        0.387224204505111
51.340000000001545        0.42783684565230035
51.360000000001534        0.47737393664360994
51.38000000000153         0.5324680743306205
51.40000000000152         0.5836391982785218
51.42000000000152         0.6209173744650509
51.440000000001504        0.6424213424797915
51.460000000001514        0.6529981761193079
51.4800000000015          0.65779176708809
51.500000000001506        0.6598088913081062
51.52000000000151         0.6604580752086957
51.5400000000015          0.6603267340927141
51.560000000001494        0.6595745414304774
51.580000000001505        0.6580434774622512
51.600000000001494        0.6551511678361751
51.6200000000015          0.6495010638460041
51.64000000000152         0.6381169800349069
51.66000000000151         0.6160042833671173
51.680000000001506        0.5782510626204334
51.70000000000151         0.526614571543099
51.72000000000151         0.4713066300019446
51.740000000001515        0.42153637824062673
51.76000000000151         0.380769389435026
51.780000000001515        0.348917442636392
51.8000000000015          0.3248093060300565
51.82000000000153         0.3072349191500654
51.8400000000015          0.2952373465177208
51.860000000001506        0.2881548265738758
51.880000000001495        0.28560138440136135
51.90000000000149         0.2874437922559786
51.9200000000015          0.29379339800221577
51.9400000000015          0.30501404792646514
51.960000000001486        0.32174381341729436
51.98000000000149         0.34490817741517427
52.0000000000015          0.3756787436512256
52.02000000000149         0.4151865990943416
52.04000000000149         0.46348390427646396
52.060000000001466        0.5171064592268959
52.08000000000146         0.566945155550345
52.100000000001444        0.6030044453402061
52.12000000000144         0.6237163989177674
52.14000000000144         0.6339426640385376
52.16000000000144         0.6386222514899035
52.18000000000144         0.6406340835798363
52.200000000001424        0.6413293454948705
52.220000000001434        0.641269617831754
52.24000000000143         0.6406078558186863
52.26000000000144         0.6391912447555966
52.28000000000142         0.6364601680177456
52.30000000000142         0.6310748032244929
52.320000000001414        0.6201822457467163
52.34000000000143         0.5988890327922753
52.36000000000143         0.5623824841453967
52.38000000000146         0.5122426227936259
52.40000000000148         0.458418605467032
52.420000000001465        0.40995029449037534
52.440000000001454        0.3702502445802589
52.46000000000143         0.33923901538638385
52.48000000000145         0.3157737430594916
52.50000000000144         0.2986733193080161
52.520000000001446        0.28700262603454507
52.54000000000144         0.2801205998687619
52.560000000001445        0.2776489130821505
52.58000000000146         0.2794587227646628
52.600000000001444        0.28566000796310853
52.62000000000144         0.2966089901644236
52.64000000000144         0.3129282905460658
52.66000000000144         0.3355235380687901
52.680000000001435        0.36554204641386445
52.70000000000143         0.4040896442913816
52.72000000000142         0.45121652519878147
52.740000000001416        0.5035240439927358
52.760000000001405        0.5519354849380966
52.7800000000014          0.5870087569638539
52.80000000000141         0.6071520012996467
52.8200000000014          0.6170845389089754
52.84000000000141         0.6216450941235662
52.86000000000139         0.6236303041513509
52.8800000000014          0.6243429593412471
52.900000000001405        0.6243251593395965
52.920000000001416        0.6237242663090286
52.94000000000141         0.6223937094313928
52.96000000000143         0.6197945094428411
52.98000000000143         0.6146347858963546
53.00000000000141         0.604155720219582
53.02000000000141         0.5835933810525885
53.0400000000014          0.5481914012644722
53.060000000001395        0.49938862699043524
53.080000000001384        0.446969838809755
53.10000000000139         0.39964248498439064
53.12000000000138         0.360863646341092
53.14000000000138         0.33058899526352015
53.160000000001375        0.3076944749780547
53.18000000000138         0.29101835707005386
53.20000000000138         0.2796451443249294
53.22000000000138         0.27294359723034495
53.24000000000137         0.2705461497993401
53.26000000000138         0.2723271024843598
53.280000000001365        0.2783944038285655
53.300000000001376        0.2890949199354868
53.32000000000136         0.3050438009515977
53.34000000000137         0.3271301201797457
53.360000000001364        0.356485967916798
53.38000000000138         0.3942030131511544
53.400000000001356        0.4403000011515349
53.42000000000135         0.4913294049902925
53.44000000000134         0.5385561105298553
53.460000000001344        0.5726719738162558
53.48000000000133         0.592215800405046
53.50000000000133         0.6018511665942323
53.52000000000133         0.6062915358282073
53.54000000000133         0.6082437939611742
53.56000000000133         0.608965861005469
53.58000000000132         0.6089805463503781
53.60000000000134         0.6084302966469556
53.620000000001326        0.6071735045272567
53.64000000000133         0.6046894518298702
53.66000000000132         0.5997278914360659
53.680000000001314        0.5896012916396546
53.700000000001324        0.5696281464046506
53.72000000000132         0.5351729047368557
53.740000000001324        0.4876983926975889
53.760000000001334        0.43648347293644707
53.780000000001344        0.39021561725884163
53.800000000001326        0.3523051727771808
53.82000000000132         0.3227140838408833
53.84000000000133         0.30034302458068696
53.86000000000133         0.2840527995670406
53.880000000001324        0.27294593167816655
53.900000000001334        0.26640507649628115
53.92000000000132         0.26407059238066527
53.94000000000133         0.26581993046442287
53.96000000000134         0.271759730109248
53.98000000000132         0.2822324235752181
54.000000000001315        0.2978362177850321
54.02000000000131         0.31944386273823416
54.04000000000131         0.3481658393940793
54.0600000000013          0.3850736351804347
54.08000000000129         0.4301836579531412
54.10000000000128         0.48010018435566143
54.120000000001276        0.5262337090294906
54.14000000000127         0.5594773265096337
54.16000000000128         0.5784778199296589
54.180000000001286        0.5878416974662594
54.20000000000128         0.5921659701175803
54.22000000000128         0.5940840344725437
54.240000000001295        0.594808750104326
54.260000000001284        0.5948462323284737
54.28000000000129         0.5943341560469424
54.3000000000013          0.5931360816070294
54.320000000001315        0.5907486856776465
54.34000000000129         0.5859608478663443
54.3600000000013          0.5761632732828388
54.38000000000128         0.5568586296111678
54.40000000000128         0.5233654245761058
54.42000000000128         0.47688184977417986
54.44000000000126         0.42670334423072565
54.46000000000126         0.38144055759416634
54.480000000001255        0.34436882316321993
54.50000000000125         0.3154282207958399
54.520000000001254        0.2935453412211017
54.540000000001264        0.2776105906169157
54.560000000001246        0.26674832729556336
54.58000000000126         0.2603544789424676
54.600000000001266        0.25807800658463564
54.62000000000126         0.25979942495194025
54.64000000000126         0.26562265983288885
54.66000000000124         0.2758826399346005
54.68000000000126         0.2911659355762503
54.700000000001246        0.31232598371937165
54.72000000000126         0.34044564423055956
54.740000000001245        0.37662727096581405
54.76000000000125         0.42074664361895225
54.78000000000123         0.4697080964273823
54.80000000000122         0.5149369653372367
54.820000000001215        0.5472982365753394
54.84000000000121         0.5657111126152817
54.86000000000121         0.5747970268011903
54.8800000000012          0.5790109670676575
54.900000000001214        0.5808881157276344
54.9200000000012          0.5816069699212105
54.94000000000123         0.5816583636584559
54.9600000000012          0.5811753132834753
54.98000000000121         0.5800243810595199
55.00000000000121         0.5777155426736096
55.020000000001204        0.5730744406000744
55.0400000000012          0.563578090693411
55.06000000000121         0.5447950768576448
55.08000000000121         0.5121338367727286
55.10000000000121         0.4666864377292836
55.12000000000122         0.4175618725985347
55.14000000000121         0.37323013650922177
55.160000000001205        0.3369217099465972
55.18000000000121         0.3085810991649987
55.200000000001204        0.2871556361075238
55.2200000000012          0.27155732430611046
55.24000000000121         0.2609258462471554
55.260000000001206        0.2546719322650221
55.2800000000012          0.2524483089662944
55.30000000000121         0.2541379548623928
55.3200000000012          0.2598441269357448
55.340000000001204        0.2698964185588357
55.36000000000119         0.28486937209070184
55.38000000000118         0.3056003017141027
55.400000000001185        0.33315247155529865
55.420000000001195        0.3685532781266464
55.44000000000118         0.4118413381658629
55.460000000001166        0.4598053561212552
55.48000000000116         0.5039401849194163
55.500000000001165        0.5355917213308381
55.520000000001176        0.5535985095284032
55.54000000000117         0.5624586484519678
55.56000000000117         0.5665646064154303
55.58000000000116         0.5683987558324578
55.600000000001145        0.5691074780087666
55.620000000001156        0.5691664261427962
55.640000000001166        0.5687044555204896
55.660000000001155        0.5675925099484539
55.68000000000115         0.5653570340532847
55.700000000001175        0.5608607301431296
55.72000000000115         0.5516519423755606
55.74000000000116         0.5333981457758465
55.76000000000115         0.5015522087704692
55.78000000000115         0.4570955705547881
55.800000000001155        0.4089542090154497
55.82000000000115         0.36554087748401526
55.84000000000115         0.3299097958594063
55.86000000000114         0.30211257664297353
55.880000000001154        0.2811088215643525
55.90000000000114         0.2658229608868117
55.920000000001146        0.2554090284347249
55.940000000001135        0.24928448592886457
55.96000000000112         0.24711073199251107
55.98000000000114         0.24877279383710096
56.00000000000114         0.2543708617982392
56.02000000000113         0.2642258144719286
56.04000000000112         0.2789083010349171
56.06000000000113         0.2992442238341216
56.08000000000113         0.32628650696330685
56.100000000001124        0.36105106752744137
56.12000000000108         0.40354363135131627
56.14000000000102         0.45049554995248786
56.16000000000083         0.49369146515624107
56.180000000000334        0.5245661115150129
56.199999999998994        0.5420748203288479
56.21999999999539         0.5506773234983181
56.239999999985734        0.5546642977263824
56.25999999996039         0.5564518410936539
56.27999999989479         0.5571459043959383
56.29999999972774         0.5572070298217101
56.31999999931007         0.556761704186466
56.33999999828852         0.5556857200770803
56.35999999585498         0.5535185232449087
56.37999999024934         0.5491526360223336
56.39999997791855         0.540185996294521
56.41999995262577         0.5223444457637673
56.43999990592845         0.4911952446621264
56.45999983057534         0.44779830279513655
56.479999725667675        0.4006962912720289
56.49999960276274         0.3580605510636639
56.51999949193491         0.3231285898675086
56.53999943178736         0.29588049951333006
56.55999943302007         0.2752948130551613
56.57999946716303         0.2603177517216294
56.59999950790639         0.25011283721956307
56.6199995487268          0.24411162417885052
56.63999958954735         0.24198235362668544
56.659999630355095        0.2436134838856046
56.67999967113309         0.24910398125260466
56.69999971184584         0.25877101970330124
56.71999975241882         0.27316974089640056
56.7399997926991          0.29310722462294425
56.75999983238185         0.3196107093603286
56.77999987087793         0.35372738155879246
56.799999907101835        0.395405242847171
56.81999993926453         0.44144016990733764
56.83999996512084         0.4837423929766922
56.859999983138174        0.5139134166696918
56.87999999362451         0.5309860021143431
56.89999999838679         0.5393651096531304
56.91999999980676         0.5432518811939475
56.94000000000104         0.5449937569503385
56.960000000001045        0.5456736041139569
56.980000000001056        0.5457383592674206
57.00000000000106         0.5453104429795477
57.020000000001055        0.5442684299762109
57.040000000001086        0.5421647832693096
57.060000000001054        0.5379222806250196
57.08000000000106         0.5292025561752741
57.10000000000104         0.5118241534403252
57.120000000001035        0.48152384468048237
57.14000000000103         0.43891876939437385
57.16000000000103         0.3926574312868772
57.18000000000103         0.3508547058920974
57.20000000000101         0.31662090926579267
57.220000000001015        0.28991272039853216
57.24000000000101         0.2697315605661684
57.26000000000103         0.255045773285841
57.28000000000101         0.2450428440500566
57.30000000000102         0.23916322607768611
57.320000000001           0.23707992769503064
57.34000000000102         0.23868377844338462
57.360000000001016        0.2440720365562273
57.38000000000102         0.25355807610357634
57.400000000001015        0.26768835693587856
57.420000000001004        0.2872597947015475
57.44000000000102         0.3132902990404472
57.460000000000996        0.34671023191347095
57.48000000000101         0.3876024584095556
57.50000000000098         0.4328468285073828
57.520000000000984        0.47439787289142776
57.540000000000994        0.5038097062623522
57.56000000000097         0.5203727889501654
57.58000000000098         0.5285054407978405
57.60000000000097         0.532283751070534
57.62000000000098         0.533980105344159
57.640000000000974        0.5346426326614412
57.660000000000984        0.5347073619437598
57.680000000000966        0.5342926530242136
57.70000000000097         0.5332795304492226
57.72000000000097         0.5312325960759942
57.74000000000096         0.5271069520725568
57.760000000000964        0.5186406328466017
57.78000000000097         0.501777296700301
57.80000000000097         0.47212238899818015
57.82000000000097         0.4303928026238469
57.840000000000984        0.38500892181234125
57.86000000000097         0.3439797944609147
57.880000000000976        0.3103813250440801
57.90000000000097         0.28417387585134446
57.92000000000096         0.2643748864855833
57.94000000000096         0.24996941940733092
57.96000000000096         0.24015819037321698
57.98000000000096         0.23439086639043064
58.000000000000966        0.23234879935889807
58.02000000000097         0.23392584933184393
58.04000000000095         0.2392143462680386
58.06000000000096         0.24852139979195814
58.08000000000095         0.26238280418135856
58.10000000000094         0.2815810513915974
58.12000000000094         0.3071094651013472
58.14000000000094         0.3399272750485792
58.160000000000935        0.38005898493298385
58.18000000000093         0.4244452379000666
58.20000000000091         0.46515916967066184
58.22000000000093         0.49384745016955073
58.24000000000093         0.5100635877242422
58.26000000000092         0.5179978600106726
58.280000000000925        0.5216768136493871
58.30000000000094         0.5233285488640488
58.32000000000094         0.5239742718095715
58.34000000000093         0.5240372862084298
58.36000000000092         0.523631925413151
58.38000000000093         0.5226418451067585
58.40000000000093         0.520643757004414
58.42000000000095         0.5166211017332205
58.44000000000093         0.5083674980731129
58.46000000000092         0.4919108126664861
58.48000000000091         0.4629136258884662
58.50000000000091         0.42202783501503677
58.5200000000009          0.37751397192096714
58.54000000000089         0.33730884397279304
58.56000000000089         0.30431495476910864
58.58000000000089         0.27859173978079627
58.60000000000088         0.2591681977289343
58.620000000000886        0.2450409168989123
58.640000000000896        0.2354219035107891
58.66000000000089         0.2297695502465414
58.68000000000089         0.22777002575697258
58.700000000000884        0.22931814417696794
58.72000000000088         0.23450921421014995
58.74000000000088         0.24364202839804922
58.76000000000089         0.2572421630253615
58.780000000000896        0.2760830912380638
58.800000000000885        0.3011467860607224
58.82000000000091         0.33338176067759406
58.840000000000884        0.3727826924366804
58.86000000000087         0.41625081896753524
58.88000000000087         0.4560510275305219
58.90000000000086         0.4842535970172632
58.92000000000086         0.5001049926101496
58.94000000000085         0.5078543331854902
58.96000000000085         0.511447270815589
58.98000000000085         0.5130607468816292
59.000000000000874        0.5136911356041218
59.02000000000086         0.5137515337102895
59.040000000000866        0.5133537636525326
59.06000000000086         0.5123847848477417
59.08000000000085         0.5104313493759723
59.100000000000854        0.5065039062352273
59.12000000000086         0.4984293819869172
59.140000000000846        0.4822828316118755
59.16000000000084         0.453842197286861
59.18000000000084         0.41387631453390955
59.20000000000084         0.37029246713191105
59.22000000000085         0.33078325658371593
59.240000000000826        0.2984176589315119
59.26000000000084         0.27318717197515946
59.28000000000084         0.2541382741658264
59.300000000000836        0.2402875268615885
59.32000000000083         0.23085722532295905
59.34000000000084         0.22531780074763597
59.36000000000083         0.2233613686365317
59.380000000000834        0.22488398668303686
59.40000000000085         0.22997834916781013
59.42000000000082         0.23894043497465475
59.44000000000083         0.2522876055584576
59.460000000000825        0.2707765669853999
59.48000000000083         0.2953723098000764
59.50000000000081         0.32700624227065367
59.5200000000008          0.3656726372652
59.540000000000795        0.40832479437569874
59.56000000000081         0.447361441925177
59.580000000000794        0.47500190521119257
59.6000000000008          0.4905252251827213
59.62000000000082         0.4981111051656834
59.640000000000796        0.5016264778889689
59.660000000000785        0.5032078517845985
59.680000000000796        0.503825830893398
59.70000000000079         0.5038848752385066
59.72000000000079         0.5034950154293071
59.740000000000805        0.5025465954533206
59.760000000000794        0.5006361922273935
59.78000000000079         0.49679177435960925
59.8000000000008          0.48889020292342505
59.82000000000079         0.4730807469087871
59.84000000000079         0.4452112792428346
59.86000000000079         0.40602765213501707
59.880000000000784        0.36319607735127585
59.90000000000078         0.324451567259172
59.92000000000078         0.2927279597520628
59.94000000000078         0.2679915559492605
59.96000000000078         0.2493114756559677
59.980000000000786        0.2357264106869913
60.00000000000077         0.22647982012054974
60.020000000000785        0.22105096917152192
60.040000000000774        0.21913777162994078
60.06000000000077         0.2206383054162609
60.08000000000077         0.2256436182373787
60.100000000000776        0.2344442941846186
60.120000000000765        0.24754849154646175
60.14000000000077         0.2656992044820306
60.16000000000078         0.2898441004441011
60.18000000000075         0.32089818036657697
60.20000000000077         0.35878919338414444
60.22000000000075         0.40073155399905586
60.24000000000074         0.4391475867740833
60.26000000000074         0.46620651248723055
60.28000000000073         0.48136996568308366
60.30000000000073         0.4887952948294866
60.32000000000073         0.49224453032886456
60.34000000000073         0.4937948611949738
60.36000000000072         0.49440071909633465
60.38000000000073         0.4944589535829276
60.40000000000071         0.49407771575976933
60.42000000000073         0.4931494712517841
60.44000000000071         0.49127839991876476
60.460000000000704        0.487512541849665
60.48000000000069         0.4797817004334799
60.5000000000007          0.46434096416650145
60.52000000000071         0.43706228231394034
60.54000000000072         0.3985032065763989
60.560000000000734        0.3564679206610333
60.58000000000073         0.3184416497926682
60.600000000000726        0.2873075635018585
60.62000000000072         0.2630329556645598
60.64000000000072         0.2447036071853076
60.66000000000073         0.23137544353340248
60.68000000000071         0.22230569409286605
60.70000000000073         0.21698334336457661
60.72000000000072         0.21511217928244825
60.740000000000734        0.21659303788438342
60.760000000000716        0.22151480378621838
60.780000000000726        0.23016265515805837
60.800000000000715        0.2430347544891563
60.82000000000071         0.2608581747413617
60.84000000000071         0.28455793737544344
60.8600000000007          0.31502772798934225
60.8800000000007          0.35228784167127214
60.90000000000068         0.3934774197919288
60.920000000000684        0.43119865411774944
60.94000000000069         0.45769934924102795
60.96000000000069         0.47263592520594944
60.980000000000686        0.4799328461118977
61.00000000000068         0.48331716689324655
61.02000000000067         0.4848387906826869
61.040000000000674        0.48543500727030564
61.06000000000067         0.48549472172571834
61.08000000000068         0.48512378676049905
61.100000000000676        0.48421655618817155
61.12000000000067         0.4823847427553144
61.14000000000069         0.4786945782121071
61.16000000000068         0.47110806063701166
61.180000000000675        0.4559083919540217
61.200000000000664        0.42908604597292854
61.220000000000674        0.3913345906537555
61.24000000000067         0.35006794591735335
61.26000000000065         0.3127286575140624
61.280000000000655        0.28217640771527003
61.30000000000065         0.2583295702782712
61.32000000000067         0.24033136952600226
61.34000000000066         0.2272487818192793
61.36000000000067         0.2183496063692424
61.38000000000064         0.21313096896684852
61.40000000000065         0.211301771667023
61.42000000000065         0.21276443081799876
61.440000000000644        0.21760744273853078
61.46000000000064         0.22611144804219704
61.48000000000064         0.23876609592903983
61.50000000000064         0.2562895573951777
61.52000000000063         0.27959803429085406
61.54000000000064         0.30957396880247906
61.56000000000062         0.3462117587733428
61.58000000000063         0.38661812467901635
61.60000000000061         0.42357936109904787
61.62000000000061         0.4497250632720324
61.6400000000006          0.464395375178828
61.66000000000059         0.47156276617728954
61.680000000000575        0.47488895758648086
61.70000000000057         0.476386729349203
61.72000000000057         0.4769761659401526
61.740000000000556        0.47703896553380504
61.76000000000055         0.47667929780298407
61.780000000000555        0.4757928769551018
61.80000000000054         0.47399897794186063
61.82000000000054         0.47038061617148236
61.84000000000055         0.46293627001122545
61.86000000000056         0.44801384844011505
61.88000000000055         0.42167015813350744
61.90000000000057         0.38458212511046924
61.92000000000058         0.34409918476829277
61.940000000000595        0.30739363430751265
61.960000000000576        0.2773302377539018
61.98000000000059         0.25390256632949665
62.000000000000576        0.23622302738889722
62.02000000000057         0.22337472143116052
62.04000000000057         0.21463941182744395
62.06000000000058         0.2095197106969769
62.080000000000574        0.20773148061344782
62.100000000000556        0.20917878671695136
62.12000000000058         0.21394892999641554
62.14000000000057         0.222318711920474
62.16000000000058         0.23477127488829144
62.18000000000056         0.2520124189908408
62.20000000000056         0.27494208537962656
62.22000000000055         0.30442927101886297
62.24000000000054         0.34046838553018255
62.26000000000053         0.3802128772273576
62.28000000000053         0.41656607979227706
62.30000000000054         0.4422791062805937
62.32000000000052         0.4567064835264196
62.34000000000051         0.4637573350492309
62.36000000000052         0.46703071028368937
62.380000000000514        0.46851021077338034
62.4000000000005          0.4690964072832458
62.42000000000051         0.469164872115175
62.44000000000049         0.46881798662858976
62.46000000000049         0.4679540993576882
62.48000000000047         0.46619897484748823
62.50000000000048         0.46265083122087264
62.52000000000051         0.45533794381516257
62.5400000000005          0.4406754049978042
62.56000000000049         0.41477968091831996
62.580000000000496        0.37832077435750533
62.60000000000049         0.3384397887916192
62.62000000000052         0.30236054680841634
62.640000000000484        0.27282493875558017
62.660000000000494        0.24980278598596498
62.68000000000047         0.23242612679025842
62.70000000000051         0.21979871283943772
62.72000000000047         0.2112154710330091
62.740000000000464        0.20619138109790322
62.76000000000048         0.20444544974883533
62.78000000000046         0.20588348534983272
62.80000000000048         0.21059144962249557
62.82000000000046         0.21884176691584015
62.84000000000048         0.23111045207134823
62.860000000000454        0.2480932238427763
62.880000000000464        0.2706771730819509
62.90000000000045         0.29971848488263625
62.920000000000464        0.33521169648712495
62.94000000000047         0.37436149748325537
62.960000000000434        0.4102623556127031
62.98000000000045         0.435533368735129
63.00000000000045         0.4496905960056678
63.020000000000465        0.45662962769107523
63.04000000000044         0.4598639306926704
63.06000000000045         0.46133021250391426
63.080000000000425        0.46191770929222065
63.10000000000045         0.4619960161469533
63.12000000000045         0.46166591038642313
63.14000000000046         0.4608268203991077
63.16000000000045         0.4591106195368869
63.18000000000046         0.4556303901126352
63.20000000000045         0.4484558355086927
63.22000000000044         0.43408821142392207
63.240000000000435        0.4086560083997655
63.260000000000396        0.3726583077705364
63.280000000000406        0.33339103272257087
63.30000000000038         0.297865277673507
63.320000000000405        0.2688010572589619
63.34000000000035         0.24611890164547257
63.36000000000039         0.22901493124798425
63.38000000000039         0.21658951498982276
63.40000000000039         0.20814828244232134
63.42000000000041         0.20321376484526577
63.440000000000374        0.20150961525759195
63.46000000000039         0.20294422039841828
63.48000000000038         0.20760205474032842
63.50000000000038         0.21575170238573418
63.520000000000394        0.22786150473173075
63.54000000000039         0.24461480709693317
63.560000000000365        0.26688124704466565
63.58000000000039         0.2955013665746638
63.60000000000038         0.33049518079856466
63.620000000000374        0.36917428085264914
63.64000000000036         0.4045872625730179
63.660000000000345        0.42951632189108613
63.680000000000376        0.4434794993334607
63.70000000000035         0.4503422326758185
63.72000000000035         0.4535424963164754
63.74000000000035         0.4550002499716217
63.760000000000346        0.45559279059078406
63.78000000000032         0.45568409787778513
63.80000000000033         0.4553733093419648
63.82000000000035         0.45456168332966507
63.84000000000033         0.4528859683927146
63.860000000000305        0.44947203774317324
63.8800000000003          0.4424162143690583
63.90000000000032         0.4282660148556807
63.92000000000031         0.4031984692167127
63.940000000000346        0.3677012722878601
63.96000000000032         0.32897299181449235
63.98000000000033         0.293934085339825
64.00000000000034         0.2652533877686199
64.02000000000031         0.24290655321522958
64.04000000000032         0.2260394475479923
64.06000000000031         0.21379265140348144
64.08000000000031         0.20547880099180577
64.1000000000003          0.20062613948616725
64.12000000000029         0.19896201188820575
64.14000000000031         0.20039574693421866
64.1600000000003          0.20501208095325735
64.18000000000029         0.21307704381829023
64.20000000000029         0.22505388978434557
64.22000000000033         0.24162138763256513
64.2400000000003          0.26364514287447116
64.26000000000029         0.29195925092553093
64.28000000000029         0.3265597854231374
64.30000000000028         0.3647157641340885
64.32000000000029         0.39961627812445466
64.34000000000029         0.4243061726405972
64.36000000000028         0.4381716633903675
64.38000000000028         0.44496651337737325
64.40000000000028         0.4481444081077095
64.42000000000029         0.44960180064406274
64.44000000000028         0.4502052097360738
64.46000000000026         0.45031417055824613
64.48000000000029         0.45002665215677523
64.50000000000028         0.44924515743932236
64.52000000000028         0.44761072096853277
64.54000000000029         0.44425924627443525
64.56000000000027         0.4373088253781699
64.5800000000003          0.42328988396413797
64.60000000000026         0.3984854194279087
64.62000000000023         0.3635119574972937
64.64000000000023         0.32531164691151654
64.66000000000024         0.29067120395844315
64.68000000000022         0.26230524324611465
64.70000000000022         0.24021078579160635
64.72000000000021         0.22355028836796637
64.74000000000024         0.21145805373649545
64.76000000000022         0.20325488683542106
64.7800000000002          0.19847535252882137
64.80000000000024         0.19684843703117136
64.82000000000022         0.19828619026405606
64.84000000000022         0.20287284857805396
64.86000000000021         0.2108722114786358
64.88000000000021         0.22274421312930645
64.90000000000023         0.2391608024080707
64.92000000000021         0.26097881962934505
64.94000000000021         0.2890259912550961
64.96000000000019         0.32329897537730357
64.9800000000002          0.36109400905349825
65.0000000000002          0.39566702997342723
65.02000000000022         0.42013123571246336
65.0400000000002          0.43387966239801334
65.06000000000019         0.4406294451886638
65.08000000000021         0.4437997744756155
65.10000000000018         0.4452678844331462
65.1200000000002          0.4458911981387126
65.1400000000002          0.44602604758336695
65.16000000000024         0.44576879355894666
65.1800000000002          0.4450228873989346
65.2000000000002          0.443433005603779
65.22000000000021         0.44014256559527426
65.2400000000002          0.4332770860780327
65.26000000000019         0.41942374794448434
65.28000000000016         0.3948757259859365
65.30000000000018         0.36024644707302217
65.32000000000015         0.32235389942120807
65.34000000000015         0.2880609052948951
65.36000000000013         0.25999357999829503
65.38000000000012         0.2381271048256527
65.4000000000001          0.22163703802350623
65.42000000000012         0.2096712441107261
65.44000000000014         0.20155933859459776
65.46000000000016         0.19684062371855224
65.48000000000012         0.19524898838785687
65.50000000000011         0.19669661891304213
65.52000000000012         0.2012678332844393
65.54000000000013         0.20922519559455616
65.56000000000014         0.22102573028949263
65.58000000000014         0.23733670829033174
65.60000000000016         0.2590090805755135
65.62000000000013         0.2868656232348
65.64000000000014         0.3209050366156733
65.66000000000011         0.35845371973688916
65.6800000000001          0.3928976136031466
65.7000000000001          0.4171667432523573
65.7200000000001          0.43079884885947894
65.7400000000001          0.437525205036649
65.76000000000009         0.4407092195513994
65.7800000000001          0.4422040682116756
65.8000000000001          0.44286041136849436
65.82000000000012         0.4430317443161818
65.84000000000009         0.4428143329342545
65.86000000000007         0.4421115732225679
65.88000000000008         0.4405705010681903
65.90000000000006         0.4373402683017607
65.92000000000006         0.430567818665856
65.94000000000008         0.41689039809514317
65.96000000000008         0.3925780843096556
65.98000000000008         0.358092929323222
66.00000000000009         0.32044108260726356
66.02000000000008         0.2863673960880463
66.04000000000009         0.25847749740809545
66.06000000000006         0.23674906468153473
66.08000000000007         0.22036401067480985
66.10000000000005         0.2084760999201334
66.12000000000006         0.20041939779384763
66.14000000000006         0.1957362738554662
66.16000000000007         0.194162504117755
66.18000000000008         0.1956111010901956
66.20000000000006         0.20016619496530605
66.22000000000007         0.20809081772929758
66.24000000000004         0.21983625549102223
66.26000000000008         0.23606611537005792
66.28000000000004         0.25762312641331275
66.30000000000004         0.2853230011559008
66.32000000000004         0.3191903506006183
66.34000000000005         0.3566344455399009
66.36000000000001         0.3909427843601716
66.38000000000001         0.41513881830400545
66.40000000000002         0.4287574290477358
66.42000000000002         0.4355099945953901
66.44000000000001         0.43873444386134736
66.46000000000001         0.440277104929049
66.48000000000002         0.4409831871677188
66.5                      0.4412008542229495
66.52                     0.4410196088196918
66.53999999999999         0.44033207379382655
66.55999999999999         0.43876369432003626
66.57999999999997         0.43542109507184
66.6                      0.42835560663879346
66.62                     0.413975706066549
66.64                     0.3881476739955809
66.65558326263191         0.3608250555934463
66.66487685786754         0.34029135207804634
66.67053083413938         0.32937586293509
66.6834932256368          0.30163462488571424
66.7020575661634          0.26763652856437353
66.71253061219942         0.2497047783270652
66.74671661971743         0.20452843323332726
66.75215185836093         0.1966291111168728
66.75374817109216         0.19493624652364955
66.80100229916806         0.15240185561715405
66.81584830799697         0.14248952344392332
66.84                     0.12964765767072994
