% Model:              ModelBHUpMagnet.mph
% Version:            COMSOL 5.6.0.280
% Date:               Oct 20 2021, 19:01
% Dimension:          1
% Nodes:              998
% Expressions:        1
% Description:        线图
% cln2x                   Height
23.400000000000006        0.11905238779128055
23.403787185981706        0.12000402038025172
23.44919981272644         0.13204305570463087
23.502659665529468        0.15072678664915132
23.54877630081522         0.17240683512216656
23.579494181203906        0.19084917584775915
23.626305089599455        0.2290914790590893
23.639665550369163        0.24244338714782104
23.68723388912195         0.3075493889682448
23.687448216967784        0.30747765756357176
23.687516553781283        0.30732910909377487
23.728247510283687        0.3888869072954954
23.736891127086686        0.41180677174230695
23.757172931963343        0.4703211941814045
23.762261421273177        0.4865851519192818
23.76547821763952         0.4943318974920869
23.78233318522902         0.5498570283560629
23.800000000000004        0.5993491225270184
23.82000000000065         0.6405473055834936
23.840000000001123        0.6657645907677051
23.86000000000139         0.6783052277604833
23.8800000000015          0.6836940161428424
23.900000000001548        0.6852034139351644
23.920000000001547        0.6837987895620795
23.940000000001554        0.6785746091211228
23.960000000001564        0.6663409690227395
23.98000000000157         0.6415810235328299
24.00000000000158         0.6003075601540866
24.020000000001605        0.5452450967167111
24.040000000001616        0.4847870296269057
24.060000000001622        0.42855268215051473
24.08000000000163         0.38089812691070474
24.10000000000163         0.3418846295034172
24.12000000000163         0.31021594715365775
24.14000000000163         0.284487242545396
24.160000000001634        0.2635077150155582
24.180000000001627        0.24633472563610623
24.200000000001634        0.232238142948516
24.22000000000163         0.22065601355785927
24.240000000001622        0.211155992271207
24.26000000000164         0.20340501035621064
24.280000000001635        0.19714625408584538
24.300000000001628        0.19218238813088775
24.320000000001635        0.18836228521284584
24.34000000000164         0.18557374394174192
24.36000000000164         0.18373565275712234
24.380000000001633        0.18279376213987886
24.40000000000164         0.18271769402641097
24.42000000000164         0.1834992863681469
24.44000000000164         0.18515212603685302
24.460000000001635        0.18771222814524074
24.480000000001642        0.19123991662013623
24.50000000000164         0.1958230570917732
24.520000000001648        0.20158192180075007
24.540000000001644        0.20867610948352505
24.560000000001647        0.21731412920400195
24.580000000001647        0.22776779551844106
24.600000000001653        0.24038536030280722
24.620000000001642        0.2556213654046262
24.640000000001645        0.2740638546677861
24.66000000000164         0.2964752724395814
24.68000000000164         0.32383831803086366
24.700000000001644        0.35739086480988397
24.720000000001637        0.3985866683145366
24.74000000000163         0.4487654875755176
24.760000000001618        0.5079064773561758
24.7800000000016          0.5716570862607646
24.800000000001578        0.6298220749385293
24.820000000001567        0.6736157951466176
24.840000000001556        0.700100693718829
24.860000000001573        0.713315860616847
24.880000000001562        0.7190280894064199
24.900000000001572        0.720649895517402
24.920000000001572        0.7191742235330477
24.940000000001564        0.7136084845329846
24.960000000001575        0.7005446751385428
24.980000000001578        0.6742039099678556
25.0000000000016          0.6305522267955875
25.020000000001613        0.5725285227896187
25.04000000000162         0.508918072832278
25.060000000001633        0.44992495135128513
25.080000000001636        0.3999086397459861
25.100000000001636        0.3588910282896091
25.120000000001646        0.3255297526213119
25.140000000001645        0.29836873015983806
25.16000000000164         0.27617330064510337
25.18000000000164         0.2579580327018967
25.200000000001637        0.24295883013529326
25.220000000001644        0.23058718312245868
25.240000000001647        0.22038995009859727
25.260000000001643        0.21201772393464968
25.280000000001646        0.2052009683363779
25.300000000001653        0.19973220464706018
25.32000000000165         0.1954528145958934
25.340000000001652        0.192243577744677
25.36000000000166         0.19001800175610586
25.38000000000166         0.18871753637617106
25.400000000001654        0.18830834070053515
25.420000000001654        0.18877939574550895
25.440000000001653        0.19014203934819476
25.460000000001667        0.19243045113625595
25.48000000000165         0.19570350763318078
25.50000000000166         0.20004797722425796
25.52000000000165         0.2055833644449343
25.540000000001662        0.2124688343292219
25.560000000001658        0.2209128100057197
25.580000000001665        0.2311860880826516
25.60000000000166         0.2436396389267186
25.620000000001667        0.25872853685766595
25.640000000001663        0.2770436315577283
25.660000000001663        0.29935195639758944
25.680000000001655        0.32664400324395887
25.700000000001662        0.36015865691833177
25.720000000001654        0.40136239457280926
25.740000000001647        0.45160725580943706
25.76000000000163         0.5108833394327311
25.780000000001607        0.574836458657835
25.80000000000159         0.6332417730226624
25.82000000000158         0.677260488599691
25.840000000001577        0.7039188282003161
25.860000000001573        0.7172430172006121
25.880000000001566        0.7230285728833908
25.90000000000158         0.7246979597484017
25.920000000001576        0.7232464086332384
25.940000000001575        0.7176656455983831
25.96000000000159         0.704533862097471
25.980000000001596        0.6780387690259347
26.000000000001613        0.6341405634917832
26.020000000001637        0.5758013976700612
26.040000000001637        0.5118626955599762
26.060000000001647        0.4525699460695727
26.08000000000165         0.40229616860305895
26.100000000001653        0.3610615538414146
26.120000000001657        0.32751770787654344
26.140000000001653        0.300204144753926
26.160000000001663        0.27788070761740724
26.180000000001655        0.2595595201799911
26.20000000000166         0.24447212225106715
26.220000000001654        0.23202531592337222
26.240000000001658        0.221766370100923
26.260000000001654        0.21334165124184698
26.280000000001657        0.20647931971599623
26.30000000000166         0.20097016235348872
26.32000000000167         0.19665456885968388
26.34000000000166         0.19341279417701143
26.360000000001666        0.19115794825784962
26.38000000000167         0.18983111522058566
26.400000000001675        0.18939814717878187
26.42000000000166         0.18984786325282912
26.440000000001668        0.191191457835671
26.460000000001667        0.19346304103919854
26.480000000001677        0.19672144001605868
26.500000000001673        0.20105319483419146
26.52000000000167         0.20657829529316976
26.54000000000167         0.2134560255567705
26.560000000001676        0.22189526665804948
26.58000000000168         0.23216746856016907
26.60000000000168         0.2446245020185342
26.62000000000167         0.259722668248474
26.640000000001677        0.27805440547646987
26.660000000001684        0.3003886786880533
26.680000000001673        0.3277177075625482
26.700000000001673        0.36129429500428495
26.72000000000166         0.40259526138766905
26.740000000001654        0.452984694011672
26.760000000001643        0.5123153925057986
26.780000000001625        0.5764233808806994
26.800000000001603        0.634991638751647
26.820000000001592        0.6791529855601754
26.84000000000158         0.7059165818932205
26.860000000001584        0.7193069116696112
26.880000000001584        0.7251316371322194
26.90000000000158         0.7268252992409288
26.920000000001586        0.7253877921736844
26.94000000000158         0.7198116636310229
26.960000000001585        0.7066307639589853
26.9800000000016          0.679981946906166
27.000000000001616        0.63592576772513
27.02000000000163         0.577593544909542
27.040000000001655        0.5134848628208978
27.060000000001654        0.4540556945504896
27.08000000000166         0.40366693073049875
27.100000000001664        0.36233944435215676
27.120000000001678        0.3287249409254709
27.140000000001656        0.30135815829252177
27.16000000000167         0.27899024518884585
27.180000000001684        0.2606302337511983
27.20000000000167         0.24551155465974536
27.220000000001665        0.23304167259447284
27.240000000001668        0.22276266043744197
27.260000000001664        0.21432147049853706
27.280000000001664        0.2074459507876944
27.300000000001667        0.20192676288487343
27.320000000001677        0.19760388673618542
27.340000000001684        0.1943575842818341
27.36000000000168         0.1921000172388197
27.380000000001687        0.1907716840347422
27.40000000000168         0.1903380953805806
27.420000000001686        0.1907878953971598
27.440000000001685        0.1921322053397083
27.460000000001674        0.19440518655489678
27.48000000000168         0.19766585535612521
27.500000000001677        0.20200129164071162
27.520000000001687        0.20753151131074346
27.54000000000168         0.21441642297326038
27.560000000001683        0.22286548242077944
27.58000000000169         0.2331496639727476
27.60000000000169         0.2456237264675507
27.620000000001692        0.2607443525199676
27.640000000001685        0.27910560680930047
27.660000000001684        0.3014787314736755
27.680000000001694        0.32885911978473725
27.70000000000169         0.36250366521711047
27.720000000001683        0.40389382479986113
27.74000000000167         0.4543973958764353
27.76000000000165         0.5139749868199517
27.78000000000164         0.5781559408234638
27.800000000001617        0.6367356293105171
27.8200000000016          0.6810835547710827
27.840000000001602        0.7080347418162197
27.86000000000159         0.7215049221763263
27.880000000001594        0.7273658818635091
27.90000000000159         0.7290793416000073
27.9200000000016          0.7276490460563558
27.9400000000016          0.7220632476987352
27.9600000000016          0.7088434509066979
27.980000000001606        0.6821121173130663
28.000000000001627        0.6379288804960698
28.02000000000165         0.5794383718855451
28.04000000000166         0.5152776531194787
28.060000000001676        0.4556778033352
28.080000000001675        0.40513240133480455
28.10000000000167         0.36369361346367374
28.120000000001678        0.33000020162373483
28.140000000001677        0.30257850199904907
28.16000000000167         0.28016872054382247
28.180000000001673        0.26177829870138775
28.200000000001673        0.2466359321037635
28.22000000000169         0.2341465740065148
28.240000000001675        0.22385212969271368
28.260000000001686        0.21539959165471717
28.28000000000168         0.20851574838718068
28.30000000000168         0.20299015102183174
28.32000000000168         0.19866221077736435
28.34000000000168         0.1954114267107645
28.36000000000168         0.19315037196926288
28.3800000000017          0.19181980765185222
28.400000000001686        0.19138538903501054
28.420000000001686        0.1918357530499764
28.44000000000168         0.19318173724525303
28.46000000000169         0.1954573142619263
28.480000000001688        0.1987215207244051
28.500000000001684        0.20306163405818406
28.520000000001687        0.20859799345361132
28.5400000000017          0.21549096564265158
28.560000000001693        0.2239506297525284
28.580000000001696        0.23425002243825332
28.600000000001693        0.2467430890794302
28.620000000001696        0.26188879311562996
28.640000000001695        0.28028296791693164
28.660000000001695        0.3026988174998943
28.680000000001698        0.33013261438839225
28.700000000001694        0.3638513477883699
28.7200000000017          0.4053377328772638
28.74000000000169         0.45596404541021285
28.76000000000167         0.5156942156676763
28.780000000001653        0.5800530023501347
28.800000000001635        0.6388142449449503
28.820000000001624        0.6833143119011088
28.84000000000161         0.7103718067028049
28.86000000000161         0.7239087989288367
28.880000000001623        0.7298001613351289
28.90000000000162         0.7315253719668202
28.92000000000162         0.7300933946509578
28.940000000001625        0.7244901096028982
28.960000000001635        0.7112295296717754
28.980000000001635        0.6844055446806007
29.000000000001656        0.6400820640489057
29.020000000001648        0.5814188150743825
29.040000000001662        0.5170859554275822
29.060000000001672        0.45733691431436546
29.080000000001668        0.4066710404974184
29.100000000001668        0.3651389309527324
29.120000000001664        0.33137547742619156
29.14000000000166         0.3038978875113831
29.160000000001666        0.28144638375096626
29.180000000001677        0.2630236267060781
29.200000000001673        0.24785684464776592
29.220000000001676        0.23535087422194106
29.24000000000168         0.22504289459053653
29.260000000001686        0.21657926703572836
29.280000000001678        0.20968631640423976
29.30000000000168         0.20415470660892526
29.320000000001688        0.19982310979928392
29.340000000001687        0.19657004423239316
29.36000000000168         0.19430753567912173
29.38000000000168         0.19297599280970318
29.400000000001686        0.1925408603746006
29.420000000001696        0.19299076714005867
29.44000000000169         0.1943369429729715
29.46000000000169         0.19661379747400018
29.48000000000169         0.19988064045137408
29.500000000001695        0.20422509388334611
29.520000000001694        0.2097673234173568
29.540000000001694        0.21666824627930575
29.560000000001697        0.2251385632319462
29.580000000001704        0.23545217744766408
29.6000000000017          0.24796419589791346
29.6200000000017          0.26313512239709774
29.640000000001706        0.2815628271288162
29.660000000001702        0.304023183176235
29.6800000000017          0.3315166050399777
29.700000000001705        0.36530393967465036
29.720000000001697        0.4068677194150218
29.740000000001693        0.4575794940156802
29.760000000001675        0.5174402027453541
29.780000000001657        0.582094722497637
29.800000000001635        0.6410486501234277
29.820000000001627        0.685709595464314
29.840000000001623        0.7128792582866166
29.860000000001627        0.7264806556205884
29.880000000001615        0.7324046090932242
29.900000000001626        0.7341440261445479
29.920000000001625        0.7327128995146188
29.940000000001618        0.7270939312688149
29.960000000001635        0.7138030725120784
29.980000000001635        0.6869668134076797
30.000000000001656        0.6425349975237516
30.020000000001673        0.5835258559528664
30.04000000000168         0.519024336049446
30.06000000000169         0.45911447028053715
30.080000000001704        0.408319809388083
30.1000000000017          0.36668777775978745
30.120000000001703        0.3328482216156885
30.1400000000017          0.3053140467023617
30.160000000001702        0.2828207839434781
30.1800000000017          0.2643656567812842
30.2000000000017          0.24917328148631676
30.2200000000017          0.23664628524597028
30.240000000001704        0.22632384182845047
30.26000000000171         0.21785021445212677
30.280000000001717        0.21095025507755455
30.300000000001706        0.2054129317430765
30.3200000000017          0.20107763004763382
30.340000000001698        0.19782217239014394
30.360000000001715        0.1955583675576149
30.38000000000171         0.19422632170908785
30.40000000000171         0.19379130668278852
30.42000000000171         0.19424185030770158
30.44000000000172         0.1955891265065209
30.46000000000171         0.197867555122083
30.480000000001723        0.2011366412691132
30.50000000000171         0.20548420128299485
30.520000000001716        0.2110313225833412
30.54000000000172         0.21793939954463698
30.56000000000172         0.22641975742663517
30.580000000001718        0.236747078375554
30.60000000000172         0.24927935307016985
30.620000000001724        0.2644758601872961
30.64000000000172         0.28293781574569066
30.66000000000172         0.30544384600516095
30.68000000000172         0.3329978504357567
30.700000000001715        0.36686510991662685
30.72000000000171         0.40853382022248574
30.740000000001704        0.4593814891632566
30.760000000001682        0.5194123917096897
30.780000000001667        0.5842474859295309
30.80000000000165         0.6435589965124486
30.82000000000164         0.6883496707602739
30.840000000001638        0.7155563249972832
30.860000000001634        0.729209760547763
30.880000000001647        0.735166193856806
30.900000000001636        0.7369176314852169
30.920000000001643        0.7354827671193359
30.940000000001646        0.729838704233647
30.960000000001656        0.7164854900384768
30.980000000001667        0.6895339632238185
31.00000000000167         0.6449367163268835
31.02000000000168         0.5857337646067612
31.04000000000169         0.5209324894353106
31.0600000000017          0.46088969037897787
31.080000000001704        0.4100088385818623
31.100000000001696        0.3683003383245858
31.120000000001696        0.33439393447501203
31.140000000001717        0.30680187937822045
31.160000000001705        0.2842672203029738
31.18000000000171         0.2657839177645139
31.200000000001708        0.25057116688823194
31.220000000001704        0.23802721765249582
31.240000000001718        0.22769081671276517
31.260000000001718        0.21920675668506165
31.280000000001724        0.21229979599635276
31.300000000001724        0.20675794071202386
31.320000000001734        0.2024190549504988
31.340000000001726        0.19916026113046306
31.360000000001712        0.19689252699520612
31.380000000001726        0.19555814185369566
31.400000000001732        0.19512252373604747
31.420000000001718        0.1955733098964264
31.44000000000173         0.19692134074500045
31.460000000001724        0.1992010660572116
31.480000000001723        0.20247215217801512
31.500000000001734        0.20682269965583744
31.520000000001705        0.2123741819348896
31.54000000000174         0.2192885089458614
31.560000000001732        0.2277778270308725
31.580000000001732        0.2381179061174799
31.60000000000173         0.2506662829970836
31.62000000000174         0.2658867121218578
31.640000000001738        0.2843815036003315
31.660000000001723        0.3069326813579256
31.680000000001726        0.33455024706393244
31.70000000000172         0.36849821602168337
31.720000000001725        0.41027377984415303
31.740000000001718        0.461260561438916
31.760000000001703        0.5214663203682113
31.780000000001696        0.5865061808367609
31.800000000001667        0.6460273576117036
31.820000000001652        0.6909937163313059
31.84000000000166         0.7183226253187012
31.860000000001637        0.7320401814650409
31.880000000001644        0.7380320397533969
31.900000000001643        0.739800028118664
31.920000000001643        0.7383667005649504
31.94000000000164         0.7327021602543434
31.960000000001653        0.7192852803430906
31.980000000001674        0.6922213792561464
32.000000000001684        0.6474566624435629
32.02000000000169         0.5880500264403712
32.04000000000172         0.5230480588159637
32.060000000001715        0.46283310096180835
32.080000000001704        0.4118149986227416
32.10000000000173         0.37000148974220326
32.120000000001724        0.3360169934108983
32.140000000001706        0.3083706010272528
32.160000000001716        0.2857930368397092
32.18000000000171         0.2672771692199368
32.20000000000173         0.2520421520032072
32.22000000000171         0.2394854251836458
32.240000000001736        0.22914072333095395
32.26000000000172         0.22065050664955596
32.28000000000173         0.21373681930774063
32.300000000001724        0.20818826994917167
32.320000000001734        0.20384380515906836
32.34000000000173         0.20058156313353
32.360000000001726        0.19831285524649603
32.38000000000173         0.1969776963061919
32.40000000000174         0.19654092068422865
32.42000000000174         0.19699001625747992
32.440000000001746        0.1983360040777437
32.460000000001735        0.2006151079659209
32.48000000000173         0.20388713800213892
32.500000000001734        0.2082396782360442
32.52000000000175         0.2137947303611537
32.54000000000175         0.22071454920516692
32.56000000000175         0.22921200370660155
32.580000000001746        0.23956384972109224
32.60000000000174         0.2521289669972956
32.62000000000175         0.26737287510359975
32.64000000000174         0.2859001631934092
32.660000000001745        0.308495846480964
32.68000000000174         0.3361731349565975
32.70000000000175         0.3702113791210827
32.72000000000174         0.41211896653970465
32.74000000000173         0.46329232443595386
32.7600000000017          0.52370948110071
32.7800000000017          0.5888529445995905
32.800000000001674        0.6485909411425527
32.82000000000166         0.6937391114940218
32.84000000000165         0.7211949629912844
32.86000000000166         0.7349850257899307
32.88000000000165         0.7410129806076149
32.900000000001654        0.7427966959826404
32.920000000001664        0.7413639967242358
32.94000000000165         0.7356793288905132
32.96000000000167         0.7221895507315483
32.980000000001674        0.694929306168026
33.0000000000017          0.6499549393944857
33.02000000000171         0.5904978412418197
33.04000000000172         0.5253793300632406
33.06000000000173         0.4648781020079468
33.080000000001725        0.41371958427597355
33.10000000000173         0.3717987033427054
33.12000000000173         0.3377336406698624
33.14000000000173         0.31002809573718765
33.16000000000172         0.2874083967519798
33.18000000000173         0.2688627653395653
33.20000000000173         0.2536056623860801
33.22000000000173         0.24103218688604386
33.24000000000173         0.23067714530892774
33.26000000000173         0.22218163305833494
33.28000000000175         0.2152680493144023
33.300000000001745        0.20972156074911782
33.320000000001734        0.20537690934845465
33.340000000001744        0.20211119883708564
33.36000000000174         0.1998379632557717
33.38000000000174         0.1984982987571991
33.40000000000174         0.19805771761049204
33.42000000000174         0.19850470025154543
33.440000000001746        0.1998504071895217
33.46000000000175         0.20212903544659866
33.480000000001745        0.20539988778478763
33.50000000000175         0.20975242986434836
33.52000000000175         0.215309349689728
33.540000000001754        0.22223329907099085
33.56000000000176         0.23073771699518886
33.58000000000176         0.24110033050442217
33.60000000000177         0.2536796286114456
33.62000000000175         0.26894573815317135
33.64000000000176         0.2875044193107592
33.660000000001766        0.3101438337256139
33.68000000000175         0.337881310609089
33.700000000001744        0.3720014737360009
33.720000000001754        0.4140190755948516
33.740000000001736        0.4653372049562468
33.76000000000173         0.5259380474207329
33.780000000001706        0.5913176910518055
33.80000000000168         0.651124314943398
33.82000000000167         0.69650220744484
33.840000000001666        0.7241751526668849
33.86000000000167         0.7380653130560615
33.880000000001665        0.7441305328685073
33.900000000001675        0.7459364312632787
33.92000000000167         0.744510630420398
33.94000000000167         0.7388118268879238
33.96000000000167         0.7252695597011934
33.98000000000168         0.6978975343513255
34.0000000000017          0.6527509467693873
34.02000000000172         0.5930805702833882
34.040000000001726        0.5277493807972462
34.060000000001736        0.4671419203224213
34.08000000000174         0.4157920744830845
34.10000000000175         0.3737357414685022
34.12000000000175         0.33957867325817354
34.14000000000176         0.3118096591890469
34.160000000001745        0.28914810280245473
34.18000000000175         0.2705695846901267
34.20000000000175         0.2552896093769317
34.22000000000175         0.24270107096346533
34.24000000000176         0.23233570884407015
34.26000000000175         0.22383185800326508
34.28000000000175         0.21691042459294477
34.30000000000176         0.21135744074628351
34.320000000001755        0.20701012034845234
34.34000000000175         0.2037458930926274
34.360000000001754        0.201476198598751
34.380000000001765        0.20014110655516415
34.40000000000176         0.1997040133560549
34.42000000000177         0.20015113199349557
34.44000000000176         0.20149335168120275
34.46000000000178         0.20376748802016736
34.480000000001766        0.20703518472735427
34.50000000000177         0.21138551303010958
34.52000000000176         0.21694120591704
34.54000000000176         0.22386597346757903
34.560000000001764        0.2323742290938201
34.580000000001775        0.24274441654480072
34.60000000000178         0.2553373833074307
34.62000000000177         0.27062277764021775
34.64000000000178         0.2892105342669974
34.66000000000177         0.31189121330535735
34.680000000001776        0.3396846676767571
34.700000000001765        0.3738849373452138
34.72000000000177         0.4160128126092981
34.74000000000176         0.4674778104864104
34.76000000000173         0.5282669464012603
34.78000000000172         0.5938706640519041
34.80000000000171         0.6539099135048407
34.82000000000169         0.699487220563094
34.84000000000168         0.7273044936911464
34.860000000001676        0.7412820445456213
34.88000000000168         0.7474004942782959
34.9000000000017          0.7492319600029649
34.920000000001686        0.7478161027432713
34.94000000000169         0.7421071236738889
34.9600000000017          0.7285372246037375
34.9800000000017          0.7010370643064128
35.00000000000173         0.655715065126495
35.020000000001716        0.5958252852096607
35.04000000000175         0.5302739602266671
35.06000000000174         0.4694762094649715
35.08000000000175         0.4179748483787793
35.10000000000175         0.3758030328682803
35.120000000001745        0.3415598832150716
35.140000000001756        0.3137275855328299
35.16000000000175         0.2910171703762147
35.18000000000177         0.2724072528757717
35.200000000001765        0.25710601652794624
35.220000000001754        0.2445030666162834
35.24000000000176         0.23412889959278446
35.26000000000175         0.225618558302791
35.28000000000177         0.2186937715375912
35.30000000000176         0.21313994737087297
35.32000000000178         0.2087932279582012
35.34000000000177         0.20553018239193596
35.360000000001776        0.2032608808263277
35.38000000000175         0.2019240365647883
35.40000000000177         0.20148386398396062
35.42000000000178         0.20192883451481977
35.44000000000177         0.20327128422537621
35.46000000000178         0.2055467469835462
35.48000000000177         0.20881578259146757
35.50000000000179         0.21316786064154877
35.52000000000177         0.21872586651497256
35.54000000000178         0.2256521117311315
35.560000000001786        0.2341612114722781
35.580000000001775        0.2445342335868489
35.600000000001785        0.25713551625155934
35.62000000000179         0.2724366450405157
35.640000000001784        0.2910496056615508
35.66000000000177         0.31376871516134686
35.68000000000179         0.3416185390436682
35.70000000000178         0.37589114505714827
35.72000000000177         0.4181074498091726
35.740000000001764        0.4696793787267942
35.76000000000176         0.5306328093938532
35.780000000001735        0.5965621676979289
35.80000000000171         0.656873119414328
35.8200000000017          0.7026634439794615
35.840000000001695        0.7306333887901626
35.86000000000169         0.7447062625569668
35.880000000001694        0.7508851360407419
35.900000000001704        0.7527583527916313
35.92000000000171         0.7513692563531682
35.94000000000171         0.7456641601968431
35.96000000000173         0.7320546018026768
35.98000000000172         0.7045482300079278
36.00000000000173         0.6590884219597947
36.020000000001744        0.5988134369388385
36.040000000001776        0.5329441947643767
36.06000000000176         0.47205926839768503
36.08000000000176         0.42039954642168087
36.100000000001764        0.3781062883726765
36.12000000000176         0.3437719063587548
36.14000000000178         0.31587189874697624
36.16000000000176         0.2931120275194273
36.18000000000177         0.2744668085522603
36.200000000001765        0.259140802382487
36.22000000000178         0.24652066748350773
36.24000000000177         0.2361342774678396
36.26000000000177         0.22761755951899817
36.28000000000176         0.22068953223965
36.30000000000177         0.21513385271665605
36.32000000000178         0.21078514274710233
36.34000000000176         0.20751984889076863
36.36000000000178         0.20524772665871138
36.38000000000178         0.2039085000982312
36.40000000000178         0.20346781018531782
36.42000000000177         0.2039134748180911
36.44000000000178         0.20525666521121455
36.460000000001784        0.20753212320977055
36.48000000000179         0.21079943281593075
36.50000000000178         0.21514780859721921
36.52000000000178         0.22070166251378304
36.540000000001804        0.22762589552879814
36.56000000000179         0.23613686373506876
36.580000000001796        0.2465160878502674
36.600000000001785        0.2591273899937578
36.62000000000179         0.2744446410084379
36.6400000000018          0.29307999894753156
36.660000000001794        0.31583464819793944
36.6800000000018          0.3437381390229773
36.7000000000018          0.3780889893344454
36.72000000000179         0.42041638022891115
36.74000000000178         0.47214154818908927
36.76000000000176         0.5332976423621605
36.78000000000175         0.5994759689830291
36.800000000001724        0.6601904618807283
36.82000000000171         0.7061810424060693
36.8400000000017          0.7342495304039265
36.8600000000017          0.7484219086311196
36.8800000000017          0.7546858749378231
36.9000000000017          0.756616394290277
36.920000000001714        0.7552672413709232
36.940000000001696        0.7495777256369286
36.960000000001706        0.7359384301815124
36.980000000001716        0.7083302009555913
37.00000000000174         0.662690974818938
37.02000000000175         0.6021790323330163
37.040000000001776        0.5360665577167306
37.06000000000178         0.474891068099329
37.08000000000179         0.423106854287716
37.10000000000179         0.38070810431245244
37.120000000001795        0.346287092277544
37.140000000001784        0.3183203013543055
37.16000000000178         0.2955076169754269
37.18000000000178         0.2768266921475532
37.20000000000179         0.2614751827986254
37.220000000001804        0.24883702180211134
37.240000000001785        0.2384371812288671
37.26000000000178         0.22990972250030298
37.2800000000018          0.22297332707439044
37.300000000001795        0.21741165750491748
37.3200000000018          0.2130595881794009
37.340000000001794        0.20979277728250945
37.360000000001826        0.20752037721444838
37.3800000000018          0.20618068066245976
37.4000000000018          0.20573808749078093
37.4200000000018          0.20618072304606358
37.4400000000018          0.2075198461170489
37.460000000001806        0.20979067212586977
37.4800000000018          0.21305373834825084
37.5000000000018          0.2173982941703957
37.520000000001815        0.22294805756833608
37.540000000001825        0.22986763723834952
37.56000000000181         0.23837417245701165
37.5800000000018          0.24875179906728423
37.60000000000181         0.2613665962550578
37.620000000001816        0.2766932733466422
37.64000000000181         0.295348902692134
37.66000000000181         0.3181361755167709
37.680000000001804        0.34609260937866343
37.70000000000181         0.3805211269473798
37.72000000000181         0.4229613791381295
37.74000000000178         0.47484660768158665
37.76000000000178         0.5362192083225036
37.78000000000174         0.602667930900339
37.80000000000175         0.6636782209610649
37.82000000000172         0.7099423681848537
37.84000000000172         0.7382279521838732
37.8600000000017          0.7525523669177044
37.88000000000171         0.7589190375131677
37.900000000001704        0.7609353186321867
37.9200000000017          0.7596572575420677
37.9400000000017          0.7540135606538043
37.96000000000171         0.7403446224501535
37.980000000001745        0.7126625801826008
38.00000000000175         0.6668399626004583
38.02000000000177         0.60607346650922
38.04000000000179         0.5396939239120301
38.06000000000179         0.4782822445903295
38.08000000000181         0.4263074778052895
38.10000000000179         0.3837625726054522
38.1200000000018          0.3492330774206901
38.1400000000018          0.3211880267116502
38.160000000001794        0.29832363005753476
38.18000000000181         0.27960437696319557
38.2000000000018          0.26422672715221185
38.2200000000018          0.25157148536705176
38.2400000000018          0.24116200124982906
38.26000000000182         0.23263009170123772
38.280000000001806        0.22569354721271456
38.300000000001816        0.2201329080354273
38.320000000001805        0.21578131470179165
38.34000000000181         0.21251356870735483
38.36000000000181         0.21023908092200477
38.38000000000181         0.20889674086924537
38.400000000001825        0.2084509194745772
38.420000000001814        0.20888935581078136
38.44000000000181         0.2102226616097521
38.46000000000181         0.21248516298066505
38.48000000000181         0.21573759314859176
38.50000000000182         0.22007063656123577
38.520000000001815        0.2256090840724139
38.540000000001825        0.23251963898411582
38.560000000001814        0.24101963733419265
38.58000000000183         0.25139206945056153
38.60000000000182         0.2640045569059874
38.620000000001816        0.27933492280482325
38.64000000000182         0.29800470644415217
38.66000000000183         0.32082176204612056
38.68000000000182         0.3488297342210861
38.70000000000182         0.383347931613215
38.72000000000181         0.42593511717086807
38.7400000000018          0.4780443729609778
38.760000000001774        0.5396976167646584
38.78000000000177         0.6063755376034488
38.800000000001745        0.6677131849457336
38.820000000001734        0.7142931790783164
38.84000000000172         0.7428267502710233
38.86000000000172         0.757333674383843
38.88000000000173         0.763845858776199
38.90000000000172         0.7659900239652054
38.920000000001714        0.764824124651574
38.940000000001724        0.7592623113209036
38.96000000000172         0.745611667683101
38.98000000000174         0.7177422847243797
39.00000000000177         0.6716896941339667
39.02000000000178         0.6108068196436246
39.04000000000179         0.5442178846893144
39.06000000000181         0.4825043664582821
39.08000000000181         0.43023262099648096
39.10000000000181         0.38752100518758015
39.12000000000182         0.3528668471128231
39.14000000000181         0.32472970100975973
39.16000000000181         0.3017980745649008
39.18000000000182         0.28303105465050976
39.200000000001815        0.2676207838537684
39.22000000000182         0.2549439376596045
39.240000000001814        0.24452007714562818
39.26000000000183         0.2359787581157863
39.28000000000182         0.22903455786007615
39.300000000001816        0.2234685592764429
39.320000000001826        0.21911396654707807
39.34000000000183         0.21584497567271266
39.360000000001826        0.21357026998073061
39.38000000000182         0.21222708872743298
39.40000000000182         0.2117787955016951
39.42000000000183         0.21221276334867822
39.440000000001845        0.21353994905878426
39.46000000000183         0.21579564606052262
39.48000000000183         0.2190409844078112
39.50000000000182         0.22336608260993618
39.52000000000183         0.22889532668769827
39.540000000001825        0.23579485063427585
39.56000000000183         0.2442829318051518
39.58000000000183         0.2546443711480316
39.600000000001835        0.2672494718391985
39.62000000000184         0.28257678617507914
39.64000000000183         0.30125531128669886
39.66000000000183         0.3240964663724333
39.68000000000183         0.3521516059569353
39.70000000000183         0.38675122736273293
39.72000000000181         0.4294688406387376
39.74000000000182         0.48177483081124706
39.76000000000178         0.5437071748196556
39.78000000000177         0.610749032811481
39.80000000000176         0.6723665062016171
39.82000000000174         0.7193769626809781
39.840000000001744        0.7483197750020812
39.86000000000174         0.7630959141792858
39.88000000000176         0.7697993993973113
39.90000000000174         0.7721034462359966
39.92000000000175         0.7710781026838255
39.94000000000175         0.7656232635874978
39.96000000000175         0.7520100168333875
39.980000000001766        0.7240613540368482
40.000000000001776        0.6777988457409784
40.020000000001794        0.6165959981736999
40.04000000000181         0.5496591965095464
40.060000000001814        0.4876342138802608
40.0800000000018          0.43514422885236703
40.100000000001806        0.39221548273581347
40.12000000000182         0.3574087401506248
40.140000000001805        0.3291640285091667
40.16000000000182         0.30615974954476427
40.18000000000182         0.28733843594849123
40.20000000000181         0.27188940922219895
40.22000000000182         0.2591844041029226
40.240000000001814        0.2487393836044637
40.26000000000182         0.24018173831531264
40.28000000000182         0.2332249581549296
40.30000000000183         0.22764862106246564
40.32000000000182         0.22328365968674882
40.34000000000183         0.22000263124259742
40.36000000000183         0.2177130028265484
40.38000000000183         0.21635256138199183
40.40000000000184         0.21588566597419312
40.42000000000183         0.21630007168465326
40.44000000000184         0.21760625947924897
40.46000000000183         0.21983855064818117
40.48000000000185         0.22305708415468448
40.500000000001826        0.22735147145336154
40.520000000001836        0.23284647762683722
40.54000000000183         0.23970967236764565
40.56000000000184         0.24816095056624504
40.58000000000183         0.25848632878003897
40.60000000000184         0.27105736259191654
40.62000000000184         0.2863571649456708
40.64000000000185         0.30501477750126155
40.660000000001844        0.3278489714629046
40.68000000000185         0.355918369501411
40.700000000001836        0.39056128415844305
40.72000000000183         0.43338969261060944
40.74000000000182         0.485870977505335
40.760000000001824        0.5480716584481233
40.780000000001785        0.61548138908254
40.80000000000177         0.6775331921536935
40.82000000000177         0.7249724682564838
40.84000000000176         0.7542813672897029
40.860000000001754        0.7693435170055111
40.88000000000175         0.7762775657502604
40.900000000001754        0.7787844813319169
40.92000000000177         0.7779408669354094
40.94000000000175         0.7726356436533891
40.96000000000176         0.7591194164149372
40.98000000000177         0.7310964899112431
41.00000000000178         0.6846489004713766
41.020000000001815        0.6231551385620945
41.04000000000182         0.5558910399172802
41.060000000001814        0.49356414115420366
41.080000000001824        0.44082299735676495
41.10000000000183         0.3976945005406363
41.12000000000182         0.36273068264777936
41.14000000000184         0.33436046274031883
41.16000000000184         0.3112484077096288
41.18000000000183         0.2923375056460171
41.20000000000183         0.2768095931252735
41.22000000000183         0.264033181218182
41.24000000000183         0.25352018737855603
41.26000000000183         0.2448948147225262
41.28000000000184         0.2378664470122468
41.300000000001816        0.23221551341130545
41.32000000000184         0.22777300049129068
41.34000000000185         0.22441055636594393
41.36000000000184         0.22203390498399758
41.380000000001836        0.2205777182251425
41.400000000001846        0.22000355174299757
41.42000000000185         0.22029900338262923
41.440000000001845        0.22147547688710806
41.46000000000184         0.22356712759493053
41.48000000000185         0.226633075670717
41.50000000000185         0.23076140269301154
41.52000000000185         0.23607493581183372
41.54000000000185         0.24273991961575414
41.56000000000185         0.2509746630565069
41.58000000000186         0.2610641904289714
41.60000000000185         0.27337851242935446
41.62000000000186         0.28839964286746345
41.64000000000185         0.3067566833894494
41.660000000001865        0.3292689241910206
41.680000000001854        0.3569961462967351
41.70000000000185         0.39127992436416437
41.72000000000185         0.4337090262995542
41.74000000000184         0.4857816910854877
41.76000000000183         0.5476133681448051
41.780000000001806        0.6148363379100732
41.80000000000179         0.6767436600970256
41.82000000000178         0.7241369497619856
41.84000000000176         0.7535104088482963
41.86000000000176         0.7687282382620373
41.88000000000177         0.7758815128838522
41.90000000000176         0.7786501024537789
41.920000000001785        0.7780988780665385
41.94000000000178         0.7731054349793954
41.960000000001784        0.7599011835117248
41.98000000000179         0.7322821614604659
42.00000000000181         0.6861326366319355
42.02000000000183         0.6246470001168625
42.04000000000182         0.5573583190226624
42.060000000001835        0.4950338426001498
42.08000000000184         0.4422602293531588
42.10000000000184         0.39893313945025244
42.12000000000182         0.36369634206662765
42.140000000001855        0.3349815559891398
42.16000000000184         0.311457286859781
42.18000000000185         0.2920710768669669
42.20000000000185         0.27601030569193885
42.22000000000184         0.2626472717092239
42.24000000000186         0.25149511370790256
42.260000000001845        0.24217849382586146
42.28000000000184         0.23441081775291905
42.30000000000186         0.22797235038488933
42.32000000000185         0.2226895968034682
42.34000000000185         0.21842621040505136
42.36000000000184         0.2150823963592368
42.380000000001864        0.21259311667832986
42.40000000000185         0.21092041079266807
42.42000000000186         0.2100460121850462
42.44000000000185         0.20996980052824846
42.46000000000187         0.21071178305868643
42.48000000000186         0.21231644183819554
42.50000000000187         0.2148598670311104
42.52000000000187         0.21845240462719326
42.54000000000187         0.223239847356029
42.560000000001864        0.22941177394341006
42.58000000000186         0.23721609601614235
42.600000000001856        0.24697969972870942
42.62000000000187         0.25913386450945575
42.64000000000187         0.2742366621747395
42.660000000001865        0.2930186295132536
42.68000000000186         0.31642733202772544
42.70000000000188         0.34567057873862717
42.72000000000186         0.3821913912727643
42.74000000000185         0.4273677407713066
42.76000000000184         0.48132743061826266
42.78000000000182         0.540072146280791
42.800000000001795        0.5940235465438065
42.820000000001784        0.635026298958161
42.84000000000178         0.6602595577505974
42.860000000001776        0.673557665708619
42.88000000000177         0.6802781833259994
42.90000000000177         0.6835658483175678
42.920000000001764        0.6844786598433149
42.94000000000176         0.6823591340417438
42.96000000000179         0.6741819684195746
42.980000000001795        0.6543006375520103
43.00000000000181         0.6182074565666535
43.02000000000184         0.5673589249840431
43.04000000000184         0.5093545488421555
43.06000000000187         0.45418036939286277
43.08000000000185         0.4065112728907663
43.100000000001856        0.36675271482615573
43.120000000001866        0.3338539034135832
43.14000000000186         0.3065548444160092
43.16000000000186         0.28374622226335755
43.180000000001854        0.2645258057778894
43.200000000001864        0.24820067409583949
43.22000000000187         0.23421448261124658
43.24000000000187         0.222136454217934
43.26000000000186         0.21162775519557317
43.28000000000187         0.20241993954816756
43.300000000001866        0.19429876724686984
43.32000000000187         0.1870922434528138
43.34000000000186         0.18066134671435394
43.360000000001875        0.17489273230117255
43.380000000001885        0.16969311302429924
43.39999999999999         0.16498504616369866
