% Model:              ModelBHUpMagnet.mph
% Version:            COMSOL 5.6.0.280
% Date:               Oct 21 2021, 16:32
% Dimension:          1
% Nodes:              955
% Expressions:        1
% Description:        线图
% cln2x                   Height
24.16                     0.12996361301318526
24.184640055115374        0.14329699279401512
24.19777396402497         0.1518515747567442
24.24648067761454         0.19557389984865814
24.246612511155085        0.19557915900335268
24.24710973182655         0.19656546489780471
24.288363540123786        0.2506140332849998
24.296642831792155        0.26529097612513536
24.316455950318108        0.30338673942333494
24.32222503749014         0.3152796842655716
24.325716545735478        0.3210081960845288
24.34230221442253         0.3570267405973213
24.359999999999996        0.3884700081556639
24.38000000000224         0.41392436852189624
24.400000000003853        0.4288270576534398
24.42000000000475         0.4360666534775344
24.440000000005167        0.43940336647336237
24.460000000005316        0.4409397809555283
24.480000000005333        0.44160552501908706
24.50000000000533         0.441779029822465
24.520000000005332        0.441567079372891
24.540000000005335        0.44088013746288157
24.56000000000533         0.439365475617681
24.580000000005327        0.43614539476893677
24.600000000005352        0.4292077645066732
24.620000000005376        0.41493034557835534
24.640000000005415        0.39029263374596057
24.660000000005468        0.3570083179627002
24.680000000005514        0.319952308411239
24.70000000000554         0.2859155691439543
24.720000000005548        0.2580300063087588
24.740000000005537        0.23637085541659855
24.760000000005533        0.22009318572465317
24.78000000000553         0.20832687029997993
24.800000000005532        0.2003957981269018
24.82000000000553         0.19583975080112717
24.84000000000552         0.19439530487733592
24.860000000005513        0.19597725815323463
24.880000000005516        0.20067399720455606
24.900000000005505        0.20875227258585763
24.920000000005498        0.22067597519240995
24.94000000000549         0.2371252472305876
24.960000000005472        0.2589742557080566
24.980000000005443        0.2870707090165774
25.000000000005404        0.32133626586828823
25.02000000000535         0.3586196345121086
25.040000000005307        0.39209403695108597
25.060000000005275        0.41686359912977616
25.080000000005253        0.43121072817526507
25.100000000005235        0.4381753700287956
25.12000000000524         0.44140135333504105
25.140000000005234        0.44291337830634275
25.16000000000523         0.4435958286481587
25.18000000000523         0.44380656510223665
25.200000000005225        0.44364161980809463
25.22000000000522         0.4430052669548543
25.240000000005224        0.44154010633452534
25.260000000005235        0.43835843257693474
25.280000000005238        0.4314399631420848
25.30000000000526         0.4171387401301575
25.320000000005304        0.3924140751380428
25.34000000000536         0.35898377355783834
25.360000000005396        0.3217472737446753
25.380000000005428        0.2875362670551059
25.400000000005434        0.25948777732615064
25.420000000005423        0.23772597068805817
25.44000000000542         0.22136450929465334
25.460000000005415        0.20953518943232294
25.48000000000541         0.20156158011697461
25.50000000000541         0.19698211890228315
25.52000000000541         0.1955322363542348
25.540000000005403        0.1971270440819268
25.5600000000054          0.20185499629119139
25.58000000000541         0.2099846890589605
25.600000000005394        0.2219830814225896
25.62000000000538         0.23853482320877492
25.64000000000536         0.2605201548984609
25.660000000005343        0.28879342383507445
25.680000000005297        0.32321872962445947
25.700000000005236        0.360816757537048
25.720000000005193        0.39462304016718375
25.740000000005153        0.4195346013907886
25.76000000000514         0.4339622921893837
25.780000000005135        0.441003350107681
25.80000000000513         0.44429362867788125
25.820000000005127        0.44585547347961363
25.840000000005123        0.4465816222691313
25.86000000000512         0.44683220326111617
25.88000000000512         0.44670381667038883
25.900000000005114        0.44609998159903025
25.92000000000512         0.44466060869115337
25.94000000000512         0.44148842866701093
25.96000000000513         0.4345628543922391
25.98000000000516         0.4202396883812172
26.00000000000521         0.39541213990355306
26.02000000000525         0.3616640011545368
26.040000000005293        0.32410510900656647
26.060000000005317        0.28967438339672097
26.080000000005306        0.26147586262634503
26.100000000005302        0.23956672829122308
26.120000000005305        0.22309860914237398
26.140000000005312        0.21119715972618058
26.160000000005297        0.20318110877780382
26.180000000005293        0.19858601001521597
26.20000000000529         0.1971460386118856
26.220000000005292        0.1987769948693955
26.240000000005296        0.20356811585655515
26.260000000005284        0.21179062360827675
26.28000000000528         0.22391518834041638
26.300000000005273        0.24063046766601418
26.320000000005255        0.2628197783735481
26.340000000005226        0.29134160490423205
26.360000000005193        0.32614456865686325
26.38000000000514         0.36411041044182724
26.400000000005086        0.3982557008288632
26.42000000000505         0.4234283654551897
26.440000000005035        0.4380215821611799
26.46000000000502         0.4451588858442041
26.48000000000503         0.44850938307502997
26.50000000000502         0.4501151782418812
26.520000000005016        0.4508759217203883
26.540000000005016        0.451156315316728
26.56000000000502         0.4510534182968665
26.58000000000501         0.4504693031379105
26.600000000005007        0.4490396499825598
26.620000000005017        0.44586143058173483
26.640000000005024        0.43888871319652345
26.66000000000505         0.42444235467367286
26.680000000005094        0.399384677430512
26.700000000005133        0.3653148310449694
26.720000000005182        0.32739459136564447
26.74000000000519         0.29263247028808786
26.7600000000052          0.26418048144308726
26.78000000000519         0.24204994934099497
26.8000000000052          0.22542400316037858
26.820000000005194        0.21341518150266553
26.840000000005183        0.20533368494020388
26.860000000005186        0.20070984679400214
26.88000000000519         0.19927511001757653
26.900000000005182        0.20094413635385716
26.92000000000518         0.20580825139710607
26.94000000000517         0.21414224337885493
26.960000000005166        0.22642257292692144
26.980000000005152        0.2433462299408944
27.00000000000514         0.26580723891640173
27.020000000005115        0.29467467327444097
27.040000000005065        0.3299581487475299
27.06000000000503         0.3683139922748732
27.080000000004972        0.40277957044982376
27.100000000004936        0.4283186426286084
27.12000000000492         0.4431577469750868
27.140000000004914        0.45041210193842485
27.160000000004917        0.4538241092497226
27.18000000000491         0.4554692067762649
27.200000000004923        0.45625982581773894
27.22000000000491         0.45656340570847825
27.240000000004905        0.4564782457157369
27.260000000004897        0.45590523013718187
27.2800000000049          0.45447549128741566
27.30000000000491         0.45127469277487686
27.320000000004917        0.44422488846938674
27.340000000004945        0.4295634053570979
27.360000000004973        0.40416182865287914
27.380000000005026        0.3697860935487357
27.40000000000506         0.3314826862242946
27.420000000005086        0.29628900891302307
27.440000000005085        0.2674557969186107
27.46000000000508         0.2450665870178763
27.480000000005084        0.22824981014193388
27.50000000000508         0.21610702778859942
27.52000000000509         0.20794021542013674
27.54000000000508         0.20327455184331725
27.560000000005072        0.20183892850102966
27.580000000005064        0.2035469574248768
27.600000000005053        0.20849217068537446
27.62000000000506         0.21695357077015417
27.640000000005053        0.22941521082161198
27.66000000000504         0.2465863373497742
27.68000000000502         0.26937883128099566
27.700000000005           0.29867856127048115
27.72000000000496         0.3344099869647248
27.74000000000491         0.3733027522736355
27.760000000004872        0.40825784501464263
27.780000000004836        0.434168836618375
27.800000000004832        0.4492356279324409
27.820000000004825        0.4566120928036933
27.840000000004817        0.46009073040155496
27.860000000004813        0.4617755311727685
27.880000000004813        0.46259376419342024
27.900000000004805        0.4629170236352678
27.920000000004805        0.46284538970545513
27.9400000000048          0.46227864879708497
27.960000000004804        0.4608430404637893
27.9800000000048          0.45761036830450974
28.00000000000483         0.4504688918643549
28.020000000004842        0.43561014641100115
28.040000000004877        0.40985972441395113
28.06000000000492         0.37500833889286816
28.08000000000495         0.33617409000157683
28.100000000004965        0.3004928313347878
28.12000000000497         0.2712610380296155
28.140000000004967        0.2485610120590609
28.160000000004967        0.23152154906294592
28.180000000004963        0.2192201180562476
28.200000000004966        0.21095107670920707
28.22000000000495         0.2062336386732592
28.240000000004947        0.2047932310259236
28.260000000004943        0.2065432653603334
28.280000000004947        0.21157863141113112
28.30000000000495         0.22018300877410785
28.320000000004928        0.23284812820367726
28.340000000004938        0.25029421373108013
28.360000000004916        0.27344715968935607
28.380000000004884        0.3032066764227554
28.400000000004848        0.3394348126882203
28.42000000000481         0.37900959256016203
28.44000000000476         0.414622794350486
28.460000000004733        0.44090469658873316
28.480000000004722        0.45617367672890574
28.500000000004704        0.46367320616651564
28.520000000004693        0.4672222234428512
28.540000000004678        0.4689483305211657
28.560000000004685        0.4697916375649541
28.58000000000468         0.47013157661781874
28.600000000004673        0.4700699067284185
28.62000000000467         0.46950479546908913
28.64000000000466         0.46805638006895467
28.660000000004676        0.4647813503871968
28.680000000004696        0.4575408299204916
28.70000000000472         0.4425065026214172
28.720000000004745        0.4164078126783303
28.7400000000048          0.38091236527960354
28.760000000004844        0.34140492346723417
28.780000000004843        0.3051901057846086
28.800000000004857        0.27553591995520016
28.820000000004868        0.2525044345599897
28.840000000004864        0.23520456290556493
28.860000000004856        0.22271778846088375
28.880000000004852        0.21432839274540982
28.900000000004848        0.20954827969342177
28.92000000000485         0.20809841056891334
28.940000000004847        0.20989086310712637
28.960000000004843        0.2150235844951829
28.98000000000484         0.2237830116950212
29.000000000004828        0.2366689447952862
29.020000000004817        0.2544111213850335
29.040000000004802        0.27794534883368543
29.06000000000478         0.30818162666706933
29.08000000000474         0.34506895915939134
29.100000000004698        0.3853153533386845
29.12000000000465         0.4215379626558427
29.14000000000462         0.4482746395676249
29.1600000000046          0.46381405999682535
29.1800000000046          0.47145160808512043
29.20000000000459         0.47507001093955137
29.220000000004585        0.47683404699936294
29.240000000004592        0.47769858671607457
29.260000000004585        0.47805103350018074
29.280000000004577        0.47799466402767105
29.30000000000457         0.477425572235359
29.320000000004576        0.47595678156999716
29.340000000004586        0.47262911659876106
29.360000000004597        0.4652708310727768
29.380000000004625        0.4499819883470895
29.400000000004656        0.4234428249285614
29.420000000004695        0.3873503869968622
29.44000000000473         0.34718237917922046
29.460000000004737        0.31036412796379437
29.480000000004743        0.28021693358598476
29.500000000004746        0.25680731222991326
29.520000000004742        0.23921750976743822
29.540000000004742        0.22652575563413976
29.56000000000474         0.218001936330595
29.580000000004738        0.21314955341027642
29.600000000004734        0.2116853004838199
29.62000000000473         0.21351990610852312
29.64000000000473         0.21875166860480766
29.660000000004725        0.22767401467355647
29.680000000004735        0.24079490951554186
29.70000000000471         0.25885691779519066
29.720000000004696        0.2828122550638547
29.740000000004677        0.31358690335870987
29.760000000004627        0.3511294323057501
29.780000000004588        0.3920839903186686
29.800000000004538        0.42885376629208377
29.8200000000045          0.45612932848208015
29.84000000000449         0.47201268331771606
29.860000000004483        0.47980735494825105
29.88000000000448         0.48349733798396916
29.900000000004475        0.48529749905313635
29.92000000000447         0.4861829193940254
29.940000000004463        0.48654654300149563
29.96000000000446         0.4864935897170433
29.980000000004456        0.4859181796328184
30.00000000000447         0.4844260113863243
30.020000000004465        0.4810398480319166
30.040000000004472        0.47354076878222534
30.060000000004493        0.4579190962322412
30.08000000000454         0.4308512246082
30.100000000004577        0.39422290371805113
30.12000000000461         0.35342137099224913
30.140000000004633        0.315939288800448
30.160000000004636        0.2852352817677693
30.180000000004647        0.26139881408118676
30.20000000000464         0.2435031474913529
30.220000000004635        0.2305923689212815
30.240000000004628        0.22192359121428074
30.260000000004624        0.21699163326376933
30.28000000000463         0.21550850806732447
30.30000000000462         0.21738400568464236
30.320000000004622        0.2227173027040382
30.34000000000462         0.23180944539670062
30.360000000004607        0.24517789079201457
30.3800000000046          0.26358140223809534
30.40000000000458         0.28799529526297235
30.420000000004556        0.31936733852583055
30.44000000000453         0.35761944556374287
30.460000000004477        0.3992640343491116
30.480000000004438        0.43671908326307235
30.5000000000044          0.46450914542213456
30.520000000004387        0.4806992818069661
30.540000000004383        0.4886489112222911
30.560000000004372        0.4924146270959577
30.58000000000438         0.4942535241123988
30.60000000000437         0.4951594871519096
30.62000000000437         0.4955335932384724
30.640000000004367        0.49548269169458076
30.660000000004363        0.4948989603919434
30.68000000000436         0.4933807194267862
30.700000000004366        0.48993107649939904
30.720000000004372        0.4822844776918766
30.74000000000439         0.4663658541960763
30.760000000004435        0.43879278375976155
30.780000000004478        0.40148732489818506
30.800000000004513        0.3599396269153035
30.82000000000453         0.3217755530414687
30.840000000004526        0.290513814097533
30.86000000000453         0.26624135278292327
30.88000000000452         0.24802701585539502
30.900000000004514        0.23488519953548212
30.920000000004517        0.22606237894139927
30.940000000004524        0.22104522642769603
30.96000000000451         0.219540809568012
30.980000000004512        0.22145737846345698
31.00000000000451         0.22689757645671144
31.020000000004504        0.23616634904951525
31.0400000000045          0.24979158486071024
31.06000000000449         0.2685459935628012
31.08000000000447         0.2934225544538256
31.100000000004442        0.32538609594628215
31.120000000004417        0.3643580228683897
31.140000000004378        0.4067997403735429
31.160000000004327        0.4450853674860725
31.1800000000043          0.4733683930200163
31.20000000000428         0.4898325147052513
31.22000000000427         0.4979394262212795
31.240000000004276        0.501787459550609
31.260000000004265        0.5036679768964326
31.280000000004264        0.5045949973155495
31.300000000004268        0.5049778527079446
31.320000000004267        0.5049263789396208
31.34000000000426         0.504331038512867
31.360000000004273        0.502782521079797
31.380000000004266        0.49926355263645533
31.400000000004272        0.4914628937399379
31.420000000004297        0.47529354650783
31.440000000004325        0.44724178625201794
31.460000000004374        0.40911528797274577
31.4800000000044          0.36671117024996525
31.500000000004405        0.32785428306930786
31.52000000000442         0.2960402954037429
31.540000000004405        0.2713346070805182
31.56000000000441         0.25278221207128243
31.58000000000441         0.239398245839509
31.600000000004417        0.2304154028664049
31.620000000004403        0.2253109469723255
31.640000000004388        0.22378655847690399
31.66000000000439         0.2257489042717183
31.68000000000439         0.2313041240471296
31.70000000000439         0.24076078166064108
31.720000000004383        0.25465660854106625
31.740000000004375        0.2737761998901781
31.760000000004368        0.29912516874144973
31.780000000004325        0.33168114880313765
31.800000000004303        0.3713917274214096
31.820000000004253        0.4147325790086523
31.840000000004213        0.4537831400417801
31.86000000000419         0.48264370312849464
31.880000000004184        0.4994569603576696
31.900000000004162        0.5077415398470569
31.920000000004165        0.5116748749139783
31.940000000004158        0.5135966718636304
31.960000000004165        0.5145433442386314
31.980000000004157        0.5149332381899923
32.00000000000416         0.5148797324192417
32.02000000000416         0.5142707676065479
32.040000000004156        0.5126868836308519
32.06000000000415         0.5090878943434284
32.080000000004176        0.5011237846933362
32.100000000004194        0.484598415168229
32.120000000004225        0.4559715727621857
32.14000000000426         0.41708645854241116
32.16000000000428         0.3738646312946722
32.18000000000431         0.3342673952819537
32.200000000004295        0.3018464985550663
32.2200000000043          0.2766675299581766
32.240000000004294        0.2577574289217437
32.26000000000429         0.24411359274004232
32.28000000000429         0.23495479983991607
32.30000000000429         0.2297506178698082
32.320000000004285        0.2281977401486695
32.34000000000429         0.23019989098228422
32.36000000000428         0.23586301256081588
32.38000000000428         0.24550324354957662
32.400000000004276        0.25966739621689344
32.42000000000425         0.27915420468363966
32.44000000000425         0.3049871301641529
32.46000000000422         0.3381611266874707
32.4800000000042          0.3786253439505841
32.50000000000414         0.4227973528959711
32.52000000000411         0.46252952716850876
32.540000000004085        0.4920582020114606
32.56000000000407         0.5093148671598141
32.58000000000407         0.5178108599224216
32.60000000000406         0.5218385791883354
32.620000000004055        0.5238045658372392
32.64000000000407         0.5247721327949466
32.66000000000406         0.5251701809146285
32.68000000000406         0.5251145734826405
32.70000000000405         0.5244913465689102
32.720000000004056        0.5228708253164137
32.74000000000406         0.5191874622061595
32.760000000004055        0.5110379362641436
32.780000000004094        0.4940784638157593
32.80000000000412         0.46479952990404444
32.82000000000414         0.42524724573389444
32.84000000000419         0.3812688725592029
32.86000000000418         0.3408994062159238
32.88000000000418         0.3078320208982169
32.900000000004184        0.2821577579570703
32.92000000000418         0.2628821040970629
32.94000000000418         0.2489790515479292
32.96000000000417         0.23964928041063094
32.980000000004175        0.23434860795218024
33.00000000000417         0.23276925567739445
33.02000000000418         0.23481489393168772
33.04000000000416         0.2405932224575672
33.06000000000417         0.2504239456652383
33.08000000000416         0.2648682902018102
33.10000000000416         0.2847406083273154
33.12000000000414         0.31108835716713207
33.140000000004115        0.3449292372540526
33.16000000000408         0.3861879700480994
33.18000000000405         0.43115793272669406
33.200000000004           0.47172460352513557
33.220000000003985        0.5019111969443679
33.24000000000396         0.5195929743651352
33.260000000003956        0.5283136646741223
33.28000000000395         0.5324479542545985
33.30000000000396         0.5344633761301978
33.32000000000395         0.5354536585851061
33.34000000000394         0.5358611895362699
33.36000000000394         0.5358048722889115
33.380000000003946        0.535166366535516
33.40000000000394         0.533503981211602
33.420000000003945        0.5297216764148384
33.44000000000397         0.5213424973085803
33.46000000000397         0.503971762945212
33.480000000004           0.47404152847559106
33.500000000004036        0.4336623041386326
33.52000000000406         0.38882629577246264
33.54000000000407         0.34769353509583145
33.560000000004074        0.314002596870878
33.58000000000407         0.2878414347459672
33.60000000000407         0.26819847539807684
33.62000000000406         0.2540287344608326
33.64000000000406         0.24451927675932192
33.66000000000406         0.23911868554789636
33.68000000000407         0.23751131094417763
33.70000000000407         0.23959767805081655
33.720000000004056        0.2454897631860594
33.74000000000405         0.25551609390715657
33.760000000004055        0.2702440105530376
33.78000000000404         0.2905035367031443
33.800000000004026        0.3173599089764849
33.820000000004           0.3518480234028671
33.840000000003975        0.3938957915077149
33.860000000003936        0.4397541717508892
33.88000000000391         0.48130607408634773
33.90000000000387         0.5121277622042496
33.920000000003874        0.5302016146381885
33.940000000003856        0.5391520386411904
33.96000000000385         0.5434029151830235
33.98000000000385         0.5454755185473689
34.00000000000383         0.5464948351459793
34.02000000000384         0.5469154872719956
34.04000000000385         0.5468592658085543
34.06000000000384         0.5462041743771086
34.080000000003835        0.5444948758536794
34.10000000000386         0.5406021011154563
34.12000000000386         0.5319819541982208
34.14000000000386         0.514156169829689
34.160000000003905        0.48365962876334484
34.18000000000393         0.4423014999929228
34.200000000003946        0.39651182722688333
34.22000000000397         0.35462868258181307
34.24000000000396         0.3203401379458892
34.260000000003956        0.293703300767263
34.28000000000396         0.27369355353536035
34.300000000003955        0.25925463061832943
34.32000000000395         0.24956352599335138
34.34000000000396         0.24406006478927914
34.360000000003964        0.24242479576991557
34.38000000000394         0.24455798151382116
34.40000000000394         0.25057226205760524
34.42000000000394         0.2608035557445958
34.44000000000394         0.2758258795335849
34.46000000000393         0.2964834006282803
34.48000000000391         0.3238536232378062
34.500000000003894        0.3589839266231258
34.52000000000386         0.4018327580678665
34.54000000000383         0.4486934953995801
34.56000000000378         0.49113867221723306
34.580000000003764        0.5226736307177183
34.600000000003746        0.541211745832475
34.62000000000375         0.5504111543897058
34.640000000003745        0.5547847115973548
34.66000000000374         0.5569195182289592
34.680000000003744        0.5579719588980184
34.70000000000373         0.5584091533710792
34.720000000003736        0.5583557595571157
34.74000000000374         0.5576857686137484
34.76000000000375         0.5559302391588007
34.78000000000373         0.5519282887405402
34.80000000000375         0.5430812869873152
34.82000000000376         0.5248583041954606
34.84000000000378         0.49358491723553904
34.860000000003815        0.45133435599495064
34.88000000000385         0.40463041408557465
34.90000000000385         0.3619371945011058
34.92000000000385         0.3269849151652733
34.94000000000385         0.299827694937196
34.960000000003845        0.27942473080671043
34.980000000003834        0.2647003590360924
35.000000000003844        0.25482062857415017
35.02000000000384         0.2492110704502208
35.040000000003836        0.2475454102935274
35.06000000000384         0.24972282901587708
35.08000000000383         0.2558593227475092
35.10000000000383         0.2662958914641555
35.12000000000382         0.28162056807406105
35.140000000003816        0.3026907607161783
35.1600000000038          0.33060316692446556
35.18000000000378         0.3664237397357976
35.200000000003755        0.410115036217334
35.220000000003715        0.4579280963842819
35.24000000000367         0.5011857656437748
35.26000000000364         0.5335200638816479
35.28000000000363         0.5526147829275585
35.300000000003635        0.5620971582402209
35.32000000000364         0.5666047293304194
35.34000000000364         0.5688067491598965
35.36000000000363         0.5698944847727624
35.38000000000363         0.5703488165057442
35.40000000000362         0.5702989246094593
35.42000000000364         0.5696160101390557
35.440000000003614        0.5678170559916617
35.460000000003625        0.5637055198714086
35.48000000000364         0.5546110996001352
35.50000000000365         0.5359113836182923
35.5200000000037          0.5037789561155745
35.54000000000371         0.4607234363974969
35.56000000000374         0.41315048342446986
35.58000000000373         0.36959566659701526
35.600000000003725        0.3339238776724554
35.62000000000373         0.30621297717908436
35.64000000000374         0.28539710567989063
35.660000000003734        0.27037754475632675
35.68000000000372         0.2602992478122467
35.70000000000373         0.25457949014584774
35.72000000000372         0.2528853808347138
35.740000000003725        0.2551127372445927
35.76000000000373         0.26137907971730934
35.78000000000371         0.27203257896767813
35.80000000000371         0.2876721160004572
35.8200000000037          0.30917913045389034
35.84000000000371         0.3376748588889798
35.86000000000368         0.3742505109994186
35.88000000000363         0.4188451789830161
35.900000000003615        0.4675744853962609
35.92000000000357         0.511807430839994
35.94000000000355         0.5449224786676656
35.96000000000355         0.5645371767307814
35.98000000000353         0.5743039804487025
36.00000000000354         0.578952305840187
36.020000000003535        0.5812246088560153
36.040000000003545        0.5823495780510084
36.06000000000351         0.5828244628595983
36.080000000003515        0.5827827941064105
36.100000000003526        0.5820913323502035
36.12000000000353         0.580252273701287
36.14000000000351         0.5760321940560079
36.16000000000352         0.5666745820237218
36.180000000003545        0.5474257927294099
36.20000000000357         0.5146110084947898
36.220000000003594        0.4705977732066414
36.240000000003604        0.4220323836173659
36.26000000000363         0.37759326818714606
36.28000000000364         0.3411975144449577
36.30000000000362         0.3129210926807621
36.32000000000362         0.29167922333547996
36.34000000000363         0.2763542803002306
36.360000000003616        0.26606859570348024
36.38000000000361         0.26023049844848495
36.40000000000361         0.2585027384024405
36.4200000000036          0.26078063986876576
36.440000000003614        0.26718423046810014
36.4600000000036          0.27806770870455355
36.4800000000036          0.2940429370451112
36.5000000000036          0.31600348469423384
36.52000000000357         0.3450941027404091
36.54000000000357         0.38242675191034964
36.56000000000352         0.4279453700331914
36.580000000003494        0.47771986445894915
36.60000000000346         0.5229811579792152
36.620000000003444        0.55699995054271
36.640000000003425        0.5771081455754149
36.66000000000342         0.5871683566183173
36.68000000000341         0.5919722044722175
36.70000000000343         0.594327988133946
36.72000000000341         0.5955022903729663
36.74000000000341         0.5960073922764867
36.760000000003416        0.5959805071033395
36.780000000003405        0.5952847440175466
36.8000000000034          0.5934068453491392
36.82000000000341         0.589073701172968
36.840000000003414        0.5794479003057091
36.86000000000344         0.5596748912045661
36.88000000000345         0.5261791889934734
36.90000000000349         0.4810241479643604
36.92000000000351         0.4313386242589603
36.94000000000352         0.3860012917678277
36.96000000000351         0.34888535618942457
36.98000000000351         0.32003530908841704
37.00000000000352         0.2983522350906137
37.020000000003506        0.2827028717769795
37.04000000000351         0.27220214314357255
37.0600000000035          0.266245874261403
37.080000000003494        0.2644887331661631
37.10000000000349         0.2668229269412008
37.120000000003486        0.2733713980958977
37.14000000000349         0.28449698420464375
37.160000000003485        0.3008259846818584
37.18000000000349         0.32326156248058385
37.20000000000346         0.3529651416305895
37.22000000000345         0.3910636963180459
37.24000000000343         0.4375355209443302
37.2600000000034          0.4885007087408143
37.280000000003376        0.5349942873000214
37.300000000003344        0.5697927578272338
37.32000000000335         0.5905115380578217
37.34000000000333         0.600914199612394
37.360000000003325        0.6058959887827701
37.38000000000332         0.6083487159222536
37.40000000000333         0.6095814333881383
37.42000000000333         0.6101248314791587
37.44000000000333         0.6101206029202763
37.46000000000335         0.6094263643812918
37.480000000003336        0.6075098078193149
37.50000000000335         0.6030553138917288
37.520000000003336        0.5931523508437476
37.540000000003346        0.5728751885803997
37.560000000003356        0.538430757790909
37.58000000000338         0.492182461689602
37.600000000003405        0.4413907800876148
37.620000000003394        0.3950784063646461
37.64000000000339         0.35716406730402034
37.660000000003386        0.32768821834770817
37.68000000000339         0.3055321046087139
37.700000000003385        0.28953919995777677
37.72000000000338         0.2788120449102938
37.74000000000337         0.27273155747077094
37.76000000000338         0.27094521110698383
37.78000000000338         0.2733440706827458
37.800000000003365        0.28005464906802696
37.82000000000337         0.29144699910940813
37.84000000000337         0.3081579971211579
37.86000000000336         0.33111470927912007
37.88000000000334         0.36150086406394316
37.90000000000334         0.400467378283617
37.92000000000331         0.4479991187998783
37.94000000000328         0.5001676474967335
37.96000000000324         0.5478554093244641
37.98000000000323         0.5835510163941708
38.00000000000321         0.6049974711406284
38.02000000000321         0.615789353486295
38.040000000003204        0.6209687584528046
38.06000000000321         0.623533309515723
38.080000000003196        0.624838201787225
38.1000000000032          0.6254319906360709
38.1200000000032          0.6254616139056147
38.1400000000032          0.6247793251752093
38.16000000000322         0.6228338018489196
38.1800000000032          0.6182639187927355
38.20000000000321         0.6080686512888778
38.220000000003225        0.5872071573763399
38.24000000000325         0.5518478690860272
38.26000000000328         0.5044408339655335
38.28000000000329         0.45252600296647155
38.30000000000329         0.4051146212692666
38.32000000000328         0.36628363168190414
38.34000000000328         0.33610019542255576
38.36000000000328         0.3134170519434879
38.38000000000328         0.29704978467484316
38.40000000000329         0.2860735879015467
38.420000000003284        0.27985707265080934
38.44000000000329         0.27804023349700796
38.46000000000328         0.2805121765462415
38.48000000000327         0.2874023349841539
38.50000000000327         0.2990893041218599
38.52000000000327         0.3162236925545274
38.540000000003246        0.339762385691801
38.56000000000326         0.3709206309265266
38.58000000000323         0.4108817340667047
38.60000000000319         0.45961010623613563
38.62000000000316         0.5130298180812887
38.64000000000314         0.5619083145659944
38.66000000000312         0.5988049947129616
38.680000000003105        0.620990911847226
38.7000000000031          0.6322062658551267
38.720000000003104        0.6376128979571867
38.7400000000031          0.640308630310051
38.760000000003096        0.6416990923964783
38.78000000000309         0.6423535551007413
38.80000000000308         0.6424258178205756
38.820000000003105        0.6417633383511463
38.84000000000309         0.6397937969218234
38.86000000000309         0.63509999122708
38.88000000000311         0.6245561344437535
38.900000000003104        0.6029558849215149
38.92000000000313         0.5665200503442455
38.94000000000316         0.5179482414557218
38.96000000000316         0.46472244919755434
38.98000000000319         0.4161533936689419
39.000000000003176        0.37637401481980426
39.02000000000318         0.34544797672947714
39.04000000000316         0.3222043372640384
39.06000000000319         0.3054330230811568
39.080000000003174        0.29419049945538095
39.10000000000317         0.2878268381014983
39.12000000000316         0.2859774458306831
39.14000000000316         0.2885305529533745
39.16000000000317         0.29562021235724895
39.180000000003155        0.30763561311437965
39.20000000000315         0.32524664106805
39.22000000000315         0.3494291717071222
39.24000000000312         0.38143031380475295
39.26000000000312         0.42246269977024203
39.280000000003085        0.4724994500862275
39.30000000000307         0.5274059685634596
39.320000000003034        0.5777642073153625
39.34000000000301         0.61595844823654
39.360000000003           0.6389177477892625
39.380000000002994        0.650605433917439
39.40000000000299         0.6562815098418487
39.420000000003           0.6591417950783355
39.44000000000298         0.6606485394992938
39.460000000002985        0.6613953715728836
39.480000000002995        0.6615415972674862
39.50000000000299         0.660927552873443
39.520000000002995        0.6589556423522976
39.54000000000297         0.6541479371884867
39.560000000002994        0.6432571465925757
39.580000000003           0.6209312026244225
39.600000000003014        0.5833601871642599
39.620000000003046        0.5333415748509212
39.64000000000305         0.47855914774663333
39.66000000000306         0.42870630476671745
39.68000000000307         0.38788936653540906
39.70000000000307         0.3561419407902901
39.720000000003076        0.3322736049235718
39.74000000000306         0.31505276312342817
39.76000000000307         0.3035144600097533
39.78000000000306         0.2969991315356487
39.800000000003045        0.29513050014694153
39.820000000003056        0.2977934946169621
39.84000000000305         0.30512676068383193
39.86000000000305         0.31753193109977423
39.880000000003044        0.33569881471315804
39.90000000000303         0.36062681003394126
39.920000000003014        0.39358959048295067
39.940000000003           0.4358291426306655
39.960000000002985        0.4873569972953724
39.98000000000295         0.5440674156357954
40.00000000000293         0.5962814297983356
40.0200000000029          0.6357810160034517
40.0400000000029          0.6597387486373028
40.06000000000288         0.6720201651443527
40.080000000002876        0.6780370203527438
40.10000000000289         0.6811138881954689
40.120000000002875        0.6827790491571195
40.14000000000288         0.6836534604106086
40.160000000002874        0.6839021507556813
40.18000000000288         0.6833573633492639
40.20000000000288         0.6813922937095332
40.220000000002884        0.6764599931836761
40.24000000000287         0.6651897784688039
40.26000000000289         0.6420984414851251
40.28000000000291         0.6032523949806354
40.30000000000293         0.5514319871372043
40.32000000000295         0.49492893743314886
40.34000000000295         0.44354341283054793
40.36000000000297         0.40146647431117255
40.38000000000297         0.3687308398141809
40.400000000002954        0.34411670540956607
40.42000000000295         0.32635961208211006
40.44000000000295         0.3144655171370486
40.46000000000295         0.3077619964825553
40.480000000002946        0.3058607035424171
40.50000000000294         0.3086440991523869
40.52000000000294         0.3162554513253615
40.540000000002934        0.3291097397630287
40.56000000000292         0.34791870290788357
40.58000000000292         0.37371497659720215
40.600000000002915        0.4078136063669834
40.62000000000289         0.4514955385569095
40.64000000000288         0.5047869285910465
40.66000000000285         0.5635104682245676
40.680000000002806        0.6177484183116861
40.700000000002795        0.6589369608870983
40.72000000000279         0.6840696871290867
40.740000000002766        0.6970798351341808
40.76000000000278         0.7035049670700282
40.78000000000277         0.7068400616030381
40.80000000000276         0.708694927787237
40.82000000000277         0.7097228736094667
40.84000000000277         0.7100977523269546
40.86000000000276         0.7096428877252053
40.88000000000276         0.7076973574302008
40.90000000000277         0.7026295450584678
40.920000000002766        0.6909026266321964
40.94000000000279         0.6668368767988373
40.9600000000028          0.6264575230419703
40.98000000000282         0.5727090684292083
41.000000000002835        0.5143012317633836
41.02000000000284         0.4611194060395418
41.040000000002856        0.41755053248568086
41.06000000000284         0.38365537322417204
41.08000000000284         0.35817240697742136
41.10000000000284         0.339792515024288
41.12000000000283         0.3274908099964325
41.140000000002836        0.32056744966951906
41.160000000002825        0.31862518317734184
41.180000000002835        0.32154553322331864
41.200000000002824        0.3294790251081813
41.220000000002834        0.3428565378759176
41.24000000000282         0.36241696481117736
41.26000000000282         0.38923653584349666
41.280000000002794        0.424687548068584
41.3000000000028          0.47010460320874164
41.320000000002764        0.5255045875216033
41.340000000002746        0.5865320104493635
41.3600000000027          0.6430357417162402
41.380000000002696        0.6862758566893881
41.40000000000267         0.7129221235571217
41.42000000000268         0.7267943034061388
41.44000000000267         0.7337232223485041
41.460000000002665        0.7373883107303839
41.48000000000266         0.7394944202914949
41.500000000002665        0.7407353011436099
41.52000000000267         0.7412961932911104
41.54000000000266         0.7409912771649265
41.56000000000267         0.7391173406077063
41.58000000000266         0.7339389393294584
41.60000000000267         0.7216972486214476
41.62000000000267         0.6964407436278504
41.640000000002686        0.6542493003426578
41.66000000000271         0.5983654930715947
41.68000000000272         0.5376159398515673
41.70000000000273         0.48233332592033284
41.720000000002734        0.43701727725388867
41.74000000000272         0.40173070348355766
41.76000000000272         0.3751754988967776
41.78000000000273         0.3560007649613412
41.800000000002726        0.3431502751157385
41.820000000002715        0.3358943818716036
41.84000000000271         0.3338246250711021
41.860000000002714        0.336819394583157
41.88000000000273         0.34503672251344214
41.9000000000027          0.3589261852073843
41.9200000000027          0.3792584590376149
41.9400000000027          0.4071517436048451
41.96000000000269         0.44403187542587075
41.98000000000267         0.49129243639501285
42.00000000000264         0.5489765064705219
42.02000000000263         0.6126448566459497
42.04000000000259         0.671843944703988
42.06000000000257         0.7173854947723359
42.080000000002556        0.7457233192722493
42.10000000000256         0.7606276338329874
42.12000000000256         0.7682085243205761
42.14000000000256         0.7723328750572976
42.16000000000256         0.7748123055127719
42.18000000000256         0.7763874285723572
42.200000000002554        0.7772560751016324
42.22000000000257         0.7772161602080502
42.24000000000255         0.7755086171686937
42.260000000002556        0.7702553682435987
42.28000000000255         0.7574153510686535
42.300000000002576        0.7307143707277515
42.32000000000259         0.6861503028002359
42.3400000000026          0.6270703052994598
42.360000000002614        0.5625786184848799
42.38000000000262         0.5036236125917305
42.40000000000262         0.4547361062267687
42.42000000000262         0.41598326835936406
42.44000000000262         0.38605674689216435
42.46000000000261         0.3635775094273382
42.480000000002605        0.3474480786598926
42.50000000000259         0.3369003972105386
42.5200000000026          0.3314748037013941
42.54000000000261         0.33099535127761215
42.5600000000026          0.3355580862285711
42.58000000000259         0.345545783020851
42.600000000002595        0.36165211245805606
42.6200000000026          0.3849084292302734
42.64000000000257         0.4166550185938862
42.66000000000256         0.4582381166222388
42.68000000000255         0.5097961146961243
42.70000000000251         0.567301622457875
42.720000000002486        0.6209488861514209
42.74000000000247         0.6621427741474673
42.76000000000245         0.6877511047163258
42.78000000000245         0.7015408511841892
42.800000000002456        0.7090090122669254
42.82000000000246         0.7136017153276858
42.840000000002455        0.7169734904865779
42.860000000002444        0.7199286563959191
42.88000000000247         0.7229109358751005
42.90000000000244         0.7260520999837299
42.92000000000244         0.7288976210590146
42.94000000000244         0.7297181782143068
42.960000000002445        0.7244355731697361
42.98000000000244         0.7064990991879955
43.00000000000246         0.6708420207652037
43.0200000000025          0.6186688017748072
43.04000000000249         0.5580821233148537
43.060000000002496        0.4997426137529378
43.080000000002485        0.44879484182217705
43.100000000002474        0.4058888237593851
43.12000000000246         0.3700726909384082
43.14000000000246         0.3401124107846419
43.160000000002455        0.31489232689984714
43.18000000000243         0.2934906703230895
43.2                      0.27519356583914056
