% Model:              ModelBHUpMagnet.mph
% Version:            COMSOL 5.6.0.280
% Date:               Oct 20 2021, 19:01
% Dimension:          1
% Nodes:              998
% Expressions:        1
% Description:        线图
% cln1x                   Height
47.6000000000019          0.16635682669706506
47.6200000000019          0.17109907406758984
47.64000000000188         0.17632591721914873
47.6600000000019          0.18211390452064274
47.6800000000019          0.18855554016360546
47.7000000000019          0.1957634161990939
47.72000000000189         0.203875598903302
47.74000000000187         0.21306281182727668
47.760000000001874        0.2235380335860361
47.780000000001856        0.23556901011943923
47.80000000000185         0.24949454583301853
47.82000000000184         0.265739995074113
47.84000000000183         0.28486833984211063
47.8600000000018          0.30758075536316565
47.88000000000179         0.3347762314647945
47.900000000001775        0.3675678351382249
47.92000000000176         0.40722137894184623
47.940000000001746        0.45478475502130644
47.96000000000173         0.509782732719056
47.980000000001695        0.567375857557631
48.00000000000168         0.6176911144054745
48.02000000000165         0.6535633955254274
48.04000000000164         0.6733420258570606
48.06000000000163         0.6813804396137731
48.080000000001625        0.6833901184292602
48.10000000000162         0.6824167623517975
48.12000000000162         0.6791148288437775
48.14000000000162         0.672404733715055
48.160000000001624        0.659120799883759
48.180000000001655        0.6338740601470203
48.200000000001666        0.5929075032228576
48.22000000000168         0.5391877837554548
48.2400000000017          0.48062072471911194
48.2600000000017          0.4267227366260624
48.28000000000173         0.3815860755775551
48.30000000000172         0.34511180161619215
48.32000000000171         0.31591671335462596
48.340000000001716        0.2925523829604428
48.36000000000171         0.2738113236066863
48.38000000000172         0.2587415087988239
48.40000000000171         0.24661656991998868
48.42000000000171         0.23687719311081912
48.44000000000172         0.22909441685456744
48.46000000000171         0.22294191350585593
48.4800000000017          0.21817221875147588
48.50000000000171         0.21459628109828596
48.520000000001694        0.2120690914409516
48.540000000001704        0.21048072128078887
48.56000000000171         0.20975404796007335
48.5800000000017          0.20984383353737054
48.60000000000171         0.21073056263758017
48.62000000000171         0.21241538246063282
48.64000000000172         0.21491818690707742
48.6600000000017          0.21827736309692186
48.6800000000017          0.22255659844672343
48.70000000000169         0.22785328249758133
48.72000000000169         0.23430370167920944
48.74000000000171         0.2420829999718304
48.760000000001696        0.25141203517089317
48.780000000001685        0.26257671772852514
48.8000000000017          0.2759516078226191
48.82000000000171         0.2920235277422164
48.840000000001695        0.31142066443052063
48.86000000000168         0.3349550438070063
48.8800000000017          0.3636766350706604
48.90000000000169         0.3989120869539106
48.920000000001686        0.4422588244958058
48.940000000001675        0.4951285589680897
48.96000000000165         0.5574937939226772
48.98000000000163         0.6246862756077918
49.00000000000162         0.6859941039157512
49.02000000000161         0.7321798464236954
49.04000000000159         0.7598942848714452
49.0600000000016          0.7731265617577455
49.0800000000016          0.7781196110121781
49.10000000000159         0.7786673716348069
49.12000000000161         0.7758953888145973
49.140000000001606        0.7687407374278108
49.1600000000016          0.7535441964543136
49.18000000000159         0.7241552225326406
49.20000000000163         0.6767599749581384
49.22000000000165         0.6148714844022197
49.240000000001636        0.5477290975148796
49.26000000000165         0.4858634590511387
49.28000000000164         0.43374750646793553
49.30000000000164         0.39129667447843675
49.32000000000163         0.35700551027717625
49.34000000000163         0.32927705836041793
49.360000000001634        0.30676567609155486
49.38000000000164         0.28840997860952267
49.400000000001654        0.27339013116286653
49.420000000001636        0.2610769032105991
49.44000000000164         0.2509883064060673
49.460000000001635        0.24275471599578607
49.48000000000164         0.23609042230018307
49.500000000001634        0.23077719134145952
49.52000000000165         0.22664918182573993
49.54000000000163         0.22358357666083598
49.560000000001644        0.2214922763237149
49.58000000000163         0.2203161433427271
49.60000000000162         0.22002099703205594
49.62000000000163         0.2205954112426998
49.640000000001635        0.22205177173396612
49.66000000000164         0.2244284711529361
49.68000000000163         0.22779082285041694
49.70000000000164         0.2322333354650955
49.72000000000163         0.23788438166271655
49.74000000000163         0.24491357603833003
49.760000000001654        0.2535402739062085
49.780000000001635        0.26405398784303513
49.80000000000163         0.2768313775627112
49.820000000001635        0.29236047341930743
49.84000000000162         0.31127252766827423
49.860000000001634        0.3343851121807426
49.88000000000163         0.36275356728751623
49.900000000001626        0.3977088972167293
49.920000000001615        0.4408135372379513
49.940000000001604        0.4935086178825973
49.96000000000158         0.5558022936278393
49.98000000000157         0.623159989935553
50.000000000001556        0.6846779727663642
50.02000000000156         0.7311236314659582
50.04000000000153         0.7591250474250073
50.060000000001544        0.7726654108018086
50.08000000000153         0.7779686099000446
50.10000000000152         0.7788079151623196
50.12000000000152         0.7762968831142131
50.140000000001514        0.7693605791916648
50.160000000001524        0.7543188258305566
50.18000000000154         0.7250897726625878
50.20000000000157         0.6776825111919762
50.22000000000157         0.6154712495826471
50.24000000000157         0.547973714117484
50.26000000000158         0.4858054521503536
50.280000000001586        0.4333991508972336
50.30000000000159         0.3905789811956593
50.32000000000159         0.3559283156526665
50.340000000001595        0.3278574217690934
50.360000000001584        0.30502386232485973
50.38000000000159         0.28636737798292555
50.400000000001576        0.2710686494173227
50.420000000001586        0.2584985041643585
50.44000000000158         0.24817383043266208
50.46000000000157         0.23972310656797924
50.480000000001574        0.23286034750568227
50.50000000000159         0.22736567898283147
50.5200000000016          0.2230715551517965
50.540000000001584        0.21985324074611462
50.56000000000158         0.21762114122582935
50.580000000001576        0.21631507745250297
50.60000000000157         0.21590080202886577
50.620000000001575        0.2163678208556988
50.64000000000158         0.21772836258761075
50.66000000000159         0.22001805085668708
50.68000000000157         0.22329911257675944
50.70000000000159         0.22766409397401796
50.72000000000157         0.23324043406066042
50.74000000000157         0.2401971844264134
50.76000000000158         0.24875472809740623
50.78000000000157         0.25919953744748253
50.800000000001575        0.271904260717964
50.82000000000158         0.28735301057055707
50.84000000000157         0.30617768453140176
50.86000000000157         0.3291860236449179
50.88000000000158         0.35742906636055033
50.90000000000156         0.3922274733912183
50.920000000001565        0.43513270233358164
50.94000000000153         0.4875772296286644
50.960000000001536        0.5495695032994345
50.98000000000152         0.6165990330913333
51.0000000000015          0.6779695146389266
51.02000000000148         0.7241973783303013
51.04000000000148         0.7520584424663662
51.060000000001466        0.7656483152539159
51.08000000000147         0.7711047784285082
51.10000000000148         0.7721339470837827
51.12000000000147         0.7698250162554835
51.140000000001464        0.7631152192056906
51.16000000000148         0.748351865247669
51.18000000000149         0.7194806481829412
51.200000000001495        0.6724984001478103
51.22000000000149         0.6107241591267988
51.240000000001515        0.5435982275898991
51.26000000000152         0.4817015582245688
51.280000000001536        0.42944270071477997
51.30000000000151         0.3867504897164126
51.32000000000153         0.3521611779778044
51.34000000000152         0.3241095173441505
51.36000000000151         0.30126925193312154
51.3800000000015          0.2825884958145171
51.400000000001526        0.2672600712687641
51.420000000001515        0.2546558836716966
51.44000000000151         0.24429512104012308
51.46000000000152         0.23580753094934162
51.480000000001525        0.22890835802428244
51.500000000001506        0.2233793689360439
51.52000000000151         0.21905446268500808
51.540000000001505        0.2158092741199519
51.560000000001516        0.21355369838615978
51.5800000000015          0.21222661704558343
51.60000000000151         0.21179274771821135
51.6200000000015          0.21224114059719237
51.64000000000153         0.21358443292079252
51.66000000000151         0.2158591102820841
51.680000000001506        0.21912796951712116
51.70000000000151         0.22348259323834269
51.720000000001505        0.22904862561644293
51.74000000000151         0.235992863211432
51.76000000000151         0.24453421017719387
51.78000000000151         0.25495809002204217
51.80000000000151         0.26763497318717716
51.82000000000151         0.28304539254599737
51.8400000000015          0.3018129603060313
51.8600000000015          0.32474629752414075
51.880000000001495        0.3528882808820649
51.900000000001484        0.38755500506186147
51.920000000001494        0.4302622448592717
51.94000000000148         0.4824594027550265
51.960000000001465        0.544145067718586
51.98000000000145         0.610830712953354
52.000000000001435        0.6718811072475661
52.02000000000142         0.7178918571217895
52.040000000001406        0.7456646494244199
52.060000000001395        0.7592839507634253
52.08000000000139         0.7648430396059537
52.10000000000141         0.7660107459033542
52.120000000001426        0.7638694258174828
52.14000000000141         0.7573587047578229
52.1600000000014          0.7428302483197812
52.180000000001414        0.7142132383231229
52.200000000001424        0.6677290992594717
52.22000000000146         0.6063669697191352
52.24000000000146         0.5396007167270899
52.26000000000146         0.4779796393574503
52.28000000000146         0.42591476733230516
52.300000000001454        0.38335094597131086
52.320000000001464        0.3488416351501691
52.340000000001474        0.32083613224417334
52.360000000001456        0.2980192631628314
52.38000000000146         0.2793490631226141
52.40000000000148         0.2640182509542643
52.42000000000146         0.2514054399552956
52.44000000000146         0.2410328134284822
52.46000000000145         0.23253271974726178
52.480000000001446        0.22562181527302436
52.50000000000145         0.22008330374358587
52.52000000000145         0.2157504706520401
52.54000000000144         0.21249821758391832
52.56000000000146         0.21023588269581645
52.58000000000146         0.20890272627467515
52.600000000001444        0.2084644212860577
52.62000000000144         0.2089103673251639
52.64000000000145         0.21025283702816627
52.66000000000146         0.21252747145639017
52.680000000001435        0.2157953956879986
52.70000000000145         0.2201472117001619
52.72000000000145         0.22570813706439755
52.740000000001444        0.2326443901275302
52.76000000000146         0.24117553805493164
52.78000000000145         0.2515848718928837
52.800000000001454        0.2642399023257311
52.82000000000144         0.27961733071938843
52.84000000000143         0.29833657780626505
52.86000000000145         0.3212018659556295
52.88000000000144         0.3492505466958654
52.900000000001434        0.3837908130836328
52.92000000000142         0.4263620433952872
52.940000000001426        0.4783851135401006
52.9600000000014          0.5398319153561115
52.980000000001404        0.606121329551529
53.00000000000138         0.6667247596982127
53.020000000001374        0.7126878004173278
53.04000000000135         0.7403876320402151
53.06000000000137         0.7540346707062697
53.080000000001355        0.7596806884787511
53.10000000000135         0.7609628862911002
53.120000000001355        0.758950602343146
53.14000000000135         0.7525861548279492
53.16000000000136         0.73824088224243
53.180000000001364        0.70987181554256
53.20000000000138         0.6635673376126836
53.22000000000138         0.6027088351259382
53.24000000000138         0.536343379187911
53.26000000000139         0.47493628801977805
53.2800000000014          0.42300599703122066
53.3000000000014          0.38053460012554546
53.320000000001386        0.34610704064934944
53.3400000000014          0.31815297883411825
53.360000000001385        0.29536573945489797
53.380000000001395        0.2767095114312067
53.40000000000138         0.26138219688168685
53.4200000000014          0.24876689463505847
53.44000000000138         0.23838896712223043
53.46000000000139         0.22988233079605852
53.480000000001375        0.22296272833953193
53.50000000000137         0.21741287889967018
53.5200000000014          0.21306824469893423
53.54000000000138         0.20980514403674386
53.56000000000139         0.20753427318821924
53.580000000001384        0.2061951854771655
53.60000000000139         0.20575262289897076
53.62000000000138         0.2061953021408157
53.640000000001386        0.20753510700760133
53.66000000000138         0.20980763597503296
53.68000000000138         0.21307458718834052
53.7000000000014          0.21742682395651486
53.720000000001384        0.22298872147684987
53.74000000000139         0.22992544932129744
53.76000000000138         0.2384533939245201
53.78000000000139         0.24885393520443802
53.80000000000139         0.26149300958226435
53.82000000000138         0.27684564056020544
53.84000000000138         0.29552454550512874
53.860000000001385        0.31833486233256236
53.880000000001395        0.34630526015484897
53.90000000000136         0.3807369416194767
53.92000000000137         0.42316179570323126
53.940000000001355        0.47499393978817583
53.960000000001344        0.5362041660109388
53.98000000000133         0.6022267423810514
54.00000000000131         0.6625768984503563
54.020000000001296        0.7082538185612914
54.04000000000131         0.7359481155743586
54.0600000000013          0.749610920585621
54.080000000001306        0.755299523052074
54.1000000000013          0.7566454542825687
54.120000000001305        0.7547147789022075
54.14000000000132         0.7484559037519337
54.16000000000131         0.734262162261576
54.1800000000013          0.7061099941218096
54.20000000000131         0.6600793573453088
54.220000000001306        0.5995181044939057
54.24000000000131         0.5334245592138374
54.2600000000013          0.47223418397243616
54.28000000000131         0.4204633092385042
54.30000000000129         0.3781119078562477
54.32000000000133         0.343752026202862
54.3400000000013          0.3158461798838396
54.3600000000013          0.29309169688796083
54.380000000001296        0.2744595978188502
54.40000000000129         0.25914405691446857
54.4200000000013          0.24653213195516127
54.440000000001305        0.2361523922913782
54.46000000000131         0.22764111427328929
54.48000000000131         0.2207168327822539
54.500000000001315        0.2151631433724763
54.5200000000013          0.21081491811864517
54.54000000000131         0.20754769017756491
54.56000000000132         0.20527213652371226
54.580000000001306        0.20392879506281375
54.6000000000013          0.20348308630226006
54.62000000000131         0.20392397087914577
54.64000000000132         0.2052636220542162
54.66000000000132         0.20753625812794782
54.680000000001314        0.21080202853868818
54.70000000000131         0.21515106545851392
54.72000000000129         0.22070709841795236
54.74000000000131         0.22763551300331342
54.76000000000131         0.23615273613342935
54.78000000000132         0.24653983270266255
54.800000000001305        0.2591609471590331
54.82000000000133         0.27448823073010115
54.84000000000132         0.2931348621976104
54.860000000001314        0.3158957281809157
54.88000000000131         0.3437946757040469
54.900000000001306        0.37812174478892746
54.9200000000013          0.42039313568264347
54.94000000000129         0.4720877453272947
54.960000000001266        0.533085546459594
54.98000000000126         0.5988654719614609
55.00000000000126         0.658980139472762
55.02000000000125         0.7044787930958936
55.040000000001235        0.7320713870431601
55.06000000000124         0.7457045930697715
55.08000000000124         0.7514087361165992
55.100000000001224        0.7527940238855435
55.12000000000125         0.7509157140821782
55.14000000000124         0.7447310451609928
55.16000000000123         0.730671481681462
55.18000000000123         0.7027741778086105
55.20000000000125         0.6568787831971461
55.22000000000125         0.5965878727761514
55.24000000000125         0.5307470569458407
55.26000000000127         0.4697625756710803
55.28000000000127         0.4181478190296012
55.30000000000127         0.3759097134038104
55.32000000000126         0.3416295784481754
55.34000000000126         0.31377835345796606
55.36000000000127         0.2910598826313771
55.38000000000126         0.2724479859492049
55.40000000000126         0.2571478319364088
55.42000000000126         0.2445473416558297
55.44000000000126         0.23417493744468948
55.46000000000126         0.22566640644758026
55.48000000000126         0.21874097003843898
55.50000000000125         0.21318329835192001
55.52000000000127         0.20883117323272501
55.540000000001264        0.20556211677693945
55.560000000001246        0.20328665923967748
55.58000000000128         0.20194421446699634
55.60000000000126         0.20149923462952507
55.62000000000126         0.20193940845861275
55.64000000000125         0.2032762762579983
55.66000000000125         0.2055456005402401
55.68000000000126         0.2088086533367237
55.70000000000126         0.2131553611352725
55.72000000000125         0.21870915639672756
55.74000000000125         0.2256338924386782
55.76000000000127         0.23414505853714052
55.78000000000125         0.24452082517396462
55.800000000001255        0.2571246979608133
55.82000000000124         0.27242711411871345
55.84000000000124         0.2910383335189271
55.86000000000125         0.31374961206734187
55.88000000000124         0.34158068110646583
55.90000000000125         0.3758163288497041
55.92000000000123         0.4179661099766455
55.94000000000123         0.46942420941733654
55.96000000000121         0.5301909787323092
55.980000000001226        0.5958324587865634
56.000000000001194        0.6558814502385412
56.0200000000012          0.7010646831946988
56.040000000001164        0.7285496947365312
56.06000000000118         0.7421428615772142
56.080000000001164        0.7478510884005632
56.10000000000117         0.749263925427563
56.120000000001156        0.7474292450167624
56.14000000000116         0.7413091996862045
56.16000000000117         0.7273524080283209
56.18000000000117         0.6996157467341332
56.2000000000012          0.6540733504243339
56.22000000000119         0.5938731032789673
56.24000000000121         0.5281772717021199
56.260000000001206        0.467418384931565
56.280000000001195        0.4159972987900179
56.30000000000121         0.37390050544783565
56.320000000001215        0.3396991256990356
56.34000000000122         0.3119030075417048
56.36000000000121         0.28922210229218215
56.3800000000012          0.27063493449625653
56.40000000000121         0.25535026996259774
56.4200000000012          0.24275795074758902
56.4400000000012          0.23238822354065383
56.460000000001195        0.22388029797500014
56.4800000000012          0.21695577195307816
56.500000000001194        0.2114002548698728
56.520000000001204        0.20705004062419108
56.54000000000119         0.2037824072381357
56.5600000000012          0.20150835484319268
56.58000000000119         0.20016636707381266
56.600000000001174        0.19971955224335816
56.620000000001205        0.20015674784151602
56.64000000000119         0.20149186020335608
56.6600000000012          0.20376159430517563
56.68000000000119         0.20702584117121098
56.70000000000119         0.21137315279524335
56.72000000000118         0.21692610839714094
56.74000000000119         0.2238474888862215
56.760000000001185        0.23235123852860973
56.78000000000117         0.2427164395194233
56.80000000000117         0.2553047645778318
56.82000000000117         0.27058454060502124
56.84000000000118         0.2891662570571177
56.86000000000117         0.31183182777283874
56.88000000000117         0.3395995738872546
56.90000000000116         0.37374908865777196
56.92000000000117         0.4157833452767474
56.94000000000115         0.4670899208463619
56.96000000000115         0.5276663390629899
56.980000000001134        0.5930872346394288
57.00000000000112         0.6529158901779056
57.0200000000011          0.6980243732771805
57.04000000000109         0.7253147160267437
57.06000000000108         0.7388377154838874
57.080000000001085        0.7445396430912246
57.10000000000108         0.7459697306523433
57.12000000000109         0.7441644790822557
57.14000000000108         0.738094391540869
57.16000000000108         0.7242248491287792
57.180000000001094        0.6966322873022429
57.20000000000108         0.6512896206439365
57.22000000000111         0.5913222795786475
57.24000000000111         0.5258502615848119
57.26000000000111         0.465279151766166
57.2800000000011          0.41400435340231967
57.30000000000111         0.3720095529951976
57.320000000001095        0.3378978413033553
57.340000000001105        0.31016250342678936
57.360000000001115        0.2875230235540342
57.3800000000011          0.26896371248147893
57.40000000000109         0.253695218129625
57.42000000000109         0.24111474594351587
57.44000000000109         0.23075258308271998
57.460000000001095        0.22224855217569017
57.48000000000109         0.21532497475950219
57.50000000000109         0.20976828656983967
57.5200000000011          0.205415501618362
57.54000000000111         0.20214412040455462
57.56000000000109         0.19986553678709038
57.580000000001085        0.19852008857465306
57.600000000001096        0.19807329206731847
57.620000000001085        0.1985139953831719
57.64000000000108         0.19985378007309687
57.660000000001084        0.20212706440322512
57.68000000000107         0.20539279210224345
57.70000000000107         0.20973759806344935
57.720000000001086        0.21528416331830144
57.74000000000107         0.2221977329995688
57.76000000000108         0.23069317573011527
57.78000000000108         0.24104811931005848
57.80000000000107         0.25362143783715485
57.82000000000108         0.26887834357373785
57.84000000000107         0.28742403951651746
57.860000000001065        0.31004471180411386
57.88000000000107         0.33775391375140323
57.900000000001086        0.3718295917087437
57.92000000000106         0.4137762631613467
57.940000000001056        0.4649048046515944
57.96000000000103         0.5252981785983215
57.98000000000103         0.5905066261492369
58.00000000000101         0.6501217094054539
58.02000000000101         0.6950577935781782
58.04000000000101         0.7222367895619392
58.06000000000098         0.735707483026374
58.080000000000986        0.7413952009299369
58.10000000000099         0.7428320203284992
58.12000000000101         0.7410520276197593
58.140000000000995        0.735025867529052
58.16000000000101         0.7212147418851245
58.18000000000098         0.6936752079532638
58.200000000001           0.6484838449825903
58.22000000000099         0.5888771814110424
58.24000000000099         0.5236219872948178
58.260000000000986        0.4632344344077868
58.28000000000098         0.4121044714622383
58.30000000000098         0.3702198014449821
58.32000000000097         0.33619009267017536
58.340000000000984        0.3085149612508404
58.360000000000966        0.2859191717114683
58.38000000000099         0.2673911861930502
58.400000000000986        0.25214657134415713
58.42000000000096         0.2395808955805716
58.44000000000098         0.2292286500857226
58.460000000000974        0.2207309239759891
58.480000000000985        0.21381056169961937
58.50000000000098         0.20825551507637471
58.520000000000984        0.20390282162450368
58.540000000000965        0.2006308348898774
58.56000000000098         0.19835178290026217
58.58000000000097         0.19700591312525612
58.600000000000975        0.19655688044089598
58.620000000000964        0.19699362522121877
58.64000000000095         0.19832875557226234
58.66000000000097         0.2005975711091385
58.680000000000966        0.20386025058182694
58.700000000000976        0.20820536136727258
58.72000000000096         0.2137544327114569
58.740000000000975        0.22066867266036724
58.76000000000097         0.22915870109627745
58.78000000000095         0.23950258098512975
58.80000000000096         0.2520593669684915
58.82000000000097         0.2672944994529424
58.84000000000096         0.2858107871587802
58.86000000000095         0.3083898415378651
58.880000000000976        0.33604068638906476
58.900000000000965        0.3700369508665274
58.92000000000097         0.41187786574678864
58.94000000000094         0.4629453168682917
58.960000000000946        0.5231970676992197
58.98000000000092         0.5881142768644111
59.00000000000092         0.6473673000734255
59.0200000000009          0.6921692148430584
59.04000000000089         0.7193266341993232
59.0600000000009          0.7327330171462012
59.08000000000089         0.7383964410355361
59.10000000000089         0.7398320480472976
59.12000000000089         0.7380671487896704
59.14000000000091         0.7320772347090274
59.1600000000009          0.7183395219585814
59.1800000000009          0.6909281427720949
59.20000000000089         0.6459188858818969
59.220000000000894        0.5865477943485055
59.240000000000904        0.5215918608343159
59.2600000000009          0.4613520595350201
59.2800000000009          0.410320088113133
59.3000000000009          0.3685129324378363
59.320000000000924        0.33456483637566586
59.3400000000009          0.3069502889656933
59.360000000000895        0.28439912240862325
59.380000000000884        0.2659037498655814
59.4000000000009          0.2506827225391332
59.42000000000088         0.23813388448486886
59.440000000000886        0.2277934920214613
59.46000000000089         0.21930397946178162
59.48000000000089         0.21238954366407917
59.5000000000009          0.20683801049428166
59.520000000000884        0.20248744960023748
59.54000000000087         0.19921637351194452
59.56000000000089         0.19693667216568178
59.58000000000088         0.19558865764908664
59.60000000000088         0.19513794907376006
59.62000000000088         0.19557366649064697
59.64000000000088         0.19690817376107692
59.66000000000088         0.19917605562085403
59.68000000000089         0.20243508761482085
59.70000000000087         0.2067743107863526
59.72000000000088         0.2123165754715457
59.740000000000876        0.21922404944996515
59.76000000000087         0.2277088064844379
59.78000000000087         0.23804612436650247
59.80000000000087         0.25059127516485086
59.820000000000874        0.2658057572774603
59.84000000000087         0.284291201710464
59.86000000000088         0.3068247002071871
59.88000000000086         0.33441872256500976
59.90000000000087         0.36833767455262795
59.920000000000854        0.410074574537864
59.94000000000084         0.46100609253209907
59.960000000000825        0.5210875530947044
59.98000000000082         0.5858073305166738
60.000000000000824        0.6448602827111312
60.0200000000008          0.6894927908933364
60.040000000000795        0.7165166691021179
60.060000000000784        0.7298809217913181
60.08000000000078         0.7355176273314709
60.10000000000078         0.736946601379959
60.12000000000077         0.7351941443194165
60.140000000000775        0.7292376803479736
60.16000000000078         0.7155694264412139
60.18000000000078         0.6882806612372154
60.20000000000077         0.643447029605806
60.2200000000008          0.584285685049487
60.240000000000805        0.5195349996754886
60.26000000000081         0.45947053017150663
60.28000000000081         0.4085780295304797
60.30000000000082         0.3668859644197332
60.3200000000008          0.3330100710251266
60.340000000000806        0.3054539365080198
60.3600000000008          0.28294810613024896
60.3800000000008          0.26448698155073
60.4000000000008          0.2492930852900085
60.4200000000008          0.23676221013758822
60.440000000000786        0.22643466848257376
60.4600000000008          0.21795420212433134
60.48000000000081         0.2110460939481068
60.50000000000078         0.20549899501531793
60.52000000000079         0.20115149849527075
60.54000000000078         0.19788248418886767
60.56000000000078         0.19560413101560986
60.58000000000078         0.1942569354676144
60.600000000000776        0.19380647244742982
60.6200000000008          0.1942415636364285
60.64000000000079         0.19557367811009177
60.66000000000079         0.1978375401275889
60.68000000000079         0.2010932231583224
60.70000000000079         0.2054289046165929
60.72000000000077         0.21096648718319466
60.74000000000077         0.2178668847115816
60.76000000000078         0.22634107487610128
60.780000000000776        0.2366641701416905
60.80000000000077         0.24919200202310599
60.82000000000076         0.26438551010002964
60.84000000000076         0.28284202007714343
60.86000000000077         0.30533618872618695
60.880000000000784        0.3328689666902042
60.900000000000766        0.36670079511300735
60.92000000000076         0.4083107406935033
60.940000000000744        0.4591392420409172
60.96000000000073         0.5190508990108162
60.98000000000072         0.5835723285307571
61.00000000000072         0.6424253392159407
61.020000000000714        0.6868990683717537
61.04000000000071         0.7138202980517924
61.06000000000071         0.7271339655665983
61.080000000000695        0.7327522446258874
61.10000000000071         0.7341804444688849
61.120000000000694        0.7324378875665779
61.140000000000704        0.7265123898585711
61.16000000000069         0.7129313817359095
61.18000000000071         0.6858417443692659
61.20000000000069         0.641217374966651
61.22000000000069         0.5821215722142515
61.24000000000071         0.5175689046998574
61.26000000000071         0.45767399295095795
61.28000000000072         0.4069167840631334
61.30000000000071         0.36532910657039375
61.320000000000704        0.3315326650387874
61.34000000000069         0.30403670576036357
61.3600000000007          0.28157618629209347
61.380000000000685        0.26314899131942526
61.4000000000007          0.24797865211796188
61.420000000000684        0.2354671274553926
61.440000000000694        0.22515388874594874
61.4600000000007          0.21668384743014105
61.48000000000069         0.20978312626404957
61.500000000000696        0.20424128644642434
61.52000000000069         0.1998970152738408
61.54000000000069         0.1966301486756719
61.5600000000007          0.1943532938130543
61.580000000000666        0.19300713357472715
61.600000000000676        0.1925572534746237
61.620000000000665        0.1929924210291525
61.640000000000676        0.19432400610898706
61.66000000000067         0.19658656204659627
61.68000000000068         0.19983967436226646
61.700000000000664        0.20417129845618934
61.72000000000067         0.20970288001012677
61.74000000000066         0.21659573109905647
61.760000000000666        0.22506008400514532
61.780000000000676        0.23536840320393995
61.80000000000067         0.24787678522816897
61.820000000000675        0.2630449809342339
61.84000000000067         0.2814692019001396
61.860000000000674        0.3039217038361903
61.88000000000066         0.3313982423865839
61.90000000000067         0.3651544584076885
61.920000000000655        0.40666500795506655
61.940000000000644        0.4572885043815742
61.96000000000063         0.5170077484392941
61.98000000000062         0.5814310591769678
62.00000000000062         0.6402510810080565
62.02000000000059         0.6845347422876876
62.040000000000596        0.7112625850900939
62.06000000000059         0.7245303986503807
62.08000000000058         0.7301330069455102
62.100000000000584        0.7315621307522775
62.12000000000059         0.7298339407588071
62.140000000000576        0.7239413206615529
62.16000000000059         0.7104251092666892
62.18000000000059         0.6834480134492548
62.20000000000059         0.6389850475408708
62.2200000000006          0.580063682814348
62.24000000000059         0.5156108945804307
62.260000000000616        0.45590898242816746
62.28000000000059         0.4053252132698035
62.300000000000615        0.3638612213257635
62.32000000000058         0.3301499305399337
62.34000000000059         0.30271274142441945
62.36000000000058         0.28029664990182496
62.38000000000059         0.26190292923472347
62.400000000000574        0.2467577693148283
62.42000000000058         0.23426516107352555
62.44000000000058         0.2239661166842438
62.460000000000576        0.21550671038827038
62.480000000000594        0.2086139309942908
62.50000000000058         0.20307771947321526
62.52000000000058         0.19873772290352207
62.54000000000058         0.19547361091037677
62.56000000000054         0.19319811233349718
62.58000000000057         0.19185221578642656
62.60000000000057         0.19140189574304323
62.620000000000566        0.19183632365769437
62.640000000000555        0.1931669105837332
62.660000000000565        0.19542798311729664
62.68000000000058         0.19867877409045734
62.700000000000564        0.20300670423672276
62.72000000000054         0.20853227444090078
62.74000000000054         0.21541610808493156
62.76000000000058         0.2238687935093621
62.78000000000053         0.2341636654608961
62.80000000000055         0.24665323164428146
62.82000000000054         0.26179549974106936
62.840000000000536        0.2801859917058836
62.860000000000554        0.3025999065168081
62.880000000000535        0.3300236627490271
62.90000000000054         0.36370995603477885
62.92000000000053         0.40512741353568255
62.94000000000054         0.4556306787732834
62.96000000000051         0.5152009873975347
62.98000000000051         0.5794523660783697
63.00000000000048         0.6380995387559361
63.02000000000049         0.6822427609396408
63.04000000000048         0.7088935617063448
63.06000000000051         0.7220944289885807
63.080000000000496        0.7276829636315738
63.10000000000049         0.7291171693833799
63.120000000000495        0.7274074563943076
63.1400000000005          0.7215435982685576
63.16000000000048         0.708088594806435
63.18000000000048         0.6812173455091598
63.20000000000048         0.6369066141137102
63.220000000000454        0.5781671511347877
63.24000000000049         0.5138921647263681
63.26000000000047         0.45434274088011734
63.28000000000046         0.40388170161106546
63.30000000000045         0.36251394007057103
63.320000000000434        0.32887760989603776
63.34000000000045         0.30149919225608457
63.36000000000043         0.2791258493331655
63.380000000000464        0.26076382531414477
63.40000000000044         0.2456406834376401
63.420000000000464        0.2331665650270924
63.44000000000045         0.22288152402549374
63.46000000000045         0.2144327405196242
63.48000000000045         0.20754803795262552
63.50000000000045         0.20201798246864303
63.52000000000045         0.19768268191345206
63.54000000000045         0.1944221323195786
63.56000000000045         0.19214926238933674
63.58000000000041         0.1908050621199958
63.60000000000042         0.19035537577804415
63.62000000000044         0.19078908779941633
63.64000000000046         0.19211755950595524
63.66000000000042         0.19437528931748393
63.68000000000042         0.19762160948677795
63.70000000000045         0.2019443786036821
63.72000000000042         0.20746364839711504
63.74000000000045         0.21433924287484646
63.76000000000044         0.22278049200244215
63.78000000000042         0.23305953709289412
63.80000000000042         0.24552941681390159
63.82000000000042         0.26064814294414684
63.84000000000041         0.27900855718914164
63.86000000000043         0.3013777346366002
63.88000000000041         0.3287484342760396
63.90000000000043         0.3623737515778691
63.92000000000041         0.4037271916848849
63.94000000000039         0.45416305702532267
63.96000000000038         0.5135180352889507
63.98000000000037         0.5776098827172096
64.00000000000038         0.6360984746653863
64.0200000000004          0.680114762381768
64.04000000000036         0.7066837544649703
64.06000000000034         0.7198461715229239
64.08000000000035         0.7254250317972681
64.10000000000035         0.72686597762111
64.12000000000035         0.7251747459900546
64.14000000000037         0.7193492902231425
64.16000000000034         0.7059342310975566
64.18000000000033         0.6790837435490367
64.20000000000036         0.6348761223451047
64.22000000000034         0.5764433894521581
64.24000000000038         0.5123338099981173
64.26000000000035         0.4529266262364368
64.28000000000038         0.4025807864078361
64.30000000000037         0.3613030117323383
64.32000000000035         0.32773524052083186
64.34000000000034         0.3004086058122229
64.36000000000035         0.2780744064292725
64.38000000000035         0.25974209596172404
64.40000000000035         0.24464330481187802
64.42000000000033         0.2321857725415952
64.44000000000034         0.22191321647056647
64.46000000000033         0.21347373426763377
64.48000000000033         0.206595844106327
64.50000000000034         0.20107040114662983
64.52000000000035         0.19673852906031844
64.54000000000033         0.19348023534552247
64.56000000000033         0.19120874162606333
64.58000000000033         0.18986522904386927
64.60000000000032         0.18941559525012305
64.62000000000033         0.18984865303629156
64.64000000000033         0.1911755907113996
64.66000000000031         0.19343056494820418
64.6800000000003          0.19667250313088672
64.70000000000032         0.20098831114941904
64.72000000000034         0.2064977563140677
64.74000000000031         0.21336047922312187
64.7600000000003          0.22178573038904217
64.78000000000031         0.23204409260742598
64.80000000000031         0.24448947748533337
64.8200000000003          0.25957679964372016
64.84000000000029         0.27789825640593824
64.8600000000003          0.300223261824344
64.88000000000031         0.3275415988750243
64.9000000000003          0.3610966750477386
64.9200000000003          0.4023571176236593
64.94000000000031         0.45267772427831393
64.96000000000028         0.5120035538179063
64.98000000000029         0.5758526290525234
65.00000000000026         0.6340361069871038
65.02000000000027         0.6779770684254071
65.04000000000026         0.7045718474411348
65.06000000000026         0.7177062289924296
65.08000000000024         0.7232847716192526
65.10000000000028         0.7247399506314531
65.12000000000026         0.7230730457678969
65.14000000000026         0.717286711367247
65.16000000000025         0.7039376331037478
65.18000000000023         0.6771922137052945
65.20000000000023         0.6331268860305362
65.22000000000024         0.5748746153313982
65.24000000000021         0.5110090936211417
65.26000000000022         0.4517005667042143
65.2800000000002          0.40141115008895967
65.3000000000002          0.3601840600983535
65.32000000000022         0.3266613930967126
65.34000000000019         0.2993724237519762
65.36000000000018         0.2770641325762684
65.38000000000022         0.25874844123507723
65.40000000000019         0.24365890706105092
65.4200000000002          0.23120484682442663
65.4400000000002          0.22093120565310337
65.46000000000019         0.21248699002042276
65.4800000000002          0.2056013733589314
65.5000000000002          0.20006590606458355
65.52000000000024         0.1957214031439151
65.54000000000022         0.19244834680953662
65.56000000000019         0.19015995972959385
65.5800000000002          0.1887973593228553
65.6000000000002          0.1883263683569816
65.62000000000019         0.18873569864236492
65.64000000000019         0.1900363102982396
65.6600000000002          0.19226205742427113
65.6800000000002          0.19547150411937264
65.70000000000017         0.19975116682241856
65.72000000000017         0.2052202856398159
65.7400000000002          0.2120375078849273
65.76000000000019         0.22041035715351748
65.78000000000019         0.23060842143891652
65.80000000000018         0.24298115675634982
65.82000000000016         0.2579817194745677
65.84000000000016         0.27619849672182256
65.8600000000002          0.2983919527494878
65.88000000000021         0.3255544339654412
65.90000000000016         0.3589257049508269
65.92000000000019         0.3999691521944916
65.94000000000017         0.4500326393881838
65.96000000000016         0.5090592010155601
65.98000000000015         0.5725803580518575
66.00000000000014         0.6304490451814794
66.02000000000012         0.6741439895246276
66.04000000000018         0.7005691853145167
66.06000000000016         0.7136558746654702
66.08000000000015         0.7192210600097494
66.10000000000016         0.7206934540559882
66.12000000000015         0.7190671574432427
66.14000000000017         0.7133549021214642
66.16000000000012         0.7001186597957679
66.18000000000012         0.673545227690648
66.20000000000012         0.629704144008789
66.22000000000013         0.5716941084086189
66.24000000000008         0.5080328309031391
66.26000000000009         0.44885990161130424
66.2800000000001          0.3986365167973259
66.30000000000011         0.35741729694708985
66.32000000000008         0.32385598681422445
66.34000000000007         0.2964906669600217
66.36000000000007         0.27407928597227177
66.38000000000008         0.2556374605980785
66.40000000000009         0.24040216446022908
66.4200000000001          0.22778648052454942
66.44000000000007         0.2173337519660582
66.46000000000008         0.20869550880921653
66.48000000000008         0.20160119508816826
66.50000000000007         0.1958422749838227
66.52000000000008         0.19125913053344254
66.54000000000008         0.18773147600463766
66.56000000000007         0.18517143672864467
66.58000000000006         0.18351868318913775
66.60000000000005         0.1827371969997731
66.62000000000005         0.1828133895144999
66.64000000000007         0.18375542228413563
66.66000000000007         0.18559367340108848
66.68000000000008         0.18838254593314988
66.70000000000005         0.1922029275891484
66.72000000000007         0.1971674885455475
66.74000000000007         0.20342682697584996
66.76000000000008         0.21117855916534528
66.78000000000004         0.22067955575071557
66.80000000000007         0.23226294155857435
66.82000000000006         0.24636108382844163
66.84000000000006         0.26353582680001014
66.86000000000004         0.28451678895089716
66.88000000000005         0.3102450582811244
66.90000000000008         0.3419075028982728
66.92000000000003         0.3809011304329801
66.94000000000004         0.4285159133435779
66.96000000000002         0.4848250061694657
66.98000000000005         0.5452963268430393
67.00000000000001         0.6002116660621388
67.02000000000001         0.6415337563388128
67.04000000000005         0.6663761856779874
67.06000000000002         0.6786317448759591
67.08000000000003         0.6838556812858217
67.10000000000004         0.6852571301990406
67.12000000000006         0.6837427339565877
67.14000000000003         0.6783470385088698
67.16000000000003         0.6658127218423884
67.18                     0.6406263632493995
67.2                      0.5985821981708147
67.21554904576459         0.5562584488761281
67.22486626113688         0.525583002305403
67.23037337630232         0.508722515799294
67.24334307399329         0.4677713757547875
67.26171008170597         0.4160714881778717
67.27224907062154         0.387661464777476
67.30507763523342         0.3224431989244316
67.31154868843325         0.30984977003347985
67.31350355873641         0.3060689742760815
67.35957335183521         0.24264261324214742
67.37510212014746         0.22733348783258422
67.42041243387423         0.1906520814057535
67.4530286595224          0.17127222004482068
67.49840730651977         0.15038413193725042
67.5526460617816          0.13152202387277503
67.59841941120304         0.11932329729551644
67.60000000000002         0.11900690654526913
