% Model:              ModelBHUpMagnet.mph
% Version:            COMSOL 5.6.0.280
% Date:               Oct 20 2021, 20:17
% Dimension:          1
% Nodes:              963
% Expressions:        1
% Description:        线图
% cln1x                   Height
47.80000000000001         0.28320133306830425
47.81999999999414         0.3016609699139193
47.83999999999413         0.3232258006476333
47.859999999994116        0.3486390755319714
47.87999999999412         0.3788390257981997
47.8999999999941          0.41497085996679955
47.91999999999413         0.4583028215482036
47.93999999999416         0.5098238944428274
47.95999999999415         0.5689830156150969
47.979999999994185        0.6311098106142681
47.99999999999421         0.6859725373491773
48.01999999999423         0.7233966303490625
48.039999999994244        0.7420996472802488
48.05999999999424         0.7481479997562749
48.07999999999424         0.747976977313324
48.09999999999425         0.7451391307582369
48.119999999994256        0.7404975912715785
48.139999999994274        0.7328652870221198
48.159999999994255        0.7189098742624546
48.17999999999424         0.6930796060789594
48.199999999994205        0.6505971617048935
48.219999999994194        0.5942664917551368
48.239999999994176        0.5351708094491329
48.25999999999418         0.48294268726971334
48.27999999999417         0.4410572770581961
48.29999999999418         0.409175320255426
48.31999999999418         0.3858479507496816
48.33999999999419         0.36965449424639063
48.35999999999419         0.3595074255564969
48.379999999994205        0.3546769666775841
48.399999999994215        0.35476713436503177
48.41999999999421         0.35968217203144537
48.43999999999422         0.3696127093418974
48.45999999999422         0.38504935540541807
48.47999999999424         0.4068003704310326
48.499999999994245        0.43602171501410675
48.51999999999426         0.4741608333560592
48.53999999999429         0.5226110672957625
48.55999999999431         0.5814744834749347
48.57999999999436         0.6467357561557486
48.59999999999438         0.7079484145480669
48.61999999999442         0.753256403019773
48.63999999999443         0.7795582845153278
48.659999999994454        0.7920219175316349
48.67999999999446         0.7967017798302151
48.69999999999444         0.7970831049519005
48.71999999999446         0.7941858991240998
48.73999999999446         0.7870205814018509
48.759999999994456        0.7722065101699468
48.779999999994445        0.7438425024994291
48.799999999994405        0.6969450326548661
48.819999999994366        0.6347679158658509
48.839999999994355        0.5691950896026814
48.85999999999434         0.510530879521478
48.87999999999436         0.46262879544684027
48.899999999994364        0.4252943547754868
48.919999999994374        0.39709742116649144
48.939999999994384        0.3765777805085885
48.95999999999438         0.3625847380495226
48.97999999999439         0.3543239522328358
48.9999999999944          0.35133072797057013
49.01999999999441         0.3534429206535761
49.03999999999441         0.3607893658666701
49.05999999999442         0.37379850714242396
49.07999999999441         0.39322046172400543
49.099999999994424        0.42014741247752013
49.11999999999445         0.45596188661694886
49.139999999994465        0.5019968371317711
49.1599999999945          0.5583331119118062
49.17999999999454         0.6210350496659117
49.199999999994574        0.6798882394668777
49.2199999999946          0.72347512916125
49.23999999999461         0.7486343546937512
49.25999999999462         0.7606802988969145
49.27999999999464         0.7653604230976848
49.29999999999462         0.7659561931461886
49.319999999994636        0.7634277864683803
49.339999999994625        0.7568315823661472
49.35999999999462         0.7429371972893944
49.37999999999461         0.7160460484226076
49.39999999999457         0.6712128130493844
49.41999999999456         0.6113950984054841
49.439999999994555        0.5480776267171013
49.45999999999455         0.4912697560491829
49.47999999999455         0.4449354345066643
49.49999999999455         0.40879018249493776
49.51999999999456         0.38146529909386123
49.53999999999458         0.3615612129843487
49.559999999994574        0.34797113571319815
49.57999999999459         0.3399275246750201
49.59999999999459         0.3369811925757003
49.6199999999946          0.3389753641441043
49.639999999994586        0.34603555710768646
49.659999999994604        0.3585777335336541
49.67999999999462         0.37733098082617417
49.69999999999463         0.40335633463149184
49.719999999994634        0.43799757312041954
49.73999999999466         0.48255210929556475
49.75999999999469         0.5370965328454523
49.77999999999472         0.5977830279356242
49.79999999999476         0.6547773301775157
49.81999999999477         0.6966325480637262
49.839999999994795        0.7208351420692557
49.8599999999948          0.7324742492653445
49.87999999999481         0.7370986772804284
49.89999999999482         0.7378226236175888
49.9199999999948          0.7355640322020137
49.93999999999482         0.729423343130781
49.9599999999948          0.7163114086947788
49.9799999999948          0.6907250134779406
49.999999999994785        0.6477706437057699
50.01999999999475         0.5901268389052158
50.03999999999472         0.5288660705129541
50.05999999999474         0.47399738637580063
50.07999999999472         0.42915932404618967
50.09999999999473         0.3941837079215691
50.11999999999473         0.36774719910391734
50.13999999999475         0.3484944822830133
50.159999999994774        0.33535417961561953
50.17999999999478         0.32758431413826533
50.19999999999477         0.3247506186231506
50.219999999994776        0.32670284284098683
50.23999999999478         0.33356478480318225
50.25999999999479         0.34574203831916434
50.2799999999948          0.363943546565018
50.299999999994824        0.3892015889604967
50.31999999999483         0.422825461208123
50.33999999999486         0.46608058017994314
50.35999999999488         0.5189433984140557
50.37999999999491         0.5779159919712643
50.39999999999495         0.6331472487104367
50.41999999999496         0.6735677022234405
50.43999999999497         0.6968940400710717
50.45999999999499         0.7081413564212362
50.479999999994995        0.7126720154114405
50.499999999995           0.7134699911977416
50.51999999999501         0.7114117529461311
50.53999999999501         0.705636658538323
50.559999999995           0.6931910042459374
50.57999999999498         0.66878978353241
50.59999999999496         0.6274993162711007
50.61999999999493         0.5716488595529559
50.63999999999492         0.5122593636347015
50.65999999999492         0.4590166459025931
50.67999999999492         0.4155024150577595
50.69999999999493         0.3815653196402017
50.71999999999493         0.3559208777810712
50.739999999994936        0.33725182892650607
50.759999999994946        0.32451714701347856
50.77999999999494         0.3169966013449652
50.79999999999497         0.31426958625699186
50.81999999999498         0.31619126923950985
50.83999999999497         0.32288306272076744
50.85999999999498         0.33474083278777034
50.879999999994986        0.35245783894985616
50.899999999995           0.3770324909881229
50.91999999999503         0.40973817619610065
50.939999999995024        0.45180461975242486
50.959999999995055        0.5033289453660386
50.97999999999509         0.5607103884201413
50.99999999999512         0.614356720436142
51.01999999999515         0.6534988720066949
51.03999999999517         0.6760448528902494
51.05999999999516         0.686939170665437
51.079999999995195        0.6913774679896778
51.09999999999517         0.6922307654665809
51.11999999999519         0.690336047293999
51.1399999999952          0.6848707172821855
51.15999999999518         0.6729927261230966
51.17999999999518         0.6495593818252097
51.19999999999515         0.6096920173453213
51.21999999999511         0.5555179551174855
51.2399999999951          0.4977673306867343
51.25999999999511         0.4459506650860455
51.279999999995105        0.40359982555229773
51.29999999999511         0.37057753320636294
51.31999999999512         0.34563295290686996
51.33999999999513         0.32748184907512656
51.35999999999514         0.3151095805581166
51.37999999999515         0.30781447440536525
51.399999999995146        0.3051874542756124
51.41999999999516         0.3070879532724606
51.43999999999517         0.3136369245923515
51.45999999999517         0.3252178781686728
51.47999999999517         0.3425073831765839
51.49999999999519         0.36648782519163225
51.51999999999521         0.39840331676357105
51.53999999999524         0.4394583220370638
51.55999999999524         0.48974644498008074
51.57999999999528         0.5457271982347786
51.59999999999533         0.5979831483805975
51.619999999995336        0.636007302819033
51.639999999995354        0.6578693726349022
51.659999999995364        0.6684566978244729
51.67999999999537         0.6728098291631177
51.69999999999539         0.6737055006646551
51.71999999999537         0.6719535233148798
51.73999999999538         0.6667553783013185
51.759999999995365        0.6553605399477984
51.779999999995354        0.632759016036671
51.79999999999533         0.5941207680368631
51.81999999999532         0.5414051786355827
51.83999999999529         0.48508887642690823
51.859999999995296        0.4345235714668278
51.8799999999953          0.39319393384689183
51.8999999999953          0.3609737551979409
51.919999999995305        0.3366414887934554
51.939999999995315        0.3189425636766815
51.95999999999534         0.30688619994720306
51.97999999999533         0.2997868915996406
51.99999999999533         0.29724805672082605
52.01999999999534         0.29913107149063844
52.03999999999535         0.3055525275930034
52.05999999999538         0.31689059055835495
52.07999999999537         0.3338069843782674
52.09999999999538         0.3572644062308706
52.11999999999539         0.38848277552212174
52.139999999995396        0.4286439154499734
52.15999999999545         0.47783828720021376
52.179999999995474        0.5325788854577468
52.199999999995505        0.5834774862123133
52.21999999999554         0.6205546472887827
52.23999999999552         0.6418791328549323
52.25999999999553         0.6521960594223933
52.27999999999554         0.6564652152575065
52.29999999999554         0.6573877813115807
52.319999999995545        0.6557449188347656
52.33999999999555         0.6507631763813014
52.359999999995544        0.6397751908439763
52.37999999999553         0.6178915424161519
52.39999999999553         0.5803290793702555
52.41999999999549         0.5289081231523645
52.4399999999955          0.4739388911271352
52.45999999999548         0.42439922584649786
52.47999999999549         0.3839766607979472
52.4999999999955          0.35246902261872665
52.519999999995484        0.3286800558338659
52.5399999999955          0.3113787706149999
52.55999999999551         0.29959999061575115
52.57999999999553         0.2926711297812599
52.599999999995525        0.2902014636113324
52.61999999999555         0.2920578529691801
52.639999999995545        0.298355865022288
52.65999999999555         0.30946763634563634
52.67999999999556         0.3260422481004733
52.69999999999557         0.34902376334732393
52.719999999995586        0.37960920357796357
52.7399999999956          0.419018114502506
52.75999999999563         0.46724702735537144
52.77999999999567         0.5207829062052187
52.799999999995684        0.5705560127920295
52.81999999999571         0.6067313593575052
52.83999999999572         0.6274942711854731
52.85999999999572         0.637541806157108
52.87999999999573         0.6417186206781481
52.899999999995735        0.6426479112149248
52.91999999999574         0.6410884356581117
52.939999999995734        0.636293878484345
52.95999999999574         0.6256596989900691
52.979999999995734        0.6044168645704312
52.999999999995715        0.5678217595305385
53.019999999995676        0.5175553469471331
53.039999999995665        0.4636612687122375
53.059999999995675        0.41521504626575134
53.07999999999568         0.37563803853747463
53.099999999995696        0.34476032817203606
53.11999999999569         0.3214592026258927
53.139999999995695        0.30452241144005915
53.1599999999957          0.2929953791443423
53.17999999999571         0.28621955383104786
53.19999999999571         0.28381163546498805
53.21999999999572         0.28564143194285674
53.23999999999573         0.29182292494513357
53.25999999999574         0.30272132509853766
53.279999999995745        0.3189735632887124
53.299999999995755        0.3415111981439539
53.31999999999576         0.37151958491180775
53.3399999999958          0.4101453314545172
53.35999999999582         0.45744508909082415
53.379999999995846        0.5099350943670099
53.39999999999588         0.5586862246587615
53.41999999999589         0.59404962689222
53.439999999995884        0.614307729468102
53.45999999999588         0.6241089766896752
53.479999999995904        0.6281980768285874
53.4999999999959          0.6291307720814036
53.51999999999591         0.6276434696109564
53.53999999999593         0.6230069393850592
53.5599999999959          0.6126948909410012
53.579999999995906        0.5920252032586787
53.59999999999589         0.5563039853945788
53.619999999995876        0.5071016761772735
53.63999999999586         0.45435267091913917
53.65999999999587         0.4068143094606092
53.67999999999587         0.36794400117848
53.699999999995875        0.33766605733325933
53.71999999999589         0.31482243302020113
53.73999999999589         0.29822247054014034
53.75999999999589         0.28692848719379294
53.779999999995894        0.2802942330928318
53.79999999999591         0.27794435989082517
53.81999999999592         0.27975215960544714
53.83999999999592         0.28582818811745786
53.85999999999594         0.29653405297596136
53.879999999995945        0.31249607788098194
53.89999999999593         0.33462989189663855
53.91999999999595         0.3641010317271412
53.939999999995976        0.40203972027826995
53.959999999996015        0.4484977681039525
53.97999999999602         0.5000259674928822
53.99999999999606         0.5478064649586843
54.01999999999608         0.5823709764343012
54.03999999999609         0.6021247809770615
54.059999999996094        0.6116785006163303
54.07999999999611         0.6156758803853833
54.09999999999612         0.6166043671533961
54.119999999996146        0.6151785854244038
54.13999999999614         0.610689317329989
54.15999999999614         0.6006654805390284
54.17999999999611         0.5804738656108405
54.1999999999961          0.5455304297739706
54.21999999999607         0.4974428526307709
54.239999999996066        0.4456671204722112
54.25999999999605         0.39898552524684305
54.27999999999604         0.36081567066120646
54.299999999996054        0.33108777750902013
54.31999999999606         0.30866278707337275
54.33999999999607         0.29236985112259695
54.35999999999607         0.281287816600918
54.37999999999609         0.2747827539900214
54.39999999999607         0.2724831812349294
54.419999999996094        0.27426510496056555
54.439999999996104        0.2802385263996496
54.45999999999611         0.29075714099997235
54.47999999999611         0.3064389351307856
54.49999999999613         0.3281848540103031
54.51999999999614         0.357141483758222
54.539999999996155        0.39442126785223924
54.55999999999618         0.4400729967278947
54.579999999996225        0.49068687963208524
54.59999999999623         0.5375603393267371
54.61999999999625         0.5713922875820439
54.63999999999627         0.5906864447117809
54.659999999996266        0.6000126195625818
54.679999999996284        0.6039228763123563
54.699999999996294        0.6048434614345065
54.71999999999629         0.6034723371271364
54.7399999999963          0.5991157339674769
54.7599999999963          0.5893560449295491
54.779999999996285        0.5696587447074957
54.79999999999628         0.5354753467532379
54.81999999999624         0.48831468716564425
54.83999999999623         0.4374659063487592
54.859999999996255        0.39159854844812003
54.879999999996244        0.35409421725174295
54.89999999999625         0.32488889519665287
54.91999999999626         0.3028619656478418
54.93999999999626         0.2868629150089468
54.95999999999627         0.27598045067880284
54.97999999999628         0.26959259016116255
54.9999999999963          0.2673375824308695
55.01999999999629         0.2690934293008053
55.0399999999963          0.27496904133787275
55.0599999999963          0.28531153647829616
55.07999999999631         0.3007278499004359
55.099999999996314        0.3221044825539688
55.119999999996324        0.35057127806313826
55.13999999999634         0.3872244720407024
55.15999999999638         0.43210923375103416
55.1799999999964          0.48185284072301887
55.199999999996436        0.5278631485384375
55.21999999999643         0.5609985309943425
55.239999999996456        0.5798636894466748
55.25999999999647         0.5889566213231764
55.27999999999647         0.5927806568303381
55.29999999999649         0.5936905746277369
55.319999999996476        0.5923633157816036
55.339999999996486        0.5881238611203128
55.359999999996475        0.5786119884793496
55.37999999999647         0.5593792868706198
55.39999999999646         0.5259153010035054
55.41999999999645         0.47963417174408046
55.43999999999643         0.42966588527104166
55.45999999999643         0.3845726606163681
55.47999999999644         0.34768100311988687
55.49999999999643         0.3189888504435291
55.51999999999645         0.29734513245974836
55.53999999999645         0.2816221380855644
55.55999999999646         0.27093078336548093
55.57999999999645         0.26465735999068274
55.599999999996456        0.26244518434419084
55.61999999999647         0.2641738421815058
55.63999999999648         0.2699507685604221
55.65999999999649         0.28011918332210883
55.6799999999965          0.29527750012792303
55.699999999996514        0.3162984814821362
55.71999999999651         0.34429392565725603
55.739999999996535        0.38034344918477075
55.75999999999656         0.4244889514573771
55.779999999996576        0.47339367382451303
55.79999999999659         0.5185715488875503
55.81999999999664         0.5511067974165709
55.83999999999663         0.5694753358779694
55.85999999999665         0.5783545569726262
55.87999999999665         0.5820911397189592
55.899999999996645        0.5829846357067545
55.91999999999666         0.5816948630395439
55.939999999996665        0.577564193267324
55.95999999999667         0.568287577109051
55.979999999996664        0.5494981968032271
55.999999999996646        0.5167224420857757
56.01999999999663         0.47128598952096423
56.03999999999662         0.42208833905498083
56.05999999999662         0.3777646278281159
56.079999999996616        0.34153727103007087
56.09999999999664         0.31332408767737424
56.11999999999663         0.2920445341833491
56.139999999996654        0.27658796689298876
56.15999999999665         0.26607937451492675
56.17999999999665         0.2599153935828327
56.199999999996656        0.2577452740897508
56.21999999999666         0.2594503394063529
56.23999999999667         0.26513577795683146
56.25999999999668         0.2751380103352393
56.2799999999967          0.29004665412168884
56.29999999999669         0.3107228823687514
56.3199999999967          0.3382631890947605
56.33999999999673         0.3736775549094632
56.35999999999674         0.41708804067146726
56.37999999999677         0.4652622658112779
56.39999999999679         0.509758562927623
56.41999999999681         0.5415237627698793
56.439999999996836        0.5594862996034327
56.459999999996825        0.568160239398844
56.479999999996835        0.5718116746305608
56.499999999996845        0.5726881387519965
56.51999999999685         0.571434129292077
56.53999999999685         0.5674086813841733
56.559999999996855        0.5583581486330376
56.57999999999684         0.5400625173481888
56.59999999999683         0.5079979977127128
56.61999999999683         0.4632551087171798
56.639999999996796        0.41487399371379835
56.65999999999683         0.37126900373960176
56.679999999996795        0.3356298185749613
56.69999999999682         0.3078783902276531
56.71999999999683         0.286950334251719
56.73999999999683         0.2717516629938075
56.759999999996836        0.26141893276337863
56.77999999999684         0.25535879330358485
56.79999999999686         0.2532268928872594
56.81999999999684         0.2549071942371965
56.839999999996856        0.26050351408344874
56.859999999996866        0.27034683027951406
56.879999999996876        0.28501729635547224
56.899999999996886        0.3053618277020733
56.91999999999689         0.33244143062241177
56.93999999999691         0.3673128754100405
56.95999999999693         0.41003435661289983
56.979999999996956        0.45742712281866965
56.99999999999698         0.5011497798474145
57.01999999999699         0.5322950452805788
57.039999999997           0.549869886098252
57.05999999999701         0.5583470315173229
57.079999999997014        0.5619162127548882
57.09999999999704         0.5627760383201046
57.119999999997034        0.5615541605496724
57.13999999999703         0.5576256665185875
57.15999999999702         0.5487984377359039
57.17999999999702         0.5308961349894198
57.19999999999702         0.4994646079149821
57.21999999999699         0.4555069254350094
57.23999999999699         0.4079169108180735
57.25999999999699         0.36500802015845324
57.27999999999701         0.3299381022116838
57.29999999999699         0.30263340284470736
57.319999999996995        0.28204475482201796
57.33999999999701         0.26709385292819715
57.35999999999702         0.25693202948222044
57.37999999999702         0.25097364752754764
57.39999999999703         0.24887991600142567
57.41999999999706         0.25053518381350115
57.43999999999705         0.25604336887890894
57.459999999997045        0.26573414776614224
57.47999999999707         0.2801732868059316
57.49999999999707         0.30019484358426224
57.51999999999709         0.3268562764633747
57.5399999999971          0.36118580182002596
57.55999999999712         0.40324269824767284
57.57999999999714         0.44987996150630344
57.599999999997166        0.4928515979682946
57.61999999999719         0.5233912549981359
57.639999999997194        0.5405849664000882
57.65999999999719         0.5488713327022953
57.67999999999719         0.5523564552594138
57.69999999999721         0.553195486374202
57.71999999999724         0.5520032589376783
57.739999999997224        0.5481664130589516
57.759999999997234        0.539540980068078
57.77999999999723         0.5220249538769961
57.79999999999721         0.4912038629050301
57.81999999999719         0.4480040577241056
57.839999999997175        0.40117768961320677
57.85999999999718         0.3589428653242679
57.87999999999718         0.32442517903623
57.89999999999719         0.29755406587687777
57.919999999997195        0.27729503470476186
57.93999999999721         0.26258497075847087
57.9599999999972          0.2525873073765165
57.97999999999721         0.2467264109805532
57.999999999997215        0.24466909283929802
58.019999999997225        0.24630223531366474
58.03999999999724         0.25172584594808267
58.05999999999724         0.26126147282731454
58.07999999999724         0.2754730182197314
58.09999999999726         0.29518093505749277
58.11999999999727         0.3214281401446347
58.13999999999728         0.3552272377353641
58.159999999997304        0.3966336185030634
58.17999999999732         0.4425319165578314
58.19999999999735         0.48477179349206184
58.21999999999735         0.5146576222819041
58.23999999999739         0.5315445031679857
58.25999999999737         0.5396510217976946
58.27999999999738         0.5430561280197893
58.29999999999739         0.5438759850153354
58.319999999997385        0.5427099320456745
58.339999999997396        0.5389598874109333
58.3599999999974          0.5305282495917988
58.3799999999974          0.5133861008791363
58.39999999999739         0.48315833919182033
58.41999999999739         0.440697139930561
58.439999999997376        0.3946165814356775
58.459999999997365        0.35303983150369606
58.47999999999738         0.31906117183782734
58.499999999997385        0.2926134651270256
58.519999999997395        0.2726766935498797
58.539999999997406        0.25820079214638364
58.559999999997416        0.24836549402932884
58.579999999997405        0.24260105811090635
58.599999999997415        0.24057865703594938
58.619999999997425        0.24218889686484796
58.63999999999743         0.2475300057293264
58.65999999999743         0.25691916662476355
58.67999999999744         0.2709097950988031
58.69999999999746         0.29031198700255934
58.71999999999746         0.3161552609872641
58.73999999999747         0.34943851409860766
58.75999999999748         0.39028425294285224
58.77999999999751         0.4353866639363781
58.799999999997524        0.4768019373470315
58.81999999999754         0.5062416362561495
58.83999999999755         0.5227731597811486
58.85999999999755         0.5306983154904187
58.87999999999755         0.5340254649348476
58.89999999999756         0.5348250585582013
58.91999999999755         0.5336822875742508
58.93999999999756         0.5300116473138802
58.95999999999755         0.5217591714052938
58.97999999999756         0.5049654779986442
58.99999999999755         0.47530032906548364
59.01999999999756         0.4335555921261552
59.039999999997555        0.38820930702944545
59.05999999999756         0.3472836609235869
59.07999999999757         0.31383831898142206
59.09999999999757         0.287812909003528
59.11999999999758         0.2681896480682449
59.139999999997585        0.25394838654053886
59.159999999997595        0.24427386478810256
59.179999999997605        0.23860591836215256
59.1999999999976          0.23662007803650267
59.21999999999762         0.23820741573188
59.239999999997615        0.24346671501268707
59.25999999999762         0.25271127964731943
59.279999999997614        0.26648795391601354
59.299999999997624        0.28559786581631114
59.31999999999766         0.311063768332704
59.33999999999766         0.3438751970347252
59.35999999999768         0.3840534305832006
59.3799999999977          0.4284586977576162
59.399999999997725        0.4691911420862147
59.419999999997735        0.49809101426249935
59.439999999997745        0.5142876584019085
59.459999999997756        0.5220431893734957
59.479999999997766        0.5252981007149995
59.499999999997776        0.5260801908024112
59.51999999999779         0.5249623458107017
59.5399999999978          0.521373257617751
59.559999999997785        0.5133029158408234
59.57999999999778         0.49686012801729146
59.59999999999776         0.4677523231667009
59.619999999997745        0.4267027460343326
59.63999999999774         0.38212881334682786
59.659999999997744        0.341803502900472
59.679999999997754        0.30883549599750787
59.69999999999777         0.283190449367919
59.71999999999775         0.2638712001559544
59.739999999997764        0.24985277113958676
59.75999999999777         0.24033129489109648
59.77999999999778         0.23475457306757455
59.79999999999777         0.23280278074805322
59.81999999999779         0.23436849647789543
59.8399999999978          0.23954891360795677
59.859999999997804        0.24865066481920484
59.87999999999781         0.2622169454216503
59.89999999999782         0.2810349631738769
59.91999999999783         0.30611139079427646
59.93999999999786         0.3384230742429142
59.95999999999787         0.37798978143101947
59.97999999999788         0.4217104968851313
59.999999999997904        0.461789801823389
60.019999999997914        0.4901937112162783
60.039999999997924        0.5060932097259107
60.05999999999792         0.5137009609736808
60.07999999999793         0.516893200188711
60.099999999997934        0.5176598671256454
60.11999999999793         0.5165630091357851
60.13999999999794         0.5130428335701591
60.15999999999794         0.5051267675076563
60.17999999999796         0.4889240510720609
60.199999999997935        0.4602659035472517
60.21999999999794         0.41999712675387213
60.23999999999793         0.37611870943186543
60.25999999999794         0.3364160403207893
60.27999999999794         0.3039579755881453
60.299999999997944        0.27871204864281823
60.31999999999796         0.2596957400469004
60.33999999999796         0.2458991382535191
60.359999999997974        0.236530343410934
60.37999999999797         0.23104548825445886
60.39999999999797         0.22912961576416435
60.419999999997984        0.23067643106669916
60.439999999997994        0.2357825134108057
60.459999999998           0.2447522512398006
60.47999999999801         0.2581174016653396
60.49999999999801         0.27665533491836053
60.519999999998014        0.30135849266703724
60.53999999999803         0.33319017562631786
60.55999999999806         0.3721689999119818
60.579999999998066        0.41523171622285043
60.59999999999808         0.45480148184444463
60.61999999999809         0.48267622281165273
60.63999999999811         0.49822813895554463
60.65999999999812         0.5056948603016415
60.67999999999812         0.5088272957271888
60.69999999999813         0.50957976861185
60.71999999999812         0.5085058702095856
60.73999999999815         0.5050546002888657
60.759999999998136        0.49727705332848615
60.77999999999814         0.4813717873509052
60.79999999999814         0.4531962087017899
60.819999999998124        0.4135568373561687
60.83999999999813         0.3703543644202759
60.859999999998124        0.3312502616083862
60.87999999999813         0.2992825430531253
60.89999999999813         0.2744205341190394
60.91999999999814         0.255695690971669
60.93999999999814         0.24211420716248758
60.95999999999815         0.2328915352521031
60.97999999999818         0.2274939347441152
60.99999999999816         0.22561154151844365
61.01999999999817         0.22714038983114893
61.039999999998194        0.23217501261973597
61.05999999999819         0.2410153539926057
61.07999999999821         0.2541854271896272
61.099999999998204        0.27245131790271937
61.11999999999822         0.2967911307241678
61.13999999999823         0.32815425826725786
61.159999999998234        0.3665584751930044
61.179999999998245        0.40898190072786816
61.19999999999825         0.4478368369512662
61.21999999999827         0.475327761919272
61.23999999999828         0.4906964657717217
61.25999999999829         0.4980299764058429
61.27999999999831         0.5011132124110045
61.299999999998306        0.5018572606848574
61.31999999999833         0.5008043677094149
61.33999999999832         0.49741419458404773
61.35999999999832         0.48976963920394617
61.37999999999833         0.47412710810664677
61.39999999999833         0.4463983126614284
61.41999999999832         0.4073651831263098
61.43999999999831         0.36481081908518426
61.45999999999831         0.32629046830194225
61.47999999999831         0.29480124341768493
61.49999999999833         0.27030989568620123
61.519999999998326        0.25187351559048
61.53999999999833         0.23849869838832763
61.55999999999834         0.22941905644892602
61.57999999999834         0.22410759885088477
61.59999999999837         0.22225918864612604
61.61999999999836         0.22377177911025425
61.639999999998366        0.2287389268242516
61.65999999999838         0.23745647102249545
61.67999999999838         0.2504409333636519
61.69999999999839         0.26844749504762094
61.71999999999841         0.29244042480262755
61.73999999999842         0.3233557058067601
61.75999999999842         0.36121046440672566
61.779999999998445        0.40302360417361005
61.79999999999844         0.44131191878601017
61.819999999998466        0.46839261436902974
61.83999999999849         0.48352726695587467
61.85999999999848         0.49074911965357376
61.87999999999849         0.49378738000806494
61.89999999999849         0.49452359153889686
61.91999999999851         0.49349144026362374
61.93999999999852         0.49015903290434376
61.95999999999851         0.4826387281796907
61.97999999999851         0.46724171575431417
61.99999999999851         0.4399335718107064
62.019999999998504        0.4014764752281674
62.03999999999851         0.35947609602129016
62.05999999999848         0.3215335893947253
62.0799999999985          0.2905321192419479
62.099999999998516        0.26641716175863017
62.11999999999854         0.24825270620625542
62.13999999999851         0.23507732888747848
62.159999999998526        0.22613562913080928
62.179999999998536        0.2209081703857115
62.19999999999854         0.2190941430870426
62.21999999999854         0.2205929962908382
62.23999999999855         0.22549738945205886
62.25999999999858         0.23409959717113982
62.27999999999857         0.24691059244351574
62.299999999998576        0.26466855474635675
62.31999999999858         0.2883384799084414
62.339999999998604        0.3188318115223954
62.359999999998635        0.35616876905587985
62.37999999999863         0.39741532079039327
62.39999999999864         0.4352776275346474
62.41999999999865         0.46192407740018077
62.439999999998655        0.4767821042470655
62.45999999999867         0.48390239664640694
62.47999999999867         0.48690094018306257
62.49999999999868         0.48763177196040747
62.519999999998674        0.486620617673309
62.53999999999868         0.48334340000729714
62.55999999999869         0.4759398452356024
62.579999999998705        0.46083197086824934
62.59999999999869         0.4339703078448915
62.61999999999869         0.3959528757764122
62.639999999998686        0.35453137889761527
62.6599999999987          0.31711773332064314
62.67999999999871         0.2865495282448524
62.69999999999872         0.2627734277900527
62.719999999998706        0.24486642372428627
62.7399999999987          0.23188036354364921
62.75999999999869         0.22307029595835576
62.77999999999872         0.2179240167514371
62.79999999999873         0.21614494877464377
62.819999999998736        0.2176339650012557
62.83999999999876         0.2224824338250472
62.85999999999876         0.2309789532334061
62.87999999999876         0.24362837461178605
62.899999999998776        0.26116004065857906
62.91999999999875         0.2845093062752941
62.939999999998804        0.314582509613935
62.95999999999878         0.3514211604140639
62.97999999999882         0.39220065595165277
62.999999999998806        0.42957164623446376
63.01999999999884         0.4558692217875697
63.03999999999885         0.470533046483293
63.05999999999885         0.477563622125584
63.079999999998876        0.48052928482731133
63.09999999999889         0.4812588966822004
63.11999999999888         0.48027096680773274
63.13999999999889         0.4770453461328698
63.159999999998895        0.46976268830990675
63.17999999999889         0.4548642602349419
63.19999999999888         0.4283711392015526
63.21999999999889         0.39086135587902054
63.239999999998865        0.3499855485821234
63.259999999998875        0.31306287293141855
63.27999999999888         0.2828966235213768
63.29999999999888         0.2594351517473098
63.319999999998906        0.24176768048027927
63.339999999998895        0.2289584236463182
63.359999999998905        0.22027215984351128
63.37999999999892         0.21520344831898094
63.39999999999892         0.21345974947567753
63.41999999999891         0.21494347770845293
63.43999999999891         0.21974510025299548
63.45999999999895         0.22815145373228116
63.479999999998924        0.24065477222221926
63.49999999999896         0.25798426093994964
63.519999999998994        0.28105999628250683
63.53999999999897         0.3107795993154005
63.55999999999898         0.34718459755074726
63.579999999998996        0.38748347836000596
63.59999999999902         0.4244129151524131
63.61999999999904         0.4503993965246739
63.63999999999902         0.46489234648152067
63.659999999999066        0.47184613460771446
63.679999999999055        0.4747879348166743
63.69999999999908         0.4755184996657817
63.71999999999907         0.4745535747444397
63.7399999999991          0.47138291979283686
63.75999999999907         0.46420446121626646
63.77999999999906         0.44950334713342677
63.799999999999095        0.42334420212954754
63.819999999999055        0.3862927110400249
63.839999999999065        0.3459087936573885
63.859999999999054        0.3094287010502642
63.87999999999905         0.27962523558672797
63.89999999999908         0.2564482715993543
63.919999999999064        0.2389979654081517
63.939999999999095        0.22634949190186138
63.959999999999084        0.21777629087193492
63.97999999999911         0.212779025959583
63.9999999999991          0.21106895903788275
64.01999999999913         0.21255077174592
64.03999999999911         0.2173138291180548
64.05999999999912         0.2256402780415971
64.07999999999913         0.23802150403251915
64.09999999999914         0.25517433478979273
64.11999999999914         0.2780118701406966
64.13999999999919         0.3074214193586617
64.15999999999919         0.3434448990720273
64.17999999999918         0.38332125065711964
64.19999999999919         0.4198640813696065
64.2199999999992          0.445521952630092
64.2399999999992          0.4599214639467925
64.25999999999921         0.4668212825590783
64.27999999999922         0.46974111804124047
64.29999999999922         0.47047819324660184
64.31999999999921         0.4695392640268933
64.33999999999924         0.4664198226836537
64.35999999999923         0.4593372949382867
64.37999999999923         0.44481293354935714
64.39999999999924         0.4189488961154219
64.41999999999925         0.38229996730482957
64.43999999999924         0.3424102665253692
64.45999999999924         0.3063013514887848
64.47999999999925         0.27677223085725905
64.49999999999926         0.25384608341070136
64.51999999999927         0.23658759976009344
64.5399999999993          0.22408172707514284
64.55999999999929         0.2156083877161994
64.57999999999929         0.2106768301369583
64.5999999999993          0.20899957238335776
64.61999999999931         0.2104819196068886
64.63999999999932         0.21521340895008761
64.65999999999933         0.22347411539876635
64.67999999999934         0.23575153750925656
64.69999999999933         0.2527564318296653
64.71999999999936         0.2753936963935531
64.73999999999936         0.3045424326837399
64.75999999999938         0.34024426795791274
64.77999999999939         0.3797557924227146
64.79999999999939         0.41587152805818556
64.8199999999994          0.44141161170810805
64.8399999999994          0.4556906060224187
64.8599999999994          0.4625416928775528
64.87999999999943         0.465451688174163
64.89999999999942         0.46620070837821403
64.91999999999945         0.46529061069214256
64.93999999999944         0.46222129917058014
64.95999999999945         0.4552258554534215
64.97999999999945         0.4408557413700115
64.99999999999942         0.41524513333556096
65.01999999999946         0.37893269948403413
65.03999999999945         0.339356791915701
65.05999999999942         0.30359752987613975
65.07999999999943         0.2743859342962463
65.09999999999945         0.25167419075048475
65.11999999999944         0.2345793018525346
65.13999999999946         0.22219597012989534
65.15999999999947         0.21381287728728487
65.1799999999995          0.20893984494817394
65.19999999999949         0.207293943252154
65.21999999999949         0.20878172025564082
65.23999999999948         0.2134923814727766
65.2599999999995          0.22170403810592335
65.27999999999952         0.23390073350096777
65.29999999999951         0.2507884362375433
65.31999999999952         0.27328314636573264
65.33999999999953         0.30225224337334883
65.35999999999954         0.33771705180946693
65.37999999999955         0.3768857616240454
65.39999999999957         0.41274849352553294
65.41999999999958         0.4381163594159303
65.43999999999957         0.4523093779985054
65.45999999999958         0.4591322914823356
65.47999999999955         0.4620454155141556
65.4999999999996          0.4628149848763718
65.51999999999958         0.4619385750026606
65.5399999999996          0.4589192954773469
65.5599999999996          0.4520026397915503
65.5799999999996          0.43776379668743487
65.59999999999961         0.41236146864529
65.61999999999962         0.3763340418871211
65.63999999999962         0.33710615684552075
65.65999999999967         0.30159274361316807
65.67999999999964         0.27256941723031675
65.69999999999965         0.2500143132134804
65.71999999999964         0.23304760382401618
65.73999999999965         0.22076399812624287
65.75999999999965         0.21245396482968937
65.77999999999967         0.20763089380004646
65.7999999999997          0.20601412166864616
65.81999999999968         0.20751133486776693
65.83999999999969         0.21221187221792662
65.85999999999969         0.22039126555143973
65.87999999999971         0.23253542363251417
65.89999999999972         0.24934793134365457
65.9199999999997          0.27172874507942696
65.93999999999974         0.3005526359036603
65.95999999999972         0.33583943712232217
65.97999999999973         0.37481499027190596
65.99999999999974         0.41050874341844534
66.01999999999975         0.4357695370838689
66.03999999999976         0.44991888636689636
66.05999999999977         0.45673960757182436
66.07999999999979         0.4596726427798306
66.0999999999998          0.46047434389001646
66.11999999999979         0.45963931038825456
66.13999999999979         0.4566727459189614
66.1599999999998          0.44982808088054005
66.17999999999982         0.43563842242602696
66.19999999999982         0.4103406531948831
66.21999999999983         0.37460640994531397
66.2399999999998          0.335585187935346
66.25999999999982         0.3002460185010602
66.27999999999982         0.2713627966098094
66.29999999999981         0.2489159280123122
66.31999999999982         0.23203086761942093
66.33999999999983         0.21980713370681426
66.35999999999984         0.21153880388052262
66.37999999999985         0.20674161713718922
66.39999999999986         0.20513627190051473
66.41999999999986         0.2066303522792728
66.43999999999987         0.211313520209439
66.45999999999988         0.21946223137903742
66.47999999999988         0.2315577247184019
66.49999999999989         0.24830288944310316
66.51999999999987         0.27059527654713433
66.53999999999992         0.29930778471594566
66.55999999999995         0.33446306898207473
66.57999999999991         0.3733022668674625
66.59999999999992         0.4088855067104602
66.61999999999993         0.434087229256951
66.63999999999994         0.4482249118166561
66.65999999999994         0.4550589588313197
66.67999999999995         0.4580076800089796
66.69999999999997         0.4588063574631281
66.71999999999996         0.45792140997377995
66.73999999999997         0.45481080980156413
66.75999999999998         0.4476009066141846
66.77999999999999         0.4326049405565441
66.8                      0.4055598007793889
66.81572007314068         0.37686891657029326
66.82503925769703         0.35535394876275567
66.83056105131156         0.34422108735958545
66.84351555650238         0.31593395818945275
66.86134252426058         0.2812004662413085
66.87457868000452         0.256378145034048
66.91299929335315         0.20394478159637358
66.9137591560611          0.20352991015432836
66.91632898485885         0.20166067244937388
66.9615592401818          0.15901264427034853
66.97448194518667         0.15015404303368626
67                        0.13566578452996395
