% Model:              ModelBHUpMagnet.mph
% Version:            COMSOL 5.6.0.280
% Date:               Oct 20 2021, 20:17
% Dimension:          1
% Nodes:              963
% Expressions:        1
% Description:        线图
% cln2x                   Height
24                        0.13561181795717628
24.02514449984368         0.14971290317961897
24.03888403308004         0.15935477017386343
24.08662857250166         0.20421711760492084
24.087200649370754        0.2048529468931242
24.089228476167435        0.2081630694258346
24.128396901069774        0.26190767621411953
24.136258812060337        0.27633521883855117
24.15591875072321         0.3157382215308783
24.161996649871625        0.32815773584744756
24.165732498174197        0.335979939690809
24.182187226292168        0.3725388965476191
24.199999999999996        0.4056373957116334
24.219999999999615        0.43262399970345994
24.24                     0.44759742785384266
24.26000000000045         0.4548110867460686
24.280000000000058        0.4579319685766738
24.299999999999592        0.45881994252969865
24.31999999999997         0.4580207170223935
24.340000000000412        0.4550708332305345
24.36000000000004         0.4482454337606006
24.379999999999583        0.43415763339501284
24.39999999999996         0.40900398847870373
24.420000000000414        0.37332134491004815
24.440000000000037        0.3344122561294239
24.459999999999578        0.2992733073892451
24.479999999999965        0.2705872703742321
24.50000000000042         0.24830759863511054
24.520000000000042        0.2315662368543774
24.53999999999959         0.21947106246590228
24.559999999999967        0.21132168508487187
24.58000000000042         0.20663772867736221
24.600000000000044        0.20514296592871636
24.61999999999959         0.20674834391648117
24.63999999999997         0.21154694742818816
24.660000000000423        0.2198159184698019
24.680000000000053        0.23203930430671904
24.699999999999594        0.24892051402272253
24.719999999999967        0.2713545906203132
24.74000000000041         0.3002112455785197
24.76000000000004         0.3355341715524374
24.779999999999582        0.37462596981861673
24.79999999999995         0.4104602383071758
24.82000000000042         0.4357092738210167
24.84000000000004         0.44984272691371385
24.859999999999577        0.456691070206548
24.879999999999963        0.4596564277808738
24.900000000000425        0.46048992700096286
24.92000000000006         0.45968657997802204
24.939999999999696        0.456752057599393
24.96000000000022         0.44994042187466016
24.98000000000075         0.43584230529917495
25.000000000000348        0.4106308732372382
25.01999999999994         0.37483714206701163
25.04000000000017         0.33579068783974836
25.06000000000055         0.3005197036494657
25.080000000000183        0.271738814918114
25.099999999999667        0.24935706265882157
25.11999999999995         0.23254387720331132
25.14000000000041         0.22039924713287334
25.16000000000009         0.2122182676709504
25.179999999999612        0.20751819921840034
25.19999999999993         0.2060215851922829
25.220000000000404        0.20763907495768932
25.240000000000084        0.2124629772795786
25.259999999999614        0.22077374377805123
25.279999999999927        0.23305711774130158
25.3000000000004          0.25002011965251014
25.320000000000153        0.2725625869516748
25.339999999999865        0.30155949306015617
25.360000000000365        0.337056827890241
25.38000000000076         0.3763479429277335
25.40000000000021         0.41227005992467236
25.419999999999668        0.4377231982167366
25.439999999999987        0.45201384952731055
25.460000000000356        0.4589398616395975
25.47999999999995         0.46195784769563414
25.499999999999595        0.4628326697081554
25.52000000000004         0.4620614213048442
25.540000000000415        0.4591467338445678
25.55999999999997         0.45233274067523416
25.5799999999996          0.43819079686856516
25.60000000000006         0.4128719288880681
25.62000000000042         0.3769081710633938
25.639999999999972        0.33766814803087414
25.659999999999602        0.3022194630685971
25.680000000000042        0.273276902569075
25.700000000000426        0.2507982768730904
25.71999999999997         0.23390993662331572
25.739999999999597        0.22171108341883006
25.760000000000048        0.2134995344390609
25.78000000000042         0.20878934750157496
25.79999999999998         0.20730217714759766
25.81999999999961         0.20894880819357345
25.84000000000005         0.21382269060935388
25.86000000000043         0.222206543448082
25.879999999999978        0.234589674361359
25.8999999999996          0.25168426707220615
25.920000000000048        0.2743969099572804
25.940000000000417        0.3036542228980949
25.959999999999976        0.33943240047286183
25.979999999999595        0.37894777982305106
26.00000000000004         0.41515453071218383
26.020000000000415        0.4408163222302044
26.039999999999974        0.4552385656274948
26.059999999999583        0.4622434208382956
26.08000000000003         0.46531142357525995
26.100000000000392        0.4662199888067875
26.11999999999992         0.46547102832600856
26.139999999999485        0.4625576709192195
26.15999999999984         0.45571563683599364
26.180000000000078        0.4414881973946822
26.19999999999963         0.4158891506405124
26.21999999999913         0.3797719043658301
26.239999999999664        0.34032131056653525
26.26000000000027         0.30460032293581335
26.279999999999976        0.2754224722830087
26.299999999999578        0.25277057278676385
26.32                     0.2357605362836511
26.340000000000426        0.22348187168698366
26.36000000000002         0.21522122235482313
26.379999999999587        0.21049016609991864
26.39999999999999         0.20900838865593935
26.42000000000042         0.21068633794851802
26.44000000000001         0.2156186999277633
26.459999999999578        0.22409104512892436
26.47999999999998         0.23659732319038895
26.500000000000387        0.25385975028836477
26.519999999999968        0.27680020957128587
26.539999999999512        0.30631310719626736
26.559999999999903        0.34242301357467936
26.580000000000368        0.38230633683859133
26.600000000000012        0.4188568281565163
26.619999999999653        0.4447732813344458
26.640000000000033        0.4593509745970422
26.660000000000462        0.46644346638144546
26.68000000000007         0.46956183892408615
26.6999999999996          0.47049931086725605
26.71999999999995         0.4697606914106903
26.74000000000036         0.46683952800192613
26.759999999999984        0.45994929248338834
26.779999999999664        0.44560252472556316
26.800000000000225        0.4198856886666928
26.820000000000807        0.3833413276529898
26.840000000000412        0.3434627325301352
26.85999999999984         0.30748248847938586
26.880000000000035        0.27804302645781603
26.90000000000035         0.2551903391788409
26.919999999999984        0.23803205267461938
26.939999999999657        0.22564938908630464
26.960000000000004        0.21732287374728743
26.980000000000338        0.21256017797026372
26.999999999999982        0.21107890377108687
27.019999999999644        0.2127890381422003
27.04000000000002         0.21778521493160802
27.06000000000036         0.22635834503635113
27.080000000000013        0.2390080505846047
27.099999999999696        0.2564634975358606
27.12000000000009         0.2796551465126101
27.140000000000462        0.30948788995589493
27.16000000000015         0.34598724797682406
27.179999999999822        0.38630198807332083
27.200000000000117        0.4232543076247275
27.22000000000041         0.4494662369647278
27.240000000000006        0.4642210265267379
27.259999999999547        0.47140943407653396
27.27999999999993         0.474578915506915
27.3000000000004          0.47554223543294977
27.32000000000004         0.4748099054039498
27.339999999999637        0.4718698542813117
27.36000000000004         0.46491571313641433
27.380000000000386        0.4503627698232118
27.39999999999987         0.42432372634066684
27.419999999999323        0.3874950951392355
27.43999999999976         0.34726596998872783
27.460000000000296        0.3108411235116428
27.479999999999976        0.28109157836503684
27.49999999999958         0.2580007512605304
27.519999999999992        0.24066694673428193
27.54000000000042         0.2281612882512806
27.560000000000016        0.21975634129263816
27.579999999999572        0.21495524834516339
27.599999999999984        0.21347086864300077
27.620000000000413        0.21521409024112326
27.64                     0.2202825118042128
27.65999999999957         0.22896891725356244
27.67999999999997         0.24177968655054927
27.700000000000397        0.25945269669021304
27.71999999999997         0.28292945774355327
27.73999999999953         0.3131258731792969
27.75999999999993         0.35006871130993145
27.7800000000004          0.39087521360771565
27.80000000000004         0.42828490190918295
27.8199999999997          0.45483094399328
27.840000000000053        0.4697831160164274
27.86000000000047         0.4770722208859047
27.880000000000067        0.48029807670144253
27.899999999999597        0.4812861184608628
27.919999999999945        0.4805565511340521
27.940000000000346        0.47759083331542396
27.959999999999948        0.47055382027706294
27.9799999999996          0.45583538926662487
28.00000000000012         0.4294845522691216
28.020000000000625        0.39221532314032265
28.04000000000021         0.3515060181499512
28.05999999999972         0.31464690519019417
28.080000000000084        0.2845430780028982
28.100000000000453        0.26117825163342007
28.119999999999987        0.24364093028649406
28.139999999999567        0.23099355904316307
28.16000000000002         0.2224960724049276
28.18000000000043         0.2176466133814212
28.199999999999978        0.2161567953493769
28.21999999999956         0.21793524844212708
28.240000000000016        0.2230811087130231
28.26000000000043         0.23189119767349953
28.279999999999983        0.2448786687687438
28.29999999999958         0.262807537220334
28.320000000000043        0.2866696725393862
28.340000000000487        0.31740800061477537
28.360000000000028        0.3549670879726176
28.379999999999573        0.39591792811288573
28.399999999999963        0.43276626885692787
28.420000000000325        0.4600783617304023
28.439999999999948        0.4759035601158673
28.45999999999953         0.48350551996332414
28.47999999999992         0.4867899885450447
28.500000000000373        0.48779426128786724
28.520000000000028        0.4870742876078105
28.539999999999633        0.4840685794767885
28.56000000000003         0.47673959939015526
28.58000000000037         0.4611670850969651
28.59999999999986         0.434068675516045
28.61999999999936         0.39738047556969824
28.63999999999977         0.35654114529465086
28.660000000000263        0.31907663331334424
28.67999999999989         0.2884236041370764
28.699999999999534        0.26469937257974036
28.72000000000001         0.24691209799835204
28.74000000000042         0.23409292372639046
28.759999999999966        0.22548778561606125
28.779999999999553        0.2205826065542609
28.80000000000001         0.21908319786345332
28.82000000000043         0.22089639223515106
28.839999999999975        0.22612330310721201
28.85999999999955         0.2350670357652321
28.879999999999992        0.248265180095364
28.900000000000393        0.2664351902031424
28.919999999999924        0.29056567710729253
28.93999999999949         0.32159790807024685
28.959999999999937        0.3595609651110256
28.9800000000004          0.40149801225940795
29.00000000000001         0.44006980235321347
29.01999999999965         0.4673273644586618
29.04000000000002         0.4826714868612778
29.06000000000045         0.49018302119196877
29.080000000000062        0.4935174420482103
29.099999999999593        0.4945515960931863
29.119999999999937        0.4938172338192652
29.14000000000032         0.4907804120044628
29.159999999999854        0.4835482690603359
29.179999999999392        0.4684192381536564
29.199999999999815        0.441337077195575
29.220000000000205        0.403054400399422
29.239999999999828        0.36116440226002794
29.259999999999465        0.3233262344403555
29.279999999999937        0.2924387493899132
29.300000000000367        0.268458956803107
29.319999999999958        0.2504560633623379
29.339999999999563        0.23747163262787085
29.359999999999992        0.2287531623212648
29.380000000000408        0.2237850524145146
29.399999999999963        0.22227168731230576
29.419999999999554        0.22411951423383142
29.439999999999984        0.22943059151265688
29.460000000000388        0.23851030737377044
29.479999999999965        0.25188662782277016
29.499999999999556        0.2703286990041895
29.51999999999994         0.29479978043536037
29.540000000000262        0.3263088125241745
29.559999999999707        0.36476480693707625
29.579999999999266        0.40739563585061006
29.59999999999981         0.4465372336993416
29.62000000000035         0.47421478358120783
29.640000000000015        0.48980351443063236
29.659999999999634        0.497439008078241
29.680000000000042        0.5008311154677485
29.7000000000004          0.5018859856577691
29.719999999999967        0.5011437973474334
29.73999999999958         0.49806198800362267
29.760000000000023        0.4907179034914068
29.780000000000395        0.47541736454336686
29.799999999999947        0.44797816230104615
29.819999999999574        0.40901255110539925
29.840000000000014        0.3665113299700238
29.860000000000372        0.328124014337114
29.879999999999924        0.2967890676585076
29.899999999999554        0.2724625152152733
29.919999999999998        0.25420023237723943
29.940000000000378        0.241030027125724
29.959999999999933        0.232188523334602
29.97999999999956         0.22715262928919183
29.99999999999999         0.22562260189628933
30.020000000000373        0.22750387356838891
30.03999999999994         0.23290037056214172
30.05999999999956         0.24212212746066816
30.08000000000001         0.25570481041873855
30.100000000000385        0.27442872477374497
30.11999999999994         0.29927097643662887
30.13999999999956         0.3312065064086354
30.160000000000004        0.370288627298146
30.180000000000376        0.4135645834174104
30.19999999999994         0.4533151040600135
30.21999999999957         0.4814458139883404
30.240000000000013        0.4973035930209978
30.26000000000038         0.5050763157068696
30.279999999999934        0.5085317522660407
30.299999999999546        0.5096085638400599
30.319999999999993        0.5088545507696236
30.340000000000366        0.5057207774894682
30.35999999999993         0.4982646614372606
30.379999999999562        0.4827063081447656
30.4                      0.4548309504737161
30.42000000000037         0.4152666349975112
30.439999999999937        0.3721247058989354
30.459999999999557        0.3331624536795913
30.479999999999997        0.3013589112134708
30.50000000000037         0.2766689916391576
30.51999999999992         0.25813470916327097
30.539999999999562        0.24476958768474755
30.559999999999995        0.2357989986253399
30.58000000000037         0.23069213509805497
30.599999999999927        0.22914485182935948
30.619999999999543        0.23106127167796078
30.63999999999999         0.23654849803363145
30.660000000000366        0.2459192489938064
30.67999999999993         0.2597172461408652
30.699999999999555        0.27873183440277743
30.720000000000002        0.3039671942744285
30.74000000000037         0.3364007075522117
30.759999999999934        0.3760909303140715
30.779999999999557        0.42004415684436924
30.799999999999997        0.46043044060732624
30.82000000000037         0.4890299412133308
30.839999999999925        0.5051637366975864
30.85999999999956         0.5130794562830244
30.880000000000013        0.516596062348587
30.900000000000382        0.517690228080074
30.919999999999938        0.5169215331843435
30.939999999999564        0.5137281363260857
30.960000000000008        0.5061320584714379
30.980000000000377        0.49029192784691317
30.999999999999925        0.4619427290146203
31.019999999999555        0.4217500424976548
31.039999999999978        0.3779486255774758
31.060000000000365        0.33839776614978934
31.07999999999992         0.3061136993285642
31.09999999999955         0.28104996863163306
31.119999999999987        0.2622350795031617
31.140000000000356        0.24866834171035349
31.15999999999993         0.23956379628343544
31.179999999999545        0.2343828247922429
31.199999999999992        0.23281677788283728
31.22000000000037         0.23476924241984456
31.239999999999924        0.24034685869399797
31.25999999999955         0.2498692086507841
31.279999999999987        0.26388751835391905
31.300000000000363        0.28320284879473157
31.319999999999926        0.30883406652991563
31.33999999999955         0.34177280989218545
31.36                     0.38207997252016046
31.380000000000358        0.4267255621966484
31.399999999999928        0.4677774214344813
31.419999999999554        0.49682363724460754
31.439999999999994        0.513325393242511
31.46000000000037         0.5214070529267006
31.479999999999926        0.5249950058004684
31.499999999999563        0.5261111557990836
31.519999999999992        0.525327159307171
31.540000000000365        0.5220705381572679
31.55999999999992         0.5143255933115372
31.579999999999554        0.4981869270019777
31.59999999999999         0.4693395775475826
31.620000000000378        0.4284915306283744
31.63999999999992         0.38400587550889614
31.659999999999535        0.3438452700737096
31.679999999999993        0.3110630485088422
31.700000000000358        0.2856108776862186
31.719999999999914        0.2665035359378568
31.73999999999956         0.25272395936970327
31.75999999999999         0.24347913616207478
31.780000000000356        0.23822004921628087
31.79999999999992         0.2366330988489141
31.81999999999955         0.23861946164525197
31.83999999999997         0.2442880260479126
31.860000000000348        0.25396297145168956
31.879999999999914        0.2682034040686821
31.899999999999554        0.2878216271225705
31.920000000000005        0.3138504586429622
31.94000000000037         0.34729504580393383
31.959999999999933        0.3882903128964036
31.979999999999542        0.4335600722519442
31.999999999999986        0.47519554621123367
32.02000000000036         0.5049199347864013
32.03999999999993         0.5217773746887658
32.05999999999954         0.530043937233174
32.07999999999999         0.5337146280351056
32.10000000000035         0.534856226215517
32.11999999999991         0.5340550308432863
32.13999999999953         0.5307265308812752
32.159999999999975        0.5228128246172816
32.180000000000355        0.5063408300178129
32.1999999999999          0.47695383627054144
32.219999999999544        0.43542147452833946
32.23999999999998         0.39023801375419553
32.26000000000036         0.34946105439713526
32.27999999999994         0.3161754420954103
32.29999999999954         0.29033432264282283
32.31999999999999         0.2709258398911378
32.34000000000036         0.2569333909958677
32.35999999999993         0.24754371916359344
32.37999999999954         0.24220255603721075
32.399999999999984        0.24059258179341564
32.420000000000364        0.2426157000660914
32.43999999999991         0.24838115918018852
32.45999999999953         0.2582174420789279
32.479999999999976        0.27269214062133235
32.500000000000355        0.2926336897312569
32.519999999999904        0.31909798815159823
32.53999999999953         0.35310963500620773
32.55999999999999         0.3947089250894176
32.580000000000354        0.44071452830869423
32.59999999999991         0.4830641668277606
32.61999999999954         0.5133473563516066
32.639999999999986        0.530550604458622
32.66000000000035         0.5389946150084013
32.67999999999991         0.5427438011450837
32.69999999999955         0.5439085548899766
32.719999999999985        0.5430869993999272
32.74000000000037         0.5396803463714686
32.759999999999934        0.5315849912632109
32.779999999999546        0.5147582575437806
32.8                      0.4848037221981892
32.82000000000036         0.4425561755600648
32.83999999999992         0.39673211518923973
32.85999999999954         0.35530128326412835
32.87999999999998         0.3214675978918286
32.900000000000354        0.29520273764731336
32.91999999999991         0.27548816808223153
32.93999999999953         0.26127459475181525
32.95999999999998         0.25173889489256385
32.980000000000345        0.24631618442197323
32.999999999999915        0.24468401922271502
33.019999999999534        0.2467413098779439
33.03999999999997         0.25260232762300494
33.06000000000035         0.2625984132683147
33.07999999999991         0.2773098757848138
33.09999999999954         0.29757475448300286
33.119999999999976        0.32446249411889644
33.14000000000036         0.3590133352356515
33.15999999999991         0.4012708968079467
33.17999999999954         0.4480218732200204
33.19999999999998         0.4911085494245669
33.220000000000354        0.5219847314007998
33.23999999999991         0.5395630510369273
33.25999999999955         0.5482014008329837
33.27999999999998         0.5520374789648528
33.30000000000035         0.5532281763625001
33.3199999999999          0.5523873458763944
33.33999999999952         0.5489008571711036
33.35999999999997         0.5406188570174455
33.380000000000344        0.5233565109780057
33.3999999999999          0.4927630958595583
33.419999999999526        0.4499056820925561
33.439999999999976        0.40334255967737837
33.46000000000035         0.3612606095373804
33.47999999999992         0.3268961096095727
33.49999999999954         0.3002169975657286
33.519999999999975        0.28018903850057436
33.540000000000354        0.2657478250326913
33.55999999999992         0.2560586467994602
33.57999999999954         0.2505502190745983
33.599999999999994        0.24889479912674228
33.62000000000035         0.25098767083234874
33.63999999999991         0.2569453602213881
33.659999999999535        0.2671069282463774
33.67999999999998         0.2820590211001705
33.70000000000036         0.30265321078982305
33.719999999999914        0.3299741374772851
33.73999999999953         0.36507689308466573
33.75999999999998         0.4080085752871311
33.78000000000035         0.45552349677559856
33.79999999999992         0.49936739948724085
33.81999999999953         0.530854696459378
33.83999999999998         0.548821007474255
33.86000000000037         0.5576582018684068
33.879999999999924        0.5615876295439619
33.89999999999954         0.5628095525910907
33.91999999999999         0.5619505442948738
33.94000000000036         0.5583795639943928
33.95999999999993         0.5498828263126897
33.979999999999535        0.5322333096850385
33.999999999999986        0.5010223067207182
34.02000000000037         0.4574127588455876
34.03999999999993         0.41010097029140524
34.05999999999953         0.3673629440517769
34.07999999999997         0.33246353049151545
34.10000000000034         0.30536724637168317
34.11999999999991         0.2850249899871527
34.139999999999525        0.2703558601260185
34.15999999999997         0.2605146303141338
34.18000000000034         0.2549184934802252
34.199999999999896        0.2532385869220291
34.21999999999952         0.25537038543785734
34.23999999999997         0.26143038492849885
34.260000000000346        0.271763462414794
34.279999999999895        0.2869638247368189
34.29999999999952         0.3078975577926582
34.31999999999998         0.3356651546800273
34.34000000000034         0.3713373455978639
34.3599999999999          0.41496488649621655
34.379999999999534        0.46326923480123705
34.39999999999997         0.507896061137003
34.42000000000034         0.5400164518713318
34.4399999999999          0.558386846810697
34.45999999999953         0.5674412106963178
34.479999999999976        0.5714666140498824
34.50000000000035         0.5727238422137476
34.519999999999904        0.5718502466851668
34.53999999999953         0.5682011500893828
34.559999999999974        0.5595155935705795
34.58000000000034         0.5414909286894981
34.599999999999895        0.5096732706869079
34.61999999999952         0.4652935867422189
34.63999999999997         0.41719287315044457
34.660000000000345        0.37375555703149355
34.6799999999999          0.33828442046695567
34.69999999999953         0.3107376537819373
34.71999999999997         0.2900648436896386
34.740000000000364        0.27515562025624274
34.759999999999906        0.26515184768511796
34.77999999999952         0.25946468541254597
34.79999999999996         0.2577577941704202
34.82000000000034         0.2599259424864735
34.8399999999999          0.2660877611561403
34.859999999999516        0.2765940982781784
34.87999999999997         0.292049108933529
34.90000000000033         0.3133304313787467
34.9199999999999          0.3415546477795096
34.93999999999953         0.37780765343009143
34.959999999999965        0.4221450231659184
34.980000000000345        0.47125921633171103
34.99999999999991         0.516701524809166
35.019999999999534        0.549565890596931
35.039999999999964        0.5683119294548229
35.06000000000034         0.5775876053975656
35.07999999999991         0.5817255481558942
35.09999999999951         0.5830202988486788
35.119999999999955        0.5821307788097736
35.140000000000335        0.5783975140386037
35.1599999999999          0.5695076187719934
35.179999999999524        0.5510779380465004
35.19999999999997         0.5186150922382798
35.22000000000035         0.4734334710493407
35.2399999999999          0.4244452706122524
35.259999999999536        0.3803182631466414
35.27999999999997         0.34429867076813814
35.300000000000345        0.31631693126382804
35.3199999999999          0.2952993029081845
35.33999999999952         0.28014043340749534
35.359999999999985        0.2699705052633939
35.380000000000344        0.2641921225484878
35.399999999999906        0.2624622934990693
35.41999999999952         0.26467355753914384
35.43999999999997         0.27094631288295085
35.46000000000035         0.28163750777646257
35.479999999999905        0.29736192020762764
35.49999999999954         0.3190116954993292
35.51999999999997         0.34772114109000457
35.54000000000034         0.3845933045538215
35.55999999999991         0.4296872962970746
35.57999999999953         0.47965537533932695
35.599999999999966        0.5260593917122506
35.62000000000035         0.5594781310911052
35.63999999999991         0.5786526531971998
35.65999999999953         0.5881552100087095
35.67999999999999         0.5923982201644106
35.70000000000035         0.5937288448842112
35.71999999999991         0.5928222059021163
35.73999999999953         0.5890012615009248
35.75999999999997         0.5798974253313292
35.78000000000036         0.561044221909153
35.799999999999905        0.5280320186056331
35.819999999999524        0.48189372677843784
35.83999999999997         0.4320658550498712
35.86000000000034         0.3871998251892004
35.8799999999999          0.35057678138265674
35.89999999999952         0.32212374841890706
35.919999999999966        0.30075043376200444
35.94000000000034         0.28533352244947235
35.9599999999999          0.2749894922684724
35.97999999999952         0.26911240008800175
35.99999999999997         0.2673553480097877
36.020000000000344        0.26960941112213527
36.03999999999991         0.2759965788853333
36.05999999999953         0.2868788599263642
36.07999999999997         0.30288053235751206
36.10000000000034         0.3249081772633386
36.11999999999992         0.3540936212101238
36.139999999999525        0.39156462264579595
36.15999999999997         0.43740805478413936
36.18000000000035         0.4883340898713233
36.199999999999896        0.5356191293109023
36.21999999999952         0.5697586943906273
36.239999999999974        0.5893977413724607
36.260000000000346        0.5991483244270316
36.2799999999999          0.6035088350309152
36.29999999999953         0.6048833690449447
36.31999999999998         0.6039638541303491
36.34000000000035         0.6000508548165122
36.3599999999999          0.5907409664485858
36.37999999999954         0.5715149788966645
36.39999999999999         0.5377312248012983
36.42000000000034         0.4907273545046841
36.4399999999999          0.4400287027382277
36.459999999999525        0.39439611874642977
36.47999999999997         0.3571467677885522
36.50000000000035         0.3282039025275808
36.51999999999989         0.3064611122849858
36.53999999999952         0.29077838115111637
36.559999999999974        0.28025776671193703
36.58000000000034         0.27428227885480033
36.599999999999895        0.27249839707663875
36.61999999999952         0.27479601272689963
36.63999999999995         0.28130057746040743
36.66000000000035         0.29238104317562985
36.67999999999991         0.30867308510193825
36.69999999999953         0.3310895501823411
36.71999999999997         0.36079595452681057
36.74000000000035         0.3989242798321243
36.75999999999991         0.44557187636602
36.779999999999525        0.49741849988113124
36.79999999999996         0.5456368510133496
36.82000000000036         0.5805522740134066
36.83999999999991         0.6006976829777106
36.85999999999952         0.6107229833491292
36.87999999999996         0.6152197985655308
36.900000000000325        0.6166458336310267
36.919999999999895        0.6157167071573952
36.93999999999951         0.611719752724377
36.959999999999965        0.6021834716372175
36.98000000000034         0.5824996544829102
36.9999999999999          0.5479827939061864
37.01999999999952         0.500069738697218
37.03999999999998         0.44845612239595395
37.06000000000035         0.40201747352615136
37.079999999999906        0.3641095666179035
37.09999999999954         0.3346524923751843
37.11999999999997         0.3125221146398065
37.140000000000335        0.2965595763049556
37.15999999999992         0.285852320110912
37.179999999999524        0.27977416802211325
37.19999999999997         0.2779664273651759
37.22000000000034         0.2803175884823807
37.239999999999895        0.2869537041425472
37.25999999999952         0.2982498635840265
37.27999999999996         0.31485133791835535
37.300000000000345        0.3376928468820534
37.31999999999991         0.367958461284111
37.33999999999952         0.40679989659866894
37.359999999999964        0.4543194697769967
37.380000000000344        0.5071553194818388
37.39999999999991         0.5563566637472037
37.419999999999526        0.5920729416694788
37.43999999999998         0.6127300242421556
37.46000000000035         0.6230555292325839
37.479999999999905        0.6276908449369758
37.499999999999524        0.6291768464439284
37.51999999999998         0.6282440865707559
37.54000000000035         0.6241587494943086
37.55999999999991         0.6143840848561497
37.57999999999953         0.5942144217547072
37.59999999999997         0.558918688209501
37.62000000000034         0.5100408654653328
37.6399999999999          0.4574572218325054
37.65999999999951         0.4101642336762598
37.679999999999964        0.37155830702351317
37.70000000000033         0.3415602532893187
37.7199999999999          0.3190144948444212
37.73999999999952         0.30275426554478085
37.75999999999996         0.29185234854163317
37.78000000000034         0.285668860895524
37.7999999999999          0.2838379725052079
37.81999999999953         0.2862454718851549
37.83999999999997         0.29302140261546
37.86000000000035         0.30454867194683727
37.87999999999992         0.3214846170742902
37.89999999999953         0.344780492507774
37.91999999999998         0.37564142978441195
37.94000000000034         0.41524022270017835
37.9599999999999          0.4636862735655299
37.97999999999953         0.5175865232263497
37.999999999999964        0.5677266287497841
38.020000000000344        0.60437250693328
38.03999999999991         0.6256890251799954
38.059999999999526        0.6363386392924256
38.07999999999997         0.6411383288411363
38.10000000000034         0.6426971456365332
38.1199999999999          0.6417663286113058
38.139999999999546        0.6375898807054639
38.159999999999975        0.6275611080689978
38.18000000000035         0.6068707450841055
38.199999999999896        0.5707404147650583
38.21999999999952         0.5208294487869776
38.23999999999997         0.4672068526741906
38.26000000000034         0.41899808457442794
38.27999999999989         0.37964290243792626
38.29999999999951         0.34905389837196177
38.31999999999996         0.32606983791247374
38.340000000000344        0.3094910793561182
38.359999999999886        0.29837858305341386
38.37999999999952         0.29208062678798696
38.39999999999996         0.2902246882730345
38.42000000000034         0.2926951408845873
38.43999999999989         0.2996250818761052
38.45999999999952         0.31140493069521974
38.47999999999996         0.32870481543810826
38.50000000000034         0.3524948082821379
38.5199999999999          0.3840253722421539
38.539999999999516        0.42448494400379977
38.55999999999995         0.47396732003847597
38.580000000000354        0.528936603729797
38.599999999999895        0.5802375244069035
38.61999999999952         0.6178492793556633
38.63999999999997         0.6398075953633484
38.660000000000345        0.650815725198755
38.67999999999991         0.6557988399241718
38.69999999999953         0.6574413271620443
38.71999999999998         0.6565189032357731
38.74000000000036         0.6522534407956213
38.759999999999906        0.6419636100441038
38.77999999999953         0.6207276887537465
38.799999999999976        0.5837106613758198
38.820000000000334        0.5326836369958708
38.83999999999989         0.4779258299302114
38.85999999999952         0.42877319760944005
38.87999999999995         0.3885611795420307
38.90000000000033         0.3573151606183078
38.9199999999999          0.33384527132173897
38.939999999999515        0.31692339103981815
38.95999999999996         0.30558280025480417
38.98000000000033         0.29916015777948574
38.9999999999999          0.29727673675080235
39.01999999999952         0.29981578256152125
39.039999999999964        0.3069141747563803
39.06000000000033         0.3189708707700983
39.0799999999999          0.3366692708305032
39.09999999999952         0.3610084456433868
39.11999999999996         0.39324781664534425
39.14000000000034         0.43461553848750456
39.159999999999904        0.485209864860927
39.17999999999953         0.5414500748527568
39.199999999999974        0.5940353272376283
39.22000000000034         0.6327208822241847
39.239999999999895        0.6553976848798956
39.259999999999515        0.6668128361478178
39.279999999999966        0.6720118922780837
39.30000000000034         0.6737626082565924
39.3199999999999          0.6728653191475593
39.33999999999953         0.6685121600036026
39.35999999999997         0.65793185711419
39.38000000000034         0.6360718477264181
39.3999999999999          0.5979191011048736
39.419999999999504        0.5457935272390524
39.43999999999997         0.48988360491226396
39.460000000000335        0.4395600611509562
39.47999999999989         0.39846249879548573
39.49999999999951         0.366525237505773
39.51999999999996         0.3425364083239974
39.54000000000033         0.3252442671200744
39.559999999999896        0.3136628172179207
39.57999999999951         0.3071152078025992
39.59999999999996         0.3052145363998892
39.620000000000346        0.3078410119348094
39.6399999999999          0.3151358060057108
39.659999999999506        0.32750847141690836
39.67999999999996         0.3456618890047466
39.70000000000032         0.3706140968353715
39.71999999999989         0.40365654492780273
39.73999999999952         0.4460468323735445
39.75999999999996         0.4978941821236501
39.78000000000033         0.5555694671201787
39.79999999999988         0.6096110135511925
39.81999999999952         0.6495234535254089
39.83999999999997         0.6730325699796877
39.86000000000035         0.6849309541899397
39.8799999999999          0.6903968361133045
39.89999999999953         0.6922899377333704
39.91999999999997         0.6914380603315812
39.940000000000346        0.6870008519232269
39.959999999999916        0.6760947251753355
39.97999999999952         0.6534752645708087
39.99999999999997         0.6142891562551633
40.020000000000344        0.5607757589048716
40.039999999999885        0.5034657983862939
40.05999999999952         0.4519057502867747
40.079999999999956        0.4097966075645533
40.10000000000033         0.3770692884448842
40.119999999999884        0.35248651107275103
40.13999999999951         0.3347696969140447
40.15999999999996         0.3229131946978386
40.180000000000334        0.31622017363325244
40.19999999999989         0.3142976297403489
40.219999999999516        0.3170241670306777
40.239999999999974        0.32454465881832806
40.260000000000325        0.3372800741059544
40.27999999999989         0.3559519307668855
40.299999999999514        0.3816047945533898
40.31999999999996         0.4155634395928986
40.34000000000034         0.45911954679475725
40.3599999999999          0.512396443259355
40.37999999999951         0.571712702606433
40.399999999999956        0.6274263617779225
40.420000000000336        0.6687553704953221
40.439999999999884        0.6932315657594943
40.45999999999951         0.7056941163568345
40.47999999999996         0.7114694667564059
40.500000000000334        0.7135319507801093
40.51999999999988         0.7127375465930192
40.5399999999995          0.7082085184949976
40.559999999999945        0.6969417357493265
40.58000000000034         0.6735377598907503
40.59999999999988         0.6330748090338197
40.61999999999951         0.577981367123446
40.63999999999995         0.5190819391278964
40.66000000000035         0.46611859169167963
40.6799999999999          0.4228600088135931
40.69999999999951         0.3892336576970236
40.719999999999956        0.3639752797748303
40.74000000000033         0.34577368641665535
40.7599999999999          0.33359507142237516
40.77999999999951         0.32673175373291813
40.799999999999955        0.3247784808153247
40.82000000000033         0.32761147340395
40.83999999999989         0.3353810058381175
40.8599999999995          0.34852169151463436
40.87999999999995         0.3677767809390534
40.90000000000033         0.394221191965075
40.91999999999989         0.42921779880868616
40.939999999999515        0.474097252262457
40.959999999999965        0.528999766214359
40.980000000000324        0.5901863870653301
40.99999999999991         0.6478122913238179
41.01999999999951         0.6907684623451131
41.039999999999964        0.7163608777324496
41.060000000000336        0.7294743330147286
41.07999999999989         0.7356199644609158
41.09999999999951         0.7378827754869742
41.11999999999996         0.7371616688075631
41.14000000000034         0.7325368248787747
41.159999999999904        0.7208735709365724
41.17999999999952         0.6965875240151643
41.19999999999996         0.654691129498896
41.22000000000033         0.5978204160202627
41.23999999999989         0.5371271248251019
41.2599999999995          0.4825120753634378
41.279999999999944        0.43799667782691654
41.300000000000324        0.40337467661483867
41.31999999999988         0.37735557313777524
41.3399999999995          0.3586032239421127
41.35999999999996         0.34606029415573936
41.380000000000344        0.3389990790999844
41.399999999999885        0.33700397434232876
41.419999999999504        0.33994951381826555
41.43999999999995         0.3479924936599406
41.46000000000033         0.3615824273941207
41.47999999999988         0.3814881032531878
41.49999999999951         0.4088198221271044
41.519999999999946        0.4449847466599795
41.540000000000326        0.4913590663541824
41.55999999999989         0.5481046451869119
41.57999999999951         0.6114211963189259
41.59999999999995         0.6713595402164656
41.62000000000034         0.7161626229451991
41.63999999999987         0.7429881134216595
41.65999999999951         0.756871500736348
41.679999999999964        0.763473573775885
41.70000000000034         0.7660067992693135
41.7199999999999          0.7654145957486401
41.7399999999995          0.7607296475654095
41.75999999999996         0.7486650613981067
41.78000000000033         0.7234201150240356
41.799999999999876        0.6800612407618409
41.819999999999496        0.6210443846614578
41.83999999999994         0.5582543482418011
41.86000000000032         0.5019483494078448
41.879999999999875        0.45595367564471045
41.89999999999951         0.42015867684743813
41.919999999999945        0.3932377927043138
41.940000000000325        0.37381638285505
41.95999999999987         0.36080618575116946
41.979999999999514        0.35345854133021487
41.999999999999964        0.3513453678940933
42.02000000000033         0.3543378820833946
42.03999999999988         0.36259826213304763
42.0599999999995          0.3765916037810121
42.07999999999995         0.3971135308647686
42.10000000000033         0.42531374302348335
42.11999999999988         0.46265056164778046
42.1399999999995          0.5104920179628812
42.15999999999994         0.5691252654576278
42.18000000000033         0.634773450009942
42.199999999999875        0.6970950824037003
42.21999999999951         0.7439618176693116
42.23999999999995         0.7722496980149473
42.26000000000033         0.7870432683332725
42.27999999999988         0.7942087579230408
42.299999999999514        0.7971069891177585
42.31999999999997         0.7967254461685962
42.34000000000033         0.7920338520569463
42.35999999999988         0.7795803704245243
42.379999999999505        0.753355898279257
42.399999999999956        0.7080680343971743
42.420000000000336        0.6466821148895767
42.439999999999884        0.5813341131808427
42.45999999999949         0.5225118482283739
42.47999999999994         0.4741145485294089
42.50000000000033         0.4360060712281058
42.51999999999987         0.4068007635375227
42.53999999999949         0.38506014029392266
42.55999999999994         0.3696331897339824
42.58000000000032         0.3597133590759439
42.59999999999987         0.35481056530546473
42.619999999999486        0.3547346149076915
42.63999999999994         0.3595811975701244
42.660000000000316        0.369748375807283
42.67999999999987         0.3859654157640685
42.699999999999505        0.4093141882139788
42.71999999999994         0.44120988656986954
42.74000000000032         0.483093042161433
42.7599999999999          0.5353244346113881
42.77999999999949         0.5945179946277824
42.79999999999995         0.6510029170198068
42.82000000000032         0.6934722556456739
42.83999999999988         0.7192422143279873
42.85999999999948         0.7331724697515501
42.87999999999994         0.7407688058481909
42.90000000000032         0.7453386890166046
42.91999999999987         0.74807640996209
42.93999999999948         0.7481312347009915
42.95999999999993         0.7420191483707066
42.98000000000031         0.7233674930633761
42.999999999999865        0.6858854035242343
43.01999999999948         0.6306361425869198
43.03999999999995         0.5682575296292374
43.06000000000032         0.5090833733330341
43.07999999999988         0.4576004847656274
43.09999999999948         0.41428555991180616
43.11999999999994         0.3781492154954866
43.14000000000033         0.3479332482674047
43.159999999999876        0.3224993272264442
43.179999999999495        0.3009134056430557
43.2                      0.2824347685344011
