% Model:              ModelBHUpMagnet.mph
% Version:            COMSOL 5.6.0.280
% Date:               Oct 21 2021, 16:18
% Dimension:          1
% Nodes:              955
% Expressions:        1
% Description:        线图
% cln2x                   Height
24.16                     0.12987817596111745
24.184133969785623        0.14289670501270674
24.197610909692386        0.15165557474665273
24.246184931442457        0.1951437558945594
24.24655904093717         0.19539971185037372
24.247904221800038        0.19755716563075518
24.28799625127106         0.24997523580532602
24.296096757817665        0.26421657571187823
24.315894355808464        0.30215871963889745
24.321886716145382        0.31439261975356886
24.3255883342828          0.32055286931818805
24.342156636296885        0.35655014588012257
24.359999999999996        0.388275420793723
24.38000000000224         0.4137106839549355
24.400000000003853        0.4286024318092396
24.420000000004748        0.43583605616748305
24.44000000000517         0.439170008801917
24.46000000000533         0.44070520441399835
24.48000000000534         0.4413704490431675
24.500000000005336        0.4415438269952757
24.520000000005336        0.44133200267925393
24.54000000000533         0.4406454627769286
24.56000000000533         0.43913166514441976
24.580000000005334        0.43591340071548385
24.600000000005352        0.4289796496485143
24.620000000005376        0.4147100479816386
24.64000000000541         0.3900854517859311
24.660000000005468        0.35681853719601925
24.680000000005514        0.3197813847816683
24.700000000005538        0.28576154870205633
24.72000000000554         0.2578894472711391
24.740000000005537        0.23624029012404185
24.760000000005522        0.21996954921221062
24.780000000005522        0.20820750463123253
24.80000000000553         0.20027835011316722
24.820000000005514        0.1957220549357599
24.840000000005517        0.19427527286220536
24.860000000005513        0.19585277558543515
24.880000000005506        0.20054281545953317
24.9000000000055          0.2086118970140137
24.92000000000549         0.2205235350692053
24.940000000005483        0.2369573546981154
24.960000000005465        0.2587868884139775
24.980000000005436        0.2868592623651811
25.000000000005404        0.32109629220377484
25.02000000000535         0.35834920305342394
25.0400000000053          0.3917965057639532
25.060000000005267        0.4165460823101198
25.080000000005253        0.4308815931817606
25.100000000005235        0.43784059149071425
25.12000000000524         0.4410640033966957
25.140000000005234        0.44257488750473306
25.16000000000523         0.4432569001342785
25.18000000000523         0.443467601976357
25.200000000005225        0.4433029361994798
25.22000000000522         0.442667239371129
25.240000000005224        0.4412033791975431
25.26000000000524         0.4380243356246023
25.280000000005238        0.4311113923521184
25.300000000005273        0.41682139005714197
25.32000000000531         0.3921159391048471
25.34000000000535         0.3587115374211367
25.3600000000054          0.3215038645732659
25.380000000005417        0.28731940224683095
25.400000000005416        0.25929275099032245
25.420000000005416        0.23754793476647074
25.440000000005416        0.22119925394349638
25.460000000005408        0.2093791364938034
25.480000000005415        0.20141164079596352
25.500000000005407        0.196835535693416
25.520000000005407        0.19538644133766847
25.540000000005403        0.1969795274572451
25.5600000000054          0.2017031779649316
25.5800000000054          0.2098257851783634
25.600000000005398        0.2218139582336563
25.62000000000538         0.23835183958514206
25.64000000000536         0.260319027496355
25.660000000005336        0.2885692597808323
25.680000000005286        0.32296677300325255
25.700000000005232        0.36053448027586366
25.72000000000519         0.39431323797677437
25.740000000005157        0.4192043462765976
25.760000000005142        0.43361998403646845
25.780000000005128        0.4406551246523554
25.80000000000513         0.4439427062089863
25.820000000005127        0.44550336438330873
25.840000000005123        0.44622906283191033
25.86000000000512         0.4464796111944857
25.88000000000512         0.4463515156903916
25.900000000005114        0.44574836637857623
25.92000000000512         0.4443103755576107
25.940000000005128        0.44114103879373706
25.96000000000513         0.43422146125361705
25.980000000005155        0.4199103261857264
26.000000000005198        0.3951030403510782
26.02000000000525         0.361382055282973
26.040000000005293        0.32385292817456646
26.060000000005306        0.28944937455438635
26.080000000005306        0.2612731660087099
26.1000000000053          0.23938142151207065
26.120000000005305        0.2229263710316234
26.140000000005298        0.21103430154616795
26.160000000005294        0.20302444110061776
26.18000000000529         0.19843268352590823
26.200000000005293        0.19699339503160676
26.22000000000529         0.19862242879011685
26.24000000000529         0.20340894216422603
26.260000000005277        0.21162393960759773
26.28000000000527         0.2237377245628182
26.300000000005266        0.24043842520339326
26.320000000005244        0.262608686136887
26.340000000005222        0.2911063531578196
26.360000000005186        0.32588011732528843
26.380000000005133        0.36381412046430467
26.400000000005083        0.3979304333516686
26.42000000000505         0.4230815021957948
26.440000000005032        0.4376619208558429
26.46000000000502         0.44479290024805224
26.48000000000503         0.4481404940042265
26.50000000000502         0.44974499887276714
26.520000000005016        0.45050525318736223
26.540000000005016        0.45078562361605834
26.56000000000502         0.45068306804480635
26.58000000000501         0.45009972818855437
26.600000000005007        0.4486715920422031
26.620000000005017        0.44549642372024306
26.640000000005024        0.4385300756459795
26.66000000000505         0.42409642985925744
26.680000000005087        0.3990600999440049
26.700000000005133        0.365018814617955
26.720000000005182        0.32712983143307495
26.740000000005193        0.2923962121328665
26.7600000000052          0.2639675970602287
26.780000000005188        0.24185529534825814
26.800000000005184        0.22524304563277056
26.820000000005187        0.21324405733870627
26.840000000005183        0.20516905111681638
26.860000000005183        0.20054871023097565
26.880000000005182        0.1991146747826496
26.90000000000518         0.20078166046411108
26.92000000000517         0.20564090490433454
26.940000000005167        0.21396695918194816
26.960000000005163        0.2262358814537722
26.98000000000515         0.24314407758682588
27.000000000005134        0.265584827778647
27.020000000005112        0.2944264986615492
27.040000000005065        0.329678782613659
27.060000000005026        0.36800108297424733
27.080000000004972        0.40243689894729157
27.100000000004936        0.42795409324161016
27.12000000000492         0.44278065458322585
27.140000000004914        0.45002898018340265
27.160000000004917        0.4534382473912778
27.18000000000491         0.4550821365179514
27.200000000004923        0.4558723006600563
27.22000000000491         0.45617585816265743
27.24000000000491         0.45609101535794666
27.260000000004897        0.4555187339686031
27.2800000000049          0.45409045948414045
27.300000000004907        0.45089264616181707
27.320000000004917        0.44384914490651917
27.34000000000495         0.42920048599597527
27.360000000004973        0.4038208503883891
27.38000000000503         0.369474661066276
27.400000000005072        0.331204079674371
27.420000000005082        0.2960405831035693
27.44000000000509         0.26723215114890786
27.460000000005085        0.2448622026049702
27.480000000005077        0.22805986577997234
27.500000000005073        0.2159274344955417
27.52000000000508         0.20776745183136053
27.540000000005072        0.2031054796239422
27.56000000000506         0.20167062328947424
27.580000000005064        0.2033765533505466
27.600000000005053        0.2083167107745712
27.620000000005057        0.21676985576847996
27.640000000005053        0.22921962850310815
27.660000000005038        0.24637467572280697
27.680000000005023        0.26914611607117983
27.700000000004994        0.2984190957157449
27.72000000000495         0.3341181920711711
27.74000000000491         0.37297591218445403
27.760000000004865        0.4078994356616669
27.780000000004836        0.4337869279206043
27.80000000000482         0.4488399111159723
27.82000000000482         0.45620957998638195
27.840000000004817        0.4596850574038863
27.860000000004806        0.46136841033266385
27.88000000000481         0.46218605360388665
27.900000000004805        0.4625092356016093
27.920000000004805        0.46243793168983766
27.940000000004805        0.46187199570203175
27.960000000004815        0.460437973685877
27.9800000000048          0.4572084668731945
28.00000000000483         0.4500735783382588
28.020000000004842        0.43522818894185195
28.040000000004877        0.40950070861700777
28.06000000000492         0.3746802915307575
28.08000000000495         0.3358806039943672
28.10000000000497         0.30023118067174226
28.12000000000497         0.27102552614125125
28.14000000000497         0.24834581957678145
28.16000000000496         0.23132158086969262
28.180000000004966        0.2190310545245681
28.20000000000495         0.2107691981169726
28.220000000004955        0.20605563772448848
28.240000000004947        0.20461603396545022
28.260000000004943        0.20636386875524648
28.280000000004943        0.2113939460082512
28.30000000000494         0.2199896982677598
28.32000000000493         0.2326424331215438
28.340000000004917        0.2500717610362051
28.360000000004902        0.27320279766451755
28.38000000000488         0.302934511749399
28.40000000000484         0.33912909006328107
28.420000000004787        0.3786671402547036
28.44000000000476         0.4142467479890734
28.460000000004737        0.4405035086656408
28.48000000000472         0.45575748814941747
28.500000000004707        0.4632495461024161
28.520000000004693        0.466795095068469
28.540000000004692        0.46851962048019374
28.560000000004685        0.46936226956518134
28.58000000000468         0.4697020795683923
28.600000000004673        0.469640693684544
28.620000000004666        0.46907636184460055
28.640000000004665        0.46762956879786055
28.660000000004676        0.4643578857148294
28.680000000004696        0.4571244270146945
28.70000000000472         0.442104358471841
28.720000000004752        0.4160299871180363
28.7400000000048          0.3805673475142272
28.76000000000484         0.34109622019282776
28.780000000004843        0.304914666189354
28.800000000004857        0.2752877602923629
28.820000000004857        0.2522774823727671
28.84000000000486         0.234993510946232
28.86000000000485         0.2225181252145058
28.880000000004852        0.21413622158887988
28.900000000004844        0.20936011612148556
28.92000000000484         0.20791100366567583
28.94000000000485         0.2097010271983355
28.960000000004833        0.21482802891721706
28.980000000004825        0.22357816771547787
29.000000000004825        0.23645076712500915
29.020000000004814        0.25417487420660556
29.040000000004806        0.2776854154020802
29.060000000004774        0.3078915514286789
29.08000000000474         0.34474244069326376
29.100000000004698        0.38494954861172465
29.120000000004648        0.42113740299373176
29.140000000004616        0.44784873064539815
29.1600000000046          0.46337368189849637
29.180000000004593        0.47100422325029156
29.20000000000459         0.47461935941546873
29.220000000004585        0.47638187823080463
29.240000000004592        0.47724579014457197
29.260000000004588        0.4775981536783249
29.280000000004588        0.47754215108646025
29.30000000000457         0.4769739655159683
29.320000000004583        0.47550697828171623
29.340000000004586        0.4721829350845325
29.360000000004597        0.464832185833725
29.380000000004625        0.44955846953701717
29.40000000000466         0.42304502063210525
29.4200000000047          0.38698722881284225
29.44000000000473         0.3468575419714744
29.46000000000474         0.3100744036448116
29.480000000004758        0.27995604114177625
29.500000000004746        0.25656887641016396
29.520000000004742        0.23899597288021868
29.54000000000474         0.22631639051246513
29.56000000000474         0.21780067754947285
29.580000000004734        0.21295278450593896
29.600000000004737        0.21148965634578795
29.620000000004726        0.21332210000755697
29.640000000004733        0.21854832789993145
29.660000000004718        0.22746150702475362
29.68000000000472         0.24056915343848684
29.70000000000471         0.25861318087883717
29.72000000000469         0.2825449827239223
29.740000000004677        0.3132897581469143
29.760000000004627        0.350796109390426
29.780000000004588        0.391710857502578
29.80000000000453         0.428443824584012
29.820000000004498        0.4556913923699832
29.840000000004483        0.47155763126258454
29.860000000004483        0.47934361737838554
29.88000000000448         0.48302951061615856
29.900000000004475        0.48482776169968195
29.92000000000447         0.4857123479544209
29.940000000004463        0.4860757708645087
29.96000000000446         0.48602313091886407
29.980000000004456        0.48544866001980486
30.00000000000447         0.48395849401707614
30.020000000004465        0.4805765013529582
30.040000000004472        0.47308618738466085
30.060000000004493        0.4574816836579535
30.08000000000454         0.4304417090368474
30.100000000004577        0.3938499216348227
30.120000000004605        0.35308761924242177
30.14000000000463         0.3156410904975597
30.160000000004636        0.2849662937985813
30.18000000000464         0.26115266450849905
30.200000000004636        0.24327424546651352
30.220000000004628        0.23037593984407806
30.240000000004628        0.2217155032666051
30.260000000004624        0.2167881945642332
30.280000000004623        0.21530627604257715
30.300000000004616        0.21717960817967213
30.320000000004622        0.22250726367715876
30.340000000004622        0.2315900021118322
30.36000000000461         0.2449447989129432
30.38000000000459         0.26332971631889646
30.400000000004574        0.2877191834657753
30.420000000004556        0.31906012895131397
30.44000000000452         0.35727457562971465
30.46000000000447         0.39887814198419874
30.480000000004424        0.4362958917936853
30.50000000000439         0.4640579596601092
30.52000000000438         0.48023140081532634
30.54000000000438         0.4881726988381538
30.560000000004372        0.4919344972395658
30.58000000000438         0.49377155282130947
30.60000000000437         0.49467670448846784
30.62000000000437         0.49505061496835284
30.640000000004367        0.4950000366770218
30.660000000004363        0.4944172884346966
30.680000000004352        0.4929011736942482
30.700000000004366        0.48945600842680914
30.72000000000437         0.4818188490636432
30.740000000004393        0.46591849259207213
30.76000000000442         0.43837454620705707
30.78000000000447         0.4011067919071691
30.800000000004506        0.35959904653928226
30.82000000000453         0.3214709942127616
30.840000000004526        0.29023886948724725
30.86000000000453         0.2659896192652677
30.880000000004518        0.24779285110372617
30.90000000000452         0.23466377984889586
30.920000000004514        0.22584951819563223
30.940000000004513        0.22083717634032154
30.96000000000451         0.21933406961293442
30.98000000000451         0.22124851821417688
31.000000000004505        0.22668306116957895
31.02000000000449         0.23594235551511755
31.04000000000449         0.24955379717945186
31.060000000004493        0.26828938553382436
31.080000000004464        0.2931412001966965
31.100000000004446        0.32507321042458814
31.12000000000441         0.3640069192591545
31.14000000000438         0.40640696366667833
31.160000000004324        0.4446545252584261
31.1800000000043          0.4729090336029561
31.20000000000428         0.48935611273429697
31.22000000000427         0.4974544665734625
31.240000000004276        0.5012984587222351
31.260000000004265        0.5031770825662621
31.280000000004264        0.5041032872410128
31.300000000004268        0.5044859441856294
31.320000000004267        0.5044347452520996
31.34000000000426         0.5038403534795816
31.360000000004273        0.5022939287127975
31.380000000004266        0.4987793499933184
31.400000000004272        0.49098793013349823
31.420000000004293        0.4748365202799994
31.440000000004325        0.4468137386859809
31.460000000004367        0.4087249988680799
31.480000000004395        0.36636099441197684
31.500000000004405        0.3275401051055661
31.520000000004412        0.2957554289638791
31.54000000000442         0.2710723573873202
31.56000000000441         0.25253667434488214
31.580000000004418        0.2391643434795324
31.600000000004396        0.23018870474921999
31.62000000000439         0.22508745358701393
31.640000000004395        0.22356249736664394
31.66000000000439         0.22552053823950893
31.680000000004377        0.23106756040158696
31.70000000000437         0.2405117785753987
31.720000000004383        0.2543903517519109
31.740000000004382        0.2734870681853095
31.760000000004375        0.2988065348382839
31.780000000004332        0.33132543966851713
31.800000000004296        0.3709914539926307
31.820000000004253        0.4142836818223732
31.840000000004213        0.4532895625979148
31.86000000000419         0.48211635545574943
31.880000000004184        0.4989090744637869
31.90000000000417         0.5071831808860378
31.920000000004165        0.5111115206988822
31.940000000004158        0.5130309454253871
31.960000000004165        0.5139765858341475
31.980000000004157        0.5143662732292867
32.00000000000416         0.514313189385549
32.02000000000416         0.5137053947172833
32.040000000004156        0.512123986508681
32.06000000000415         0.5085301894428145
32.080000000004176        0.500577013057473
32.100000000004194        0.4840728741958823
32.120000000004225        0.4554802755778376
32.14000000000426         0.4166398886460645
32.16000000000428         0.37346597297727063
32.18000000000431         0.33391228833790354
32.2000000000043          0.30152748483248387
32.2200000000043          0.2763771157707215
32.24000000000429         0.2574891689825039
32.2600000000043          0.24386246897924055
32.280000000004286        0.23471690666390763
32.30000000000428         0.2295218058460896
32.32000000000428         0.22797351871772795
32.340000000004274        0.22997626100724444
32.36000000000427         0.23563632475452267
32.380000000004266        0.24526982932373514
32.400000000004276        0.2594233347495245
32.42000000000426         0.2788951781586754
32.44000000000425         0.3047083512816729
32.46000000000422         0.3378573557793151
32.4800000000042          0.37829082830475985
32.50000000000414         0.4224252416271683
32.5200000000041          0.46211523772173857
32.54000000000408         0.4916071457717002
32.56000000000407         0.5088364625809634
32.58000000000407         0.5173169005049004
32.60000000000406         0.5213372106561411
32.62000000000407         0.523299785314497
32.64000000000407         0.524265789671842
32.66000000000406         0.5246632442090283
32.68000000000406         0.5246077083837749
32.70000000000405         0.5239852625844481
32.720000000004056        0.5223666811292966
32.74000000000406         0.5186875883122147
32.760000000004055        0.5105472030938025
32.780000000004094        0.4936058506983356
32.800000000004104        0.46435669015430064
32.820000000004136        0.42484360223285733
32.840000000004196        0.3809078211863494
32.860000000004185        0.34057722899729104
32.88000000000418         0.307541887213326
32.90000000000418         0.28189281060834825
32.92000000000419         0.262636415927828
32.940000000004176        0.24874757362699268
32.96000000000417         0.23942753250925172
32.98000000000417         0.23413259157568583
33.00000000000417         0.2325555733853046
33.02000000000418         0.23460031111460372
33.040000000004156        0.2403744735827442
33.06000000000416         0.2501976522502763
33.08000000000415         0.26463087224851517
33.10000000000414         0.2844882264908311
33.12000000000413         0.31081691647634335
33.14000000000411         0.34463439464303136
33.160000000004075        0.3858645289080727
33.18000000000404         0.43079770674837703
33.200000000004           0.47131897845698045
33.22000000000398         0.5014636763450775
33.24000000000395         0.5191121116949928
33.260000000003956        0.5278131354311099
33.28000000000395         0.5319380261750833
33.30000000000397         0.5339492046601768
33.320000000003944        0.5349375562976276
33.34000000000394         0.5353443594242349
33.36000000000393         0.5352881694466469
33.38000000000394         0.5346506525193135
33.40000000000395         0.5329906519125838
33.420000000003945        0.5292136071990442
33.44000000000398         0.5208456341835874
33.460000000003966        0.5034960593292903
33.480000000004004        0.4735982457065597
33.500000000004036        0.43325990805233694
33.52000000000406         0.38846609502680757
33.54000000000407         0.34737101619030153
33.56000000000408         0.3137111999293432
33.58000000000406         0.2875746850540685
33.60000000000407         0.2679504792752273
33.62000000000407         0.2537943851357225
33.64000000000405         0.24429452529850954
33.66000000000406         0.23889968815876422
33.680000000004064        0.23729425124344
33.70000000000406         0.2393797592839935
33.720000000004056        0.24526772092614618
33.740000000004045        0.25528653592230566
33.76000000000404         0.2700033496784957
33.78000000000404         0.2902479325386595
33.80000000000402         0.31708544998597765
33.82000000000399         0.3515507223933609
33.84000000000397         0.39357070750455697
33.86000000000393         0.4393924658224753
33.8800000000039          0.48089805065091656
33.90000000000387         0.5116759060023531
33.920000000003874        0.5297139623641258
33.940000000003856        0.5386428926312424
33.96000000000385         0.5428833351825111
33.98000000000385         0.5449511380114455
34.00000000000383         0.5459683146519769
34.02000000000384         0.5463882583471098
34.04000000000384         0.5463324237103964
34.06000000000384         0.5456791158728563
34.080000000003835        0.543974190926539
34.10000000000386         0.5400913003278189
34.12000000000386         0.5314918966455562
34.140000000003866        0.5137011285485801
34.1600000000039          0.4832483038810229
34.180000000003915        0.441936576389957
34.200000000003946        0.39618307270072656
34.220000000003964        0.35432745015667866
34.24000000000396         0.32006128594713273
34.260000000003956        0.2934425188315536
34.28000000000395         0.2734466889119267
34.30000000000395         0.2590177057505589
34.32000000000395         0.24933272772655882
34.34000000000396         0.24383162143555323
34.36000000000394         0.24219498627711364
34.38000000000394         0.24432292387403148
34.400000000003935        0.250327473566307
34.42000000000393         0.2605436436257956
34.44000000000393         0.2755446936364808
34.46000000000392         0.2961732836005559
34.48000000000391         0.32350468253909104
34.50000000000388         0.35858414982165365
34.520000000003854        0.4013716714166158
34.54000000000383         0.4481748780575764
34.56000000000378         0.4905884769822807
34.58000000000375         0.5221129024948258
34.60000000000375         0.540657745249064
34.62000000000374         0.5498649579119427
34.64000000000374         0.55424243748237
34.66000000000375         0.556378915818
34.68000000000374         0.5574322176074465
34.70000000000373         0.557870182044613
34.720000000003736        0.5578179455770477
34.74000000000374         0.5571501447223666
34.76000000000375         0.5553991900380818
34.78000000000373         0.5514072493311112
34.80000000000375         0.5425811924045921
34.82000000000376         0.5243938045498993
34.84000000000379         0.4931651643169394
34.860000000003815        0.45096242040518786
34.88000000000384         0.4042961059051772
34.90000000000384         0.361631820143636
34.92000000000385         0.32670333839720533
34.94000000000385         0.29956567662965894
34.960000000003845        0.27917821279519006
34.980000000003834        0.26446546584047675
35.000000000003844        0.25459371039934037
35.02000000000383         0.24898869998386997
35.04000000000383         0.24732433612439245
35.060000000003825        0.24949978282602633
35.08000000000382         0.2556308628459049
35.10000000000382         0.2660583042703799
35.12000000000382         0.281369729139881
35.14000000000381         0.3024219870369607
35.16000000000379         0.33031110885597387
35.18000000000377         0.3661024172757575
35.20000000000375         0.40975814025927965
35.2200000000037          0.4575298103478113
35.240000000003675        0.5007440422708346
35.26000000000365         0.5330421381832231
35.28000000000364         0.5521113110901276
35.300000000003635        0.5615794732351804
35.320000000003645        0.5660801997126781
35.34000000000364         0.5682790320477542
35.36000000000363         0.5693653747830574
35.380000000003626        0.5698193580023231
35.40000000000363         0.5697700003588861
35.42000000000364         0.5690888759338587
35.44000000000362         0.5672941846400784
35.46000000000363         0.5631922772813114
35.480000000003635        0.5541181662638305
35.50000000000365         0.5354531288498092
35.52000000000369         0.5033641695613565
35.5400000000037          0.46035569273392346
35.560000000003726        0.41282009855820495
35.58000000000373         0.3692938977682573
35.60000000000373         0.3336455073773394
35.62000000000373         0.30595370114065207
35.64000000000373         0.28515282283920834
35.66000000000373         0.27014438427536686
35.68000000000372         0.26007355091742757
35.70000000000371         0.25435772020087094
35.72000000000372         0.2526640278088962
35.74000000000372         0.25488820244968097
35.76000000000371         0.26114753390283035
35.7800000000037          0.2717897340772211
35.8000000000037          0.28741294320175026
35.8200000000037          0.30889753829642286
35.840000000003684        0.3373633982370754
35.86000000000366         0.37390048117554997
35.88000000000364         0.41844874255194375
35.9000000000036          0.46713138767749113
35.92000000000357         0.5113292550324812
35.94000000000354         0.5444213150836208
35.96000000000355         0.5640259619216239
35.98000000000353         0.5737887127173097
36.00000000000354         0.5784350188510055
36.020000000003535        0.5807062125838156
36.040000000003545        0.5818305835824574
36.06000000000351         0.5823052666108747
36.080000000003515        0.5822638592819714
36.100000000003526        0.5815733775909371
36.12000000000353         0.5797366764309306
36.14000000000351         0.575521884730198
36.16000000000353         0.5661756502242399
36.180000000003545        0.5469483303100743
36.20000000000357         0.5141662285210877
36.220000000003594        0.4701940282393442
36.240000000003604        0.42167080647186955
36.26000000000363         0.3772693151489288
36.28000000000364         0.3409046498370801
36.30000000000362         0.31265286515465596
36.32000000000361         0.2914299055280973
36.34000000000361         0.27611889231081155
36.36000000000361         0.26584280505046637
36.38000000000362         0.2600104739951608
36.4000000000036          0.25828492334376346
36.4200000000036          0.2605615326464464
36.4400000000036          0.26696023083538345
36.460000000003596        0.27783496507007766
36.48000000000359         0.29379718863335863
36.5000000000036          0.3157399101879057
36.52000000000358         0.3448071509764602
36.54000000000357         0.38211015846526636
36.560000000003534        0.42759271667930343
36.5800000000035          0.4773263245195227
36.60000000000346         0.5225469880422661
36.62000000000343         0.5565324869459369
36.640000000003425        0.5766181400066052
36.66000000000342         0.5866660240142523
36.68000000000341         0.5914638037329109
36.70000000000343         0.593816579917604
36.72000000000342         0.5949893484131047
36.74000000000341         0.5954937290415181
36.760000000003416        0.5954667287802098
36.780000000003405        0.5947715924775296
36.8000000000034          0.5928956975497813
36.82000000000341         0.588567470747534
36.840000000003414        0.578952560785874
36.86000000000344         0.5592003222585097
36.880000000003456        0.525736532801486
36.900000000003494        0.48062198709947224
36.9200000000035          0.4309785830411421
36.94000000000352         0.38567914506866574
36.96000000000351         0.34859466998344174
36.98000000000351         0.3197696482380964
37.00000000000351         0.2981059022292017
37.0200000000035          0.2824709900295765
37.040000000003495        0.27198050263994317
37.0600000000035          0.26603072800893046
37.080000000003494        0.2642766197910813
37.10000000000349         0.2666105601202306
37.120000000003486        0.2731555750201569
37.14000000000349         0.28427441589792257
37.160000000003485        0.3005931667930002
37.180000000003474        0.3230147250391485
37.20000000000346         0.3527002467493319
37.220000000003445        0.3907763964102967
37.24000000000342         0.4372203945559888
37.26000000000339         0.48814879610064504
37.280000000003376        0.5345961580924136
37.30000000000334         0.5693532000186187
37.32000000000334         0.5900404816900353
37.34000000000332         0.600425118320712
37.360000000003325        0.605398144776516
37.38000000000332         0.607846632281084
37.40000000000333         0.6090772063208568
37.42000000000333         0.609619600682284
37.44000000000332         0.6096153038860566
37.46000000000335         0.6089222446082915
37.48000000000333         0.6070091653804349
37.50000000000335         0.602563106575746
37.52000000000333         0.5926786583762353
37.540000000003346        0.5724340627037356
37.560000000003356        0.5380316549650297
37.58000000000337         0.4918294348403143
37.600000000003405        0.4410741941072274
37.620000000003394        0.3947898936388362
37.64000000000339         0.3568987967578889
37.66000000000339         0.32744221651980765
37.68000000000339         0.30530158623557185
37.700000000003385        0.28932061146827315
37.72000000000338         0.27860206423679035
37.74000000000338         0.27252704447880544
37.76000000000338         0.27074318376860446
37.78000000000339         0.2731416508497819
37.80000000000337         0.2798489201657976
37.82000000000337         0.2912348918731962
37.840000000003364        0.3079362276321042
37.86000000000335         0.33087975989836327
37.88000000000335         0.36124899951973516
37.90000000000333         0.4001945475856397
37.920000000003306        0.4477000579169014
37.940000000003266        0.49983318090418505
37.96000000000325         0.5474757519591213
37.98000000000323         0.5831312436063223
38.00000000000321         0.6045476173324406
38.02000000000321         0.6153224561640315
38.040000000003204        0.6204935191666444
38.060000000003214        0.6230538955549333
38.080000000003196        0.6243565135566628
38.1000000000032          0.624948951682298
38.1200000000032          0.6249778415335429
38.1400000000032          0.6242955065108099
38.160000000003215        0.6223510280172361
38.1800000000032          0.6177842817725779
38.20000000000321         0.6075964766838227
38.220000000003225        0.5867504946780876
38.24000000000325         0.5514179897420135
38.26000000000328         0.5040472659458647
38.280000000003284        0.4521737444962616
38.30000000000328         0.4048012103456347
38.320000000003276        0.3660026170741883
38.34000000000328         0.3358448442633069
38.36000000000328         0.3131815328475677
38.380000000003285        0.2968291979206975
38.40000000000329         0.2858636904479127
38.42000000000327         0.2796541156370386
38.44000000000328         0.2778408443104485
38.46000000000328         0.28031319056075843
38.480000000003265        0.2872005988445369
38.50000000000326         0.2988815529718801
38.52000000000326         0.3160064745852706
38.540000000003246        0.33953198955511404
38.560000000003235        0.37067299421171196
38.58000000000321         0.4106123531163876
38.6000000000032          0.45931341203618115
38.62000000000317         0.5126975486416224
38.64000000000313         0.5615335056898911
38.66000000000312         0.5983939972715674
38.680000000003105        0.6205535713780959
38.70000000000311         0.6317542570581309
38.720000000003104        0.6371535888432333
38.7400000000031          0.6398455072944719
38.7600000000031          0.6412338049476156
38.78000000000309         0.6418869525896023
38.80000000000309         0.6419585315991924
38.820000000003105        0.6412963063779353
38.84000000000309         0.6393288793837573
38.86000000000309         0.6346412349214948
38.88000000000311         0.6241120464695461
38.90000000000311         0.6025390323217164
38.92000000000312         0.5661398129410696
38.94000000000315         0.5176104213438822
38.96000000000316         0.46441964999181057
38.98000000000318         0.415877994984199
39.000000000003176        0.3761212326822288
39.02000000000318         0.3452137928895671
39.04000000000317         0.3219849612531871
39.060000000003186        0.30522491426202764
39.080000000003174        0.2939903125783985
39.10000000000317         0.2876314241004656
39.12000000000316         0.28578385763188685
39.14000000000316         0.28833588345073136
39.16000000000315         0.2954213508474531
39.18000000000314         0.307429136888328
39.20000000000315         0.3250287273661604
39.220000000003125        0.34919543768178896
39.24000000000312         0.38117563412117705
39.2600000000031          0.4221812425519329
39.280000000003085        0.4721853893061798
39.30000000000305         0.5270556658051861
39.320000000003034        0.5773790815971506
39.340000000003016        0.6155448062106639
39.36000000000299         0.6384847357927412
39.380000000002994        0.6501611802587735
39.40000000000299         0.6558310254134516
39.420000000003           0.6586875500471677
39.44000000000298         0.6601917318208727
39.460000000002985        0.6609366372991146
39.480000000002995        0.661081485578367
39.50000000000299         0.6604669151409825
39.520000000002995        0.6584961240390534
39.54000000000298         0.6536931687604831
39.560000000002994        0.6428150196568795
39.58000000000301         0.6205139418380523
39.600000000003014        0.582977618865943
39.620000000003046        0.5330010222062711
39.64000000000306         0.47825322093112
39.66000000000306         0.4284277552249931
39.68000000000307         0.3876335232590337
39.700000000003065        0.3559046890896615
39.720000000003076        0.3320509854075689
39.74000000000306         0.31484109258204623
39.76000000000306         0.30331034228829373
39.78000000000305         0.2967993299178915
39.80000000000304         0.2949318631499777
39.82000000000304         0.2975929157914943
39.84000000000304         0.3049210132806024
39.86000000000304         0.3173174411682477
39.880000000003044        0.3354715330503654
39.900000000003025        0.3603821094044893
39.920000000003014        0.39332204752248784
39.940000000003           0.43553257808224183
39.96000000000298         0.48702553082075295
39.980000000002946        0.5436985042215912
40.00000000000292         0.5958780417858845
40.0200000000029          0.6353483526193381
40.0400000000029          0.6592850222034838
40.06000000000288         0.6715532205326694
40.08000000000289         0.6775623684291688
40.10000000000289         0.6806344607815814
40.120000000002875        0.6822962304360479
40.14000000000288         0.6831679966325143
40.160000000002874        0.6834146543751496
40.18000000000288         0.6828685550046982
40.20000000000289         0.6809034336515117
40.22000000000288         0.675973803427297
40.24000000000288         0.664711363627753
40.26000000000289         0.6416355506730953
40.28000000000291         0.6028152146494877
40.300000000002925        0.5510278160712828
40.32000000000295         0.49456517743257866
40.34000000000295         0.4432188578625656
40.36000000000295         0.40117470266214994
40.380000000002966        0.3684650183513503
40.400000000002954        0.34387082395876367
40.42000000000295         0.32612856195214135
40.44000000000294         0.3142449999287091
40.460000000002935        0.3075482799619976
40.48000000000294         0.305650266300703
40.500000000002935        0.30843347373474317
40.52000000000292         0.3160411622117714
40.54000000000292         0.32888814260894017
40.560000000002915        0.34768575215024305
40.58000000000291         0.3734660568012107
40.60000000000292         0.40754343160854967
40.62000000000289         0.45119815830608906
40.64000000000288         0.5044561025962981
40.66000000000283         0.5631410134897624
40.6800000000028          0.6173394932670091
40.70000000000279         0.6584951761907738
40.720000000002784        0.6836047864208515
40.74000000000277         0.6966010879654906
40.76000000000278         0.7030181835018403
40.78000000000277         0.7063480105348248
40.80000000000277         0.708198848704195
40.820000000002764        0.7092234737970327
40.84000000000277         0.7095955528298655
40.86000000000276         0.709138488884831
40.88000000000276         0.7071920846452964
40.90000000000277         0.7021264153578375
40.920000000002766        0.6904080238885433
40.94000000000279         0.6663610725643824
40.9600000000028          0.6260114931334867
40.9800000000028          0.5723009333983267
41.000000000002835        0.5139325882820651
41.020000000002845        0.4607867131948025
41.040000000002856        0.4172481958783184
41.06000000000284         0.3833775321052134
41.08000000000284         0.3579136366572383
41.10000000000284         0.33954814341827716
41.12000000000283         0.32725674678241146
41.14000000000283         0.320339957236289
41.160000000002825        0.31840086093130765
41.18000000000282         0.3213209855999924
41.20000000000282         0.32925063875632543
41.22000000000283         0.3426204869142941
41.2400000000028          0.3621691028054858
41.26000000000281         0.3889720770357065
41.28000000000279         0.4244008692713342
41.30000000000279         0.4697892671733371
41.32000000000275         0.5251538598115374
41.34000000000274         0.5861405764441844
41.3600000000027          0.6426030047899247
41.3800000000027          0.685807937195387
41.40000000000267         0.7124285846476225
41.42000000000268         0.7262846380392798
41.44000000000267         0.7332034798020377
41.46000000000267         0.7368613173291433
41.48000000000266         0.7389613478469692
41.500000000002665        0.7401966245516395
41.52000000000267         0.740752237297315
41.54000000000266         0.7404422968136612
41.56000000000267         0.7385640097332801
41.580000000002656        0.7333831785671187
41.60000000000267         0.7211443824867673
41.620000000002676        0.6959030358675328
41.640000000002686        0.6537431801382343
41.66000000000271         0.5979086090407143
41.68000000000272         0.5372128379273864
41.70000000000274         0.4819819478487729
41.720000000002734        0.43671385444746047
41.74000000000272         0.40147082776479753
41.76000000000271         0.37495468215264605
41.780000000002715        0.3558153661127041
41.80000000000272         0.34299743927886883
41.820000000002715        0.33577166555236243
41.84000000000272         0.33373041936501874
41.86000000000271         0.3367526879503905
41.880000000002724        0.34499679293750235
41.900000000002706        0.3589128998676242
41.9200000000027          0.37927221455114085
41.940000000002684        0.40719333344810604
41.96000000000268         0.4441025512996017
41.98000000000266         0.49139354595449647
42.000000000002636        0.5491089866340231
42.02000000000262         0.6128085980529303
42.04000000000259         0.6720340158825071
42.060000000002574        0.7175878665219455
42.08000000000257         0.745926409379557
42.10000000000256         0.7608248789320904
42.12000000000256         0.7683981256240523
42.14000000000256         0.7725141589510923
42.160000000002555        0.7749846374845432
42.18000000000255         0.7765502465314843
42.20000000000255         0.7774092799066085
42.22000000000257         0.7773601807185349
42.24000000000255         0.7756455164137598
42.260000000002556        0.7703903984665489
42.28000000000256         0.7575603446653527
42.30000000000257         0.7308894588365038
42.32000000000258         0.6863819684770348
42.340000000002604        0.6273956391056008
42.360000000002614        0.5630445313881189
42.38000000000262         0.5042740433961698
42.40000000000262         0.4556086580353675
42.420000000002624        0.41711090940483003
42.44000000000261         0.38746868576063787
42.4600000000026          0.36530159270007373
42.48000000000259         0.34951294872262834
42.50000000000261         0.3393365133338779
42.52000000000259         0.33431775568263705
42.540000000002614        0.3342856440575991
42.56000000000259         0.33934614592631435
42.580000000002585        0.34989345921523335
42.60000000000259         0.3666351499892131
42.62000000000258         0.3906216518962271
42.640000000002566        0.42321237043222526
42.660000000002555        0.4657681778602758
42.68000000000253         0.5184244547115744
42.70000000000252         0.5771033778380366
42.720000000002486        0.631865444456906
42.74000000000247         0.6739374471029707
42.76000000000246         0.7001155333427824
42.780000000002445        0.7141901834088508
42.800000000002456        0.721758116081559
42.82000000000246         0.7263452641456549
42.840000000002455        0.7296370875139013
42.86000000000246         0.7324354758761962
42.88000000000246         0.7351733497287827
42.90000000000244         0.7379880433276849
42.920000000002446        0.7404334151695509
42.94000000000244         0.7407540850341064
42.960000000002445        0.734812422692562
42.98000000000245         0.7160284781643832
43.000000000002466        0.6793794874306248
43.0200000000025          0.6261898264325615
43.04000000000249         0.5646728714075672
43.060000000002496        0.5055332037334639
43.08000000000249         0.45391474379781516
43.100000000002474        0.4104504074387696
43.120000000002456        0.3741683816103323
43.14000000000245         0.34381669239051543
43.16000000000245         0.31826490664130164
43.18000000000243         0.2965794848949222
43.2                      0.2780373901546776
