% Model:              ModelBHUpMagnet.mph
% Version:            COMSOL 5.6.0.280
% Date:               Oct 20 2021, 19:12
% Dimension:          1
% Nodes:              998
% Expressions:        1
% Description:        线图
% cln1x                   Height
47.6000000000019          0.18585915712817397
47.620000000001895        0.19124691646932235
47.64000000000189         0.19710675514863454
47.6600000000019          0.20350441920935852
47.6800000000019          0.21051934842571918
47.700000000001886        0.21824854483435613
47.720000000001896        0.22681180393477304
47.74000000000188         0.23635879677691715
47.760000000001874        0.2470787688980086
47.78000000000186         0.25921346878959617
47.800000000001845        0.27307452743865734
47.82000000000185         0.2890604302383803
47.84000000000183         0.3077123845231291
47.86000000000181         0.3297172000827199
47.88000000000181         0.3559728282826174
47.90000000000178         0.3876088582297357
47.920000000001764        0.42592718799968765
47.94000000000174         0.4720412743250896
47.96000000000173         0.5256750841232659
47.980000000001695        0.5826247789875547
48.00000000000168         0.633233855930981
48.02000000000165         0.6678143074698365
48.04000000000164         0.6853619242135205
48.060000000001644        0.6918021068262935
48.08000000000164         0.6929140194633635
48.10000000000163         0.6915141902594816
48.120000000001625        0.6880969266269931
48.14000000000162         0.6815695974596714
48.160000000001624        0.6690413485786962
48.180000000001655        0.6454546841379207
48.200000000001644        0.6061484915498748
48.22000000000168         0.5533815665552319
48.2400000000017          0.49740224807234606
48.2600000000017          0.4472090277566657
48.28000000000172         0.40594078951802876
48.30000000000171         0.3730976427840642
48.320000000001706        0.3471360254896939
48.3400000000017          0.32654147519013565
48.36000000000171         0.3100951778457581
48.38000000000171         0.2968711678157903
48.40000000000171         0.2861891527264145
48.42000000000169         0.27753903723885276
48.4400000000017          0.27053537662456667
48.46000000000171         0.26489243221339437
48.480000000001695        0.26040153850137343
48.500000000001705        0.25691681272572203
48.520000000001694        0.2543275607563184
48.54000000000169         0.2525488784408348
48.56000000000169         0.2515155670675578
48.58000000000169         0.25119551097256343
48.600000000001685        0.25158042735294334
48.62000000000168         0.25269419653930114
48.6400000000017          0.2545752207084525
48.66000000000169         0.2572771197127091
48.680000000001684        0.2608683126189464
48.70000000000168         0.2654482959880707
48.72000000000168         0.2711518977402922
48.74000000000168         0.2781713581377323
48.76000000000167         0.2867510463270158
48.78000000000167         0.29719466371555797
48.800000000001674        0.30989072745947444
48.8200000000017          0.3253413739473886
48.84000000000167         0.3442118220550136
48.860000000001676        0.3673652355632413
48.88000000000166         0.395909668475837
48.90000000000167         0.43123687712230635
48.920000000001664        0.47502094887134444
48.940000000001646        0.5287700611729523
48.960000000001635        0.592659109384165
48.980000000001624        0.6626156560564757
49.00000000000161         0.7279950833669624
49.020000000001595        0.7766401947603714
49.04000000000159         0.8052447670366545
49.0600000000016          0.8190876331076764
49.0800000000016          0.8245241297338384
49.100000000001586        0.8252569330453606
49.12000000000161         0.8223943952214982
49.140000000001606        0.814869892715365
49.1600000000016          0.7990776392863272
49.18000000000161         0.7688061879606338
49.20000000000161         0.7187719634853736
49.220000000001626        0.6522473029957752
49.24000000000163         0.5817705034399726
49.26000000000164         0.5176455418081661
49.28000000000164         0.46382667421653023
49.30000000000164         0.42006298176199247
49.32000000000163         0.3847778469004732
49.34000000000163         0.35630722553339333
49.360000000001634        0.3332429585153142
49.38000000000164         0.3144719889393248
49.40000000000163         0.29913457422743284
49.42000000000163         0.2865709543208664
49.44000000000163         0.2762751228231199
49.46000000000163         0.26785994292533694
49.480000000001624        0.2610279290417785
49.50000000000163         0.2555529996006576
49.52000000000162         0.2512623872523579
49.54000000000162         0.2480269632772846
49.56000000000162         0.24575391463634702
49.58000000000163         0.24438202145114346
49.60000000000162         0.24387704576984143
49.62000000000163         0.24422914216223468
49.64000000000162         0.24545143448432089
49.66000000000161         0.24758062553411755
49.680000000001606        0.2506807213610171
49.70000000000162         0.2548477816311786
49.72000000000162         0.2602148209627056
49.74000000000161         0.2669584132110152
49.760000000001625        0.275308087197981
49.780000000001614        0.28556124539007366
49.80000000000162         0.2981060408290703
49.82000000000161         0.3134433229295896
49.84000000000161         0.3322307222322095
49.860000000001605        0.3553178544494757
49.88000000000161         0.38379787484449523
49.900000000001604        0.41904263851317775
49.92000000000159         0.46265763544151867
49.94000000000159         0.5161329112050581
49.96000000000158         0.5796353540122603
49.98000000000156         0.6492155119059974
50.00000000000155         0.7141139282243543
50.02000000000152         0.7623379700679983
50.040000000001534        0.7907319675136428
50.06000000000154         0.8045895988087317
50.080000000001526        0.8101918287899423
50.10000000000153         0.8111704131761064
50.12000000000151         0.8086062781036137
50.14000000000152         0.8014479745260761
50.16000000000152         0.7861425388287023
50.180000000001534        0.756537300086522
50.200000000001566        0.7073261859800481
50.220000000001555        0.641657198268181
50.24000000000157         0.5717233769297245
50.2600000000016          0.5081062360208604
50.280000000001586        0.4546174096816455
50.30000000000158         0.4110208941452817
50.32000000000158         0.3757921734093194
50.3400000000016          0.3473104856511694
50.360000000001584        0.32419392325826696
50.38000000000158         0.3053542474246343
50.400000000001576        0.2899397168097076
50.42000000000158         0.27729798581583187
50.440000000001575        0.266928419392872
50.460000000001564        0.25844666761434054
50.48000000000157         0.25155756570115784
50.50000000000158         0.24603489813012605
50.52000000000158         0.24170640782617459
50.54000000000157         0.23844279986510347
50.56000000000157         0.23615070878166147
50.58000000000156         0.2347672892422252
50.60000000000157         0.2342572294878412
50.62000000000158         0.234610003485701
50.640000000001564        0.23583909876036696
50.66000000000155         0.23798253390045299
50.68000000000157         0.24110435663542906
50.70000000000157         0.24529825639681258
50.72000000000155         0.2506936058924495
50.740000000001565        0.25746402094470466
50.760000000001554        0.2658374724425705
50.78000000000156         0.27610979048585194
50.800000000001546        0.2886643158319227
50.82000000000154         0.30399848658553624
50.840000000001545        0.32275949148340016
50.860000000001534        0.3457873974365996
50.880000000001544        0.3741630449946393
50.90000000000155         0.4092352582536635
50.920000000001544        0.45258424125060703
50.940000000001525        0.5056733572266464
50.96000000000152         0.5686536363730806
50.980000000001496        0.6375980417585568
51.00000000000149         0.701984274987827
51.02000000000148         0.7496628452960307
51.04000000000147         0.777699809716979
51.06000000000147         0.7914877574046488
51.08000000000147         0.7971837063914486
51.100000000001494        0.7983299947945032
51.12000000000147         0.7959779842704641
51.140000000001464        0.7890981860177977
51.160000000001475        0.7741910354478284
51.180000000001485        0.7451730740831002
51.200000000001495        0.6967402925953209
51.22000000000149         0.6318820734547169
51.240000000001515        0.562714445705582
51.26000000000152         0.499666320943263
51.280000000001536        0.44657921202386447
51.30000000000151         0.4032501541517048
51.320000000001514        0.36819098971470343
51.34000000000151         0.3398111016589998
51.36000000000151         0.31675378126414
51.380000000001516        0.2979399427008428
51.40000000000151         0.2825325373276681
51.420000000001515        0.2698872445808507
51.440000000001504        0.25950834961909564
51.46000000000153         0.2510166680347554
51.4800000000015          0.244117787383975
51.500000000001506        0.23858629912456863
51.5200000000015          0.23425075424219247
51.540000000001505        0.2309831411819292
51.560000000001494        0.22869114060562293
51.58000000000149         0.22731248783955565
51.6000000000015          0.22681136455742326
51.6200000000015          0.22717623322112404
51.64000000000149         0.228419304051588
51.66000000000148         0.23057727814869125
51.6800000000015          0.2337141770916227
51.7000000000015          0.23792392160725537
51.72000000000149         0.24333591654339937
51.74000000000149         0.250122386522889
51.76000000000149         0.2585084533537082
51.780000000001486        0.2687864420632683
51.80000000000149         0.28133546911200175
51.82000000000148         0.2966481387569556
51.84000000000149         0.31536442214815386
51.8600000000015          0.33831409372726257
51.88000000000148         0.3665643772305014
51.90000000000148         0.40144670364031965
51.920000000001465        0.44452010112177476
51.94000000000146         0.49722609701765685
51.96000000000145         0.5598186145420625
51.98000000000143         0.6280730822268998
52.00000000000142         0.6916794355201471
52.02000000000142         0.7390074925364275
52.040000000001406        0.7667750994740049
52.06000000000141         0.780493304853104
52.0800000000014          0.7862443185989716
52.1000000000014          0.7875144471440786
52.120000000001404        0.7853421157967942
52.14000000000139         0.7787053370732014
52.1600000000014          0.7641280591183086
52.180000000001414        0.7355423631726314
52.200000000001424        0.6878823923221523
52.22000000000144         0.6237439276828487
52.240000000001444        0.5552165546450492
52.260000000001455        0.49267046007365956
52.28000000000145         0.4399477189274454
52.30000000000146         0.3968701711047587
52.32000000000146         0.36197780003673025
52.34000000000147         0.3337040833928283
52.36000000000145         0.3107110692418944
52.38000000000146         0.29193393978300647
52.400000000001484        0.2765457246329409
52.420000000001444        0.26390903406983396
52.44000000000145         0.25353308099620975
52.460000000001436        0.24503983110362454
52.480000000001446        0.23813827117202366
52.50000000000145         0.23260520926321004
52.52000000000145         0.2282705934655298
52.540000000001434        0.22500741613234934
52.560000000001445        0.2227230612719012
52.580000000001455        0.22135439370469787
52.60000000000144         0.2208647400181979
52.62000000000144         0.22124208115052088
52.64000000000143         0.22249902431313526
52.66000000000144         0.22467278329780285
52.68000000000142         0.22782684204855502
52.70000000000143         0.23205416710635735
52.72000000000142         0.23748228143017766
52.74000000000143         0.24428053396971858
52.76000000000144         0.25267301142077847
52.780000000001415        0.2629496852093765
52.80000000000144         0.2754871176354144
52.82000000000142         0.2907733369074511
52.840000000001424        0.30944131940981967
52.860000000001435        0.33231137513222186
52.88000000000142         0.3604390663086641
52.90000000000141         0.3951498756721877
52.920000000001416        0.437993429778222
52.9400000000014          0.490399566751309
52.96000000000139         0.5524641822295976
52.98000000000138         0.6201885215329229
53.000000000001364        0.6832545995187279
53.020000000001374        0.7300395193629408
53.04000000000134         0.7576431114235463
53.060000000001374        0.771302029754125
53.080000000001355        0.7770850985036527
53.10000000000135         0.778445946972107
53.120000000001355        0.7764026644496747
53.14000000000135         0.7699432001507729
53.160000000001354        0.7556311224123853
53.180000000001364        0.7274529465829346
53.20000000000138         0.6802152482820447
53.22000000000138         0.6168510763210946
53.24000000000138         0.5489721322904808
53.26000000000139         0.48684306598778077
53.280000000001394        0.4344102119249765
53.30000000000138         0.3915393444187269
53.32000000000138         0.3568111018359905
53.340000000001396        0.3286479539458269
53.36000000000138         0.3057273389939086
53.38000000000139         0.28699572234490134
53.40000000000138         0.27163439645845916
53.42000000000138         0.2590123024321631
53.440000000001376        0.24864342454548027
53.46000000000137         0.2401530788886437
53.480000000001375        0.23325188433391272
53.50000000000137         0.22771846386490663
53.52000000000137         0.2233823666947232
53.54000000000138         0.22011723128802718
53.56000000000138         0.21783146459200642
53.58000000000137         0.21646312978384297
53.60000000000137         0.21597640970005486
53.62000000000137         0.21635953487466
53.64000000000137         0.21762415201959215
53.66000000000137         0.21980636960702615
53.680000000001364        0.22296891139463534
53.70000000000136         0.2272043479360905
53.72000000000137         0.23264008735433314
53.74000000000138         0.2394455324310247
53.76000000000136         0.24784181237126227
53.78000000000136         0.25811602199115424
53.800000000001354        0.27064035055202973
53.82000000000135         0.2858981541812743
53.84000000000136         0.30451347460698974
53.86000000000134         0.32730484014982153
53.88000000000135         0.3553146305752707
53.90000000000133         0.3898543315431079
53.92000000000136         0.43245718404760347
53.94000000000134         0.48453697257869166
53.96000000000134         0.5461818273534524
53.98000000000132         0.6134116154231065
54.00000000000132         0.6759763897439097
54.020000000001296        0.7223607119223462
54.04000000000129         0.749733828068748
54.0600000000013          0.763314926501662
54.080000000001306        0.7690998616249574
54.1000000000013          0.7705065432936108
54.120000000001305        0.7685436146564468
54.14000000000132         0.7622145288028241
54.16000000000132         0.7481419816261329
54.180000000001314        0.7202984435321098
54.2000000000013          0.6735492811329177
54.220000000001306        0.6107333010113419
54.24000000000131         0.5433620621156683
54.260000000001305        0.4816467027702605
54.2800000000013          0.42952709757951607
54.300000000001305        0.3868913390082759
54.32000000000131         0.3523149252124046
54.3400000000013          0.3242604025730085
54.36000000000129         0.30141491224701994
54.38000000000129         0.2827361529873626
54.400000000001306        0.2674072904184613
54.42000000000131         0.2548057768794709
54.440000000001284        0.24444956709141497
54.4600000000013          0.23596693030532145
54.480000000001304        0.2290711637443864
54.500000000001315        0.22354127477169586
54.520000000001296        0.21920838850615051
54.5400000000013          0.21594601739843305
54.560000000001295        0.21366297643557225
54.5800000000013          0.21229777756382545
54.6000000000013          0.2118149493694047
54.62000000000129         0.21220294428416486
54.6400000000013          0.21347336138234776
54.66000000000129         0.2156616475894598
54.68000000000131         0.21882974290505525
54.70000000000128         0.22306914875254313
54.7200000000013          0.22850664742124277
54.740000000001295        0.23530980226331144
54.76000000000129         0.24369883562795083
54.78000000000129         0.253959086376242
54.8000000000013          0.26646024714452465
54.82000000000129         0.2816816689476534
54.84000000000129         0.30024521351397
54.8600000000013          0.3229559934148452
54.88000000000128         0.3508477468649719
54.900000000001285        0.38521550865199544
54.920000000001295        0.4275691614413482
54.940000000001284        0.47937879142875556
54.96000000000128         0.5406363509757246
54.980000000001255        0.6074091302949375
55.00000000000124         0.6695056950569281
55.02000000000123         0.7155045253506949
55.040000000001235        0.7426397115657232
55.06000000000124         0.7561164613873714
55.08000000000124         0.7618806955653673
55.10000000000122         0.7633139459654635
55.12000000000124         0.7614159806934395
55.14000000000124         0.7551941145396911
55.16000000000123         0.741281577106856
55.180000000001236        0.7137579001855378
55.20000000000125         0.6675828085962076
55.22000000000125         0.605115217760461
55.24000000000125         0.5381331139292798
55.26000000000127         0.47692016392873576
55.28000000000126         0.4251026660141446
55.30000000000126         0.38268977429081596
55.32000000000126         0.34827385834855246
55.34000000000127         0.32033303232230076
55.36000000000126         0.29756708440360663
55.38000000000125         0.27894102349380545
55.40000000000124         0.2636505094840357
55.420000000001245        0.25107498127849315
55.44000000000126         0.24073608718355577
55.46000000000125         0.23226457410412146
55.48000000000125         0.22537546506261785
55.50000000000126         0.2198485774749747
55.520000000001254        0.21551721295699902
55.54000000000126         0.21225641188082864
55.560000000001246        0.20997563255409382
55.58000000000125         0.20861354303941076
55.60000000000125         0.2081346581657137
55.62000000000126         0.20852722395882609
55.640000000001244        0.2098022997840571
55.66000000000123         0.21199498284505872
55.68000000000124         0.21516649119984985
55.700000000001246        0.21940833028949364
55.72000000000124         0.2248453533172907
55.74000000000125         0.2316454616927671
55.76000000000123         0.2400265483988158
55.78000000000124         0.25027165463157774
55.80000000000124         0.2627492893110477
55.82000000000123         0.2779320815732932
55.840000000001226        0.29643816567040543
55.86000000000122         0.31906588871540587
55.88000000000122         0.34684040086168055
55.90000000000123         0.38104586910967636
55.920000000001224        0.4231795021652809
55.94000000000121         0.47462020279294176
55.96000000000121         0.5354746903392222
55.9800000000012          0.6019008602628584
56.00000000000117         0.6637075389668667
56.0200000000012          0.7091894140542738
56.04000000000117         0.7360783548996019
56.06000000000118         0.7494360640357746
56.08000000000117         0.7551644386674942
56.10000000000117         0.7566092475255137
56.12000000000116         0.7547541434361911
56.140000000001145        0.7486205463031215
56.160000000001155        0.73489465135372
56.180000000001165        0.7077384373414786
56.20000000000119         0.661878505802275
56.220000000001185        0.5998874675811032
56.240000000001196        0.5333563670861008
56.260000000001206        0.4724445927532758
56.2800000000012          0.42096608229002347
56.30000000000119         0.378797573096711
56.3200000000012          0.34455268979309583
56.34000000000122         0.3167314903725946
56.36000000000119         0.29404616218926244
56.3800000000012          0.27547879265095127
56.4000000000012          0.26022858709495633
56.420000000001195        0.2476799395089198
56.440000000001206        0.23735827903156123
56.46000000000119         0.22889750056524164
56.48000000000119         0.22201514132565958
56.50000000000119         0.21649362430967894
56.5200000000012          0.21216704681908843
56.54000000000118         0.20891090663742537
56.560000000001196        0.2066345755172606
56.580000000001164        0.20527601174054444
56.60000000000118         0.2047989680281959
56.62000000000117         0.205191497275182
56.64000000000117         0.20646567460526832
56.660000000001176        0.2086575926572915
56.68000000000117         0.21182895075883185
56.700000000001175        0.21607033018294497
56.72000000000117         0.2215059921214388
56.740000000001174        0.2283009768533407
56.76000000000116         0.23667114916007803
56.780000000001166        0.24689729170784078
56.80000000000115         0.2593439657942999
56.82000000000116         0.2744835315720219
56.84000000000114         0.2929278298120578
56.86000000000114         0.3154688395795626
56.88000000000115         0.34312454339319093
56.90000000000114         0.3771645528844021
56.92000000000114         0.41907422677838907
56.94000000000113         0.47022006541196043
56.96000000000113         0.5307016368206554
56.98000000000111         0.5966898827858291
57.00000000000111         0.658046996653666
57.02000000000108         0.703259031728982
57.04000000000109         0.7298331294833704
57.06000000000108         0.7430582704553234
57.08000000000108         0.7487503898958707
57.10000000000108         0.7502022036268283
57.12000000000109         0.7483827397043471
57.14000000000109         0.7423271626342244
57.16000000000108         0.7287538804146604
57.1800000000011          0.7018672527121429
57.200000000001076        0.6564037532638869
57.220000000001086        0.5948736513160198
57.240000000001096        0.5287831485621632
57.26000000000109         0.46824352888348525
57.2800000000011          0.41705842489822315
57.300000000001106        0.37511293144810787
57.320000000001095        0.3410342328934422
57.340000000001105        0.3133353699882223
57.36000000000111         0.2907422792273604
57.3800000000011          0.27223873615115646
57.400000000001086        0.2570339460859342
57.42000000000108         0.2445172520432961
57.440000000001085        0.2342176732135308
57.46000000000109         0.22577116243582082
57.480000000001084        0.21889841736641225
57.50000000000107         0.21338269307070523
57.520000000001076        0.20905910204816924
57.54000000000109         0.20580388429605603
57.56000000000108         0.20352725340230968
57.58000000000108         0.20216837982127656
57.60000000000107         0.20169207232358105
57.62000000000107         0.20208684586223227
57.64000000000106         0.20336411616021038
57.66000000000106         0.20555836724116675
57.680000000001066        0.208729575572242
57.70000000000106         0.21296693147450863
57.72000000000108         0.21839401238828168
57.740000000001054        0.2251758077142749
57.76000000000107         0.23352805359607884
57.78000000000106         0.24373039570138927
57.800000000001056        0.2561441618627593
57.82000000000106         0.27123698095327864
57.84000000000105         0.2896150922465501
57.860000000001044        0.3120644403215893
57.88000000000104         0.33959552718731595
57.90000000000104         0.373475764702426
57.92000000000104         0.4151851220648131
57.94000000000104         0.4660830537183903
57.960000000001024        0.5262285737249274
57.98000000000102         0.59169624254458
58.000000000001           0.6525901446850937
58.020000000001           0.6974308962025328
58.040000000001           0.7237651852238824
58.06000000000099         0.7368687691229744
58.08000000000099         0.7425138339740077
58.100000000001           0.7439616838997427
58.12000000000101         0.7421745863545963
58.140000000001           0.7361929391732842
58.160000000001006        0.7227450659017624
58.180000000001           0.6960390566840936
58.20000000000101         0.6509256574502726
58.220000000000994        0.5899866618692325
58.24000000000099         0.5243347293432039
58.26000000000099         0.46416838239965286
58.28000000000098         0.41328012546179277
58.30000000000098         0.371562604972135
58.32000000000097         0.33765588814118763
58.340000000000984        0.31008549941566454
58.36000000000097         0.28758776379687767
58.380000000000976        0.26915460997874097
58.40000000000097         0.2540014850952833
58.42000000000098         0.2415224589271881
58.44000000000096         0.23125011134731743
58.46000000000095         0.2228236083758653
58.48000000000098         0.21596438018331857
58.500000000000966        0.21045794622720213
58.52000000000096         0.20614047987120046
58.54000000000096         0.20288888342353942
58.56000000000097         0.2006140950149556
58.58000000000096         0.1992554449202443
58.60000000000095         0.19877788591979767
58.62000000000094         0.1991699819640573
58.640000000000946        0.20044330055710904
58.660000000000956        0.20263300645546062
58.68000000000096         0.20579969188615027
58.70000000000095         0.2100325416227013
58.720000000000944        0.21545392105571998
58.740000000000954        0.22222599608565155
58.76000000000095         0.23056049979273618
58.78000000000095         0.240735444699845
58.80000000000094         0.25310970889272755
58.82000000000094         0.26814880686552744
58.84000000000095         0.28645531697809756
58.86000000000094         0.3088085083137364
58.88000000000093         0.3362098156244165
58.900000000000944        0.36991615347969575
58.920000000000954        0.4113958006638062
58.940000000000936        0.4619963305824813
58.96000000000094         0.5217702115637579
58.98000000000091         0.5868046894066578
59.00000000000092         0.6471164653155896
59.02000000000089         0.6916234381465697
59.040000000000894        0.7177969105085318
59.06000000000089         0.7307951310022377
59.08000000000089         0.7363862062553179
59.1000000000009          0.7378213871980118
59.12000000000089         0.7360585171410586
59.14000000000091         0.730144457751769
59.16000000000089         0.7168384408244909
59.1800000000009          0.6903903559774626
59.2000000000009          0.6456616290377135
59.2200000000009          0.5851955732191751
59.2400000000009          0.520072138909715
59.26000000000091         0.4602513223163508
59.280000000000896        0.40962129345818754
59.3000000000009          0.3681070703591583
59.320000000000924        0.3343791049606858
59.34000000000089         0.30694398617345614
59.360000000000895        0.2845481923176421
59.380000000000884        0.2661916060029403
59.400000000000894        0.2510957509810858
59.42000000000089         0.2386593259397796
59.4400000000009          0.22841848650040492
59.460000000000875        0.22001516194936244
59.48000000000088         0.21317284923386984
59.500000000000895        0.2076785980582301
59.52000000000088         0.2033696789620461
59.54000000000089         0.2001238754682961
59.56000000000087         0.19785245411782182
59.58000000000088         0.19649523047400966
59.600000000000854        0.1960173288921117
59.620000000000864        0.1964074664713051
59.64000000000086         0.19767716815811148
59.660000000000856        0.1998606912479256
59.68000000000085         0.20301832521584431
59.700000000000855        0.20723860288711696
59.720000000000866        0.21264366841629623
59.740000000000855        0.21939573123783693
59.76000000000085         0.22770657893671734
59.780000000000854        0.23785034173409816
59.80000000000084         0.2501821479898871
59.82000000000084         0.2651623310262801
59.84000000000084         0.28338870947656175
59.86000000000085         0.30563180847603877
59.88000000000084         0.3328926540413265
59.90000000000086         0.36641481474503906
59.92000000000084         0.4076537091557321
59.940000000000836        0.45794478958382545
59.960000000000825        0.5173346603164808
59.980000000000814        0.5819242237008555
60.0000000000008          0.6417813427001977
60.02000000000081         0.6859068856956968
60.04000000000079         0.711829694427489
60.06000000000079         0.724696146265739
60.08000000000078         0.7302308828279092
60.10000000000079         0.7316535820447365
60.12000000000077         0.7299080943784637
60.14000000000076         0.7240560951138887
60.16000000000078         0.7109081286863346
60.18000000000079         0.6847972521800828
60.200000000000784        0.6404982096980641
60.22000000000079         0.5803586627912335
60.240000000000805        0.5156869812531756
60.2600000000008          0.4562564150913287
60.2800000000008          0.4059421006452625
60.30000000000082         0.3646830026246992
60.3200000000008          0.33113714151106344
60.3400000000008          0.3038461014720997
60.360000000000795        0.281562310593035
60.380000000000784        0.2632918593564956
60.40000000000077         0.24826352467810947
60.42000000000077         0.23587656094873521
60.440000000000786        0.22567306146470745
60.46000000000078         0.2172976321221735
60.4800000000008          0.21047586606106186
60.50000000000078         0.2049964825364627
60.52000000000079         0.20069806286965072
60.54000000000078         0.19745930275537638
60.56000000000079         0.19519202908381034
60.58000000000077         0.1938363648612591
60.600000000000776        0.19335756585122474
60.62000000000077         0.1937441772419987
60.64000000000077         0.19500741846060987
60.660000000000764        0.19718175922476058
60.68000000000075         0.20032673857561598
60.70000000000078         0.2045301822556889
60.720000000000766        0.20991293945844103
60.74000000000077         0.2166360242598358
60.760000000000765        0.2249105575618022
60.78000000000077         0.23500845824979455
60.80000000000076         0.24728340307898078
60.82000000000075         0.26219162502659127
60.84000000000076         0.2803244988893118
60.86000000000075         0.3024481571403427
60.88000000000076         0.3295473962119247
60.90000000000075         0.3628553134776628
60.92000000000075         0.4038076626562352
60.94000000000074         0.4537969267564036
60.960000000000726        0.5127770506319373
60.980000000000715        0.5768953007649363
61.0000000000007          0.6362737036562938
61.02000000000071         0.6799997576173274
61.04000000000072         0.7056614454960951
61.0600000000007          0.718391419676971
61.0800000000007          0.7238683285131242
61.10000000000071         0.7252791625947378
61.120000000000694        0.7235580474633708
61.14000000000071         0.7177777980934628
61.16000000000069         0.7047811849788819
61.180000000000696        0.6788496769589694
61.20000000000069         0.6349185914981487
61.220000000000695        0.5753828162383087
61.2400000000007          0.5110984097089697
61.2600000000007          0.45211205494987755
61.28000000000071         0.4022087785040967
61.30000000000071         0.3612156887723703
61.320000000000704        0.3278778908568802
61.340000000000686        0.3007489560186619
61.360000000000696        0.2785912104401559
61.38000000000069         0.260418687617332
61.4000000000007          0.24546468028849763
61.420000000000684        0.23313724148027978
61.44000000000069         0.22297973311312333
61.4600000000007          0.21463956057108427
61.48000000000068         0.20784440980841948
61.500000000000696        0.2023847546348651
61.520000000000685        0.1980997395089636
61.54000000000068         0.19486932385835268
61.56000000000068         0.19260613835668677
61.580000000000666        0.19125093360008508
61.60000000000067         0.19076925564639352
61.62000000000067         0.19114960074365964
61.64000000000067         0.19240288791421334
61.66000000000067         0.19456313106976622
61.68000000000068         0.19768923455098944
61.70000000000066         0.2018681836573575
61.720000000000674        0.20721984100554539
61.74000000000064         0.21390344639254505
61.76000000000066         0.22212746487044596
61.780000000000655        0.2321625825334016
61.80000000000065         0.2443593730977039
61.82000000000064         0.25917402339140166
61.84000000000065         0.2771893007768107
61.86000000000066         0.2991658168143425
61.88000000000064         0.32607816139276485
61.90000000000065         0.3591481103243488
61.92000000000064         0.39979959393393477
61.94000000000064         0.449337822471585
61.960000000000626        0.507832277084515
61.980000000000615        0.5715228004278853
62.000000000000604        0.630533640688038
62.02000000000059         0.6737844889404253
62.040000000000596        0.699067603323551
62.060000000000585        0.7116499851778594
62.08000000000059         0.717064441209736
62.10000000000058         0.718462991760058
62.120000000000594        0.7167690755852046
62.14000000000058         0.7110670463194976
62.16000000000059         0.698234205851226
62.180000000000575        0.6726944067818653
62.20000000000057         0.62924788381258
62.22000000000059         0.570105334628187
62.240000000000585        0.5063437703753841
62.26000000000059         0.4478901506213372
62.28000000000059         0.3982593524958304
62.3000000000006          0.35760046648900085
62.32000000000059         0.32450360751968105
62.340000000000586        0.297565324020286
62.36000000000059         0.2755613472840722
62.38000000000058         0.25750525503953314
62.40000000000059         0.24264595794129176
62.420000000000584        0.23039364894998876
62.44000000000057         0.22029561646958604
62.46000000000057         0.21200226396700497
62.48000000000059         0.20524355559293392
62.50000000000057         0.19981144039623877
62.520000000000564        0.19554687089820363
62.54000000000057         0.1923303058386658
62.56000000000056         0.19007486540183835
62.58000000000057         0.188721560719695
62.60000000000054         0.18823605638939353
62.62000000000055         0.18860712021507942
62.640000000000526        0.18984587711382228
62.660000000000565        0.19198618165970116
62.680000000000554        0.19508633686989668
62.70000000000055         0.19923222838114907
62.72000000000054         0.20454225188061492
62.74000000000051         0.2111741336872153
62.76000000000054         0.21933432482738296
62.78000000000051         0.22929211713088402
62.80000000000055         0.2413925256194493
62.8200000000005          0.25608326442752605
62.84000000000052         0.2739507227667905
62.86000000000051         0.295746755446739
62.88000000000051         0.322439357522333
62.90000000000054         0.3552343989845284
62.920000000000506        0.3955421323059793
62.94000000000051         0.4446557127512639
62.96000000000051         0.5026408229034521
62.98000000000051         0.5657580590935302
63.0000000000005          0.6241961496820603
63.02000000000049         0.6669728322503762
63.04000000000048         0.6919596554232516
63.06000000000051         0.7043576503178655
63.080000000000496        0.7097041900965863
63.10000000000049         0.711092228780788
63.120000000000495        0.7094301190545825
63.14000000000051         0.7038061797533753
63.16000000000051         0.6911452661609657
63.18000000000048         0.6659253767738038
63.20000000000045         0.6229695970649463
63.22000000000047         0.5644168824497763
63.24000000000048         0.5012396717483361
63.26000000000045         0.4432285941629049
63.28000000000048         0.3941042414735448
63.300000000000466        0.35378899829624194
63.32000000000046         0.32098375387925715
63.34000000000045         0.29427493167927105
63.36000000000042         0.2724507136379777
63.380000000000464        0.2545445016406396
63.40000000000044         0.23980401469917093
63.420000000000435        0.22764814326430544
63.44000000000041         0.2176284608052893
63.460000000000434        0.20939807799026272
63.48000000000041         0.20269072258338486
63.50000000000043         0.19729944669282792
63.52000000000042         0.19306665046513108
63.54000000000042         0.18987385935834414
63.560000000000436        0.18763494092887822
63.58000000000041         0.18629135060502003
63.600000000000435        0.18580899468956127
63.620000000000424        0.18617644356905527
63.640000000000434        0.18740434771126163
63.66000000000042         0.18952601699833735
63.68000000000043         0.1925990567904644
63.700000000000436        0.19670918096737608
63.720000000000404        0.2019739926053887
63.74000000000042         0.20854997990954566
63.76000000000041         0.21664160589369266
63.780000000000406        0.22651422290727602
63.80000000000038         0.2385112324960959
63.820000000000405        0.2530774204372456
63.84000000000038         0.270788876812816
63.860000000000404        0.29239532228757603
63.88000000000039         0.3188480494170455
63.900000000000375        0.3513581502737362
63.92000000000041         0.39133043016193797
63.940000000000374        0.4400504466576148
63.960000000000406        0.4975447031861776
63.98000000000037         0.5599860654980486
64.00000000000037         0.6176861570893538
64.02000000000035         0.6600265400915014
64.04000000000036         0.6848040949383748
64.06000000000036         0.697050201954874
64.08000000000035         0.7023375334770091
64.10000000000036         0.7037195838856455
64.12000000000035         0.7020922657160912
64.14000000000037         0.6965618287383041
64.16000000000034         0.684064108821164
64.18000000000036         0.6590969067882387
64.20000000000034         0.6165978615806236
64.22000000000037         0.5587803510698609
64.24000000000035         0.49619976235295143
64.26000000000036         0.4387195364281582
64.2800000000004          0.3900406829237307
64.30000000000034         0.35008966622433
64.32000000000035         0.31757935496493644
64.34000000000034         0.29110955304376934
64.36000000000034         0.2694799391046477
64.38000000000032         0.25173299884590417
64.40000000000033         0.2371233689099407
64.42000000000033         0.22507528585049083
64.44000000000034         0.2151444856215494
64.46000000000033         0.20698786082956516
64.48000000000033         0.20034036610842504
64.50000000000034         0.19499777667185908
64.52000000000031         0.1908039522543082
64.54000000000033         0.18764151995329328
64.56000000000031         0.18542510766089065
64.5800000000003          0.18409689295900325
64.6000000000003          0.18362310501544293
64.6200000000003          0.18399256519725174
64.64000000000033         0.1852158951847901
64.6600000000003          0.18732605419941192
64.68000000000029         0.19038008764379974
64.70000000000029         0.1944622829840149
64.72000000000031         0.1996888412003028
64.7400000000003          0.20621453948222357
64.76000000000029         0.2142420311595771
64.78000000000029         0.2240333896742929
64.8000000000003          0.2359316555662991
64.82000000000026         0.25037744905031134
64.84000000000029         0.26794257181943704
64.86000000000028         0.2893666348654249
64.88000000000028         0.3156009743414609
64.90000000000029         0.34783888904175764
64.92000000000024         0.3874752717819664
64.9400000000003          0.4357870129535589
64.96000000000026         0.49279941909609243
64.98000000000027         0.5547070299543765
65.00000000000026         0.6118829273760976
65.02000000000024         0.6537970217599264
65.04000000000028         0.678287662661733
65.06000000000027         0.690416828624844
65.08000000000024         0.6956526557938828
65.10000000000026         0.6970325263430722
65.12000000000026         0.6954466192651788
65.14000000000027         0.6900099335326026
65.16000000000025         0.677693096994154
65.18000000000025         0.6530405972973466
65.20000000000023         0.6110038964526927
65.22000000000024         0.553752603415689
65.24000000000022         0.4918118917077699
65.26000000000022         0.43479104152487424
65.2800000000002          0.38647873675734346
65.3000000000002          0.34683978678291816
65.3200000000002          0.3145940491318141
65.34000000000019         0.28834634164096884
65.3600000000002          0.2668985027485605
65.38000000000022         0.24930091145778024
65.40000000000022         0.23481462730155653
65.4200000000002          0.2228689454864421
65.4400000000002          0.2130234454149035
65.46000000000019         0.20493793044468941
65.48000000000019         0.19834954951467873
65.5000000000002          0.19305578071771762
65.52000000000024         0.18890180571568146
65.54000000000019         0.1857712680334325
65.56000000000019         0.18357961960792105
65.58000000000015         0.18226944911769882
65.60000000000018         0.18180735169049567
65.62000000000019         0.18218215636705756
65.64000000000019         0.18340433197352973
65.66000000000017         0.18550670581631726
65.68000000000018         0.1885458272087852
65.70000000000019         0.19260552587527532
65.72000000000018         0.19780127796861066
65.74000000000018         0.20428693314464372
65.76000000000018         0.2122637663157773
65.78000000000017         0.22199288212238477
65.80000000000015         0.23381207554726005
65.82000000000018         0.24815871595956757
65.84000000000016         0.2655997650349875
65.86000000000014         0.28686653927381867
65.88000000000014         0.31291092332086945
65.90000000000013         0.3449165777954856
65.92000000000014         0.384269681692759
65.94000000000017         0.43223951050457116
65.96000000000016         0.4888497109077215
65.98000000000013         0.5503099498646452
66.00000000000014         0.6070455875062967
66.02000000000014         0.6486064966768473
66.04000000000013         0.6728833896340081
66.06000000000014         0.684918591277296
66.08000000000017         0.6901341811545626
66.10000000000018         0.6915368656291191
66.12000000000015         0.6900032379322211
66.14000000000016         0.6846606906222342
66.16000000000014         0.6725258813384009
66.18000000000015         0.648221901026682
66.20000000000013         0.6064822796570253
66.22000000000011         0.549681895253956
66.24000000000008         0.48817749754776024
66.26000000000009         0.4315344756541384
66.28000000000009         0.38353123774117326
66.30000000000008         0.3441384175099295
66.32000000000009         0.3120852331971447
66.34000000000007         0.28598535492528104
66.36000000000008         0.26465246282000127
66.38000000000007         0.24714186415031134
66.40000000000009         0.23271897809490671
66.42000000000007         0.22081760907989612
66.44000000000007         0.21099686264288103
66.46000000000004         0.20291994416744688
66.48000000000008         0.19632522655913115
66.50000000000007         0.1910109559975053
66.52000000000007         0.18682265806160378
66.54000000000005         0.18364393980110985
66.56000000000006         0.1813898610384283
66.58000000000004         0.18000229622341468
66.60000000000005         0.17944686311251382
66.62000000000005         0.1797111523981576
66.64000000000004         0.18080411382358075
66.66000000000004         0.1827565539791087
66.68000000000004         0.18562280143996654
66.70000000000003         0.18948368695007278
66.72000000000004         0.19445108517463752
66.74000000000005         0.20067495860878404
66.76000000000008         0.20835045189510426
66.78000000000004         0.21773255366284736
66.80000000000003         0.22915109709987883
66.82000000000004         0.24303336183814983
66.84000000000003         0.2599336941666182
66.86000000000003         0.2805705652711294
66.88000000000004         0.30586774228156793
66.90000000000003         0.3369840306362484
66.92000000000003         0.3752717967128897
66.94000000000003         0.4219735891449294
66.96000000000004         0.4772508284777907
66.98000000000003         0.5371949200614452
67.00000000000003         0.5924700032132451
67.02000000000002         0.6328632270419072
67.04000000000003         0.6564068242725889
67.06000000000003         0.6680800130787544
67.08000000000004         0.6731577933859558
67.10000000000002         0.6745382078183038
67.12000000000006         0.6730437949063167
67.14000000000003         0.6677839028213928
67.16000000000003         0.6557786678166226
67.18000000000002         0.631625860799872
67.2                      0.5900068297459623
67.2156161592968          0.5475011065124051
67.2249458250111          0.5164436231591526
67.23042505778898         0.5004732807361347
67.2433144018083          0.45903041401879
67.26117005942424         0.41030335197307505
67.27424252733358         0.37616332060113883
67.31206755458378         0.3007323676928743
67.31312964249601         0.29997932670801336
67.31682885676042         0.29543328103238176
67.36063090561805         0.23546984963846246
67.37298548111873         0.22283361322424208
67.42134287603912         0.1833348426559947
67.45096093134799         0.16527155853607275
67.49922119768847         0.142430246382656
67.5509016277696          0.12409178261880566
67.59894220883282         0.11085986933291686
67.60000000000002         0.1106415069176781
