% Model:              ModelBHUpMagnet.mph
% Version:            COMSOL 5.6.0.280
% Date:               Oct 20 2021, 19:12
% Dimension:          1
% Nodes:              998
% Expressions:        1
% Description:        线图
% cln2x                   Height
23.400000000000006        0.11034730958404836
23.4032822492207          0.11102252964032638
23.447702394740737        0.1232706498963661
23.502813467571627        0.1427766085624509
23.547738609529958        0.16402663809924795
23.580964496361727        0.18424910226627725
23.62577755290424         0.22107452900225216
23.641630351242725        0.23713248835101958
23.68764483671626         0.30051446987363184
23.688757939519284        0.3023497011242452
23.6922710779531          0.31058424298392917
23.728317223806602        0.3812868613276219
23.73694705133896         0.4038517163790552
23.757189913902113        0.46273545610936634
23.762321583708598        0.4778356850327464
23.765558330778177        0.48702038890835736
23.782363684611052        0.5402755119180102
23.8                      0.5886434405980289
23.82000000000065         0.6302179754105616
23.84000000000112         0.654349642228405
23.86000000000138         0.6663270976356394
23.8800000000015          0.6715644130043925
23.900000000001548        0.6730491338304219
23.920000000001547        0.6716692731882216
23.940000000001557        0.6666055229062443
23.960000000001564        0.6549860414408777
23.98000000000157         0.6315852772537339
24.00000000000158         0.5913358883463423
24.020000000001605        0.5360288494234224
24.040000000001612        0.4761094757211994
24.06000000000162         0.4210342879369479
24.080000000001625        0.37441780121885193
24.10000000000163         0.33620673482885066
24.12000000000162         0.3051372490806287
24.14000000000162         0.2798815953562153
24.16000000000162         0.2592792975868287
24.18000000000162         0.2424068294521053
24.200000000001626        0.22854662896160058
24.220000000001622        0.2171453353415509
24.24000000000163         0.20777651869504085
24.260000000001625        0.20011102783567677
24.280000000001635        0.1938947569365778
24.300000000001624        0.1889323642443457
24.320000000001624        0.18507415191863064
24.340000000001623        0.18220879507437227
24.360000000001627        0.18025558699285937
24.38000000000162         0.17916026405528726
24.40000000000163         0.178892031836542
24.42000000000163         0.1794419030834971
24.440000000001643        0.1808221992953961
24.460000000001628        0.18306716136013879
24.48000000000163         0.18623471212969842
24.500000000001624        0.1904095193147737
24.520000000001623        0.1957076190120431
24.540000000001626        0.20228302323741612
24.560000000001626        0.21033771680031482
24.58000000000163         0.2201312898756099
24.600000000001636        0.23200189256131137
24.62000000000164         0.24638404879108297
24.640000000001628        0.26384761207739393
24.66000000000163         0.28512641907393843
24.680000000001627        0.31115452526414966
24.700000000001623        0.343114051397329
24.72000000000162         0.3823797874437727
24.74000000000161         0.430212844448039
24.76000000000161         0.48667480602660684
24.780000000001593        0.5480991210708371
24.800000000001578        0.6048827591273691
24.820000000001567        0.646353005489958
24.840000000001567        0.6705701402415501
24.860000000001573        0.6826629905955611
24.880000000001562        0.6879822568820398
24.900000000001572        0.6895069234882669
24.92000000000157         0.6881077902327026
24.940000000001564        0.6829134645738235
24.96000000000158         0.6709471484141573
24.980000000001574        0.6468389265475909
25.000000000001602        0.6054548960408743
25.020000000001605        0.5487290673397386
25.040000000001623        0.4873428050172349
25.06000000000163         0.4309107360735112
25.080000000001633        0.3831102568255253
25.100000000001643        0.34388361356636704
25.12000000000163         0.3119708834090011
25.140000000001635        0.28599735543005905
25.16000000000163         0.2647805476672053
25.180000000001634        0.24738819656869407
25.200000000001634        0.23307732953364688
25.22000000000164         0.22128950007807544
25.240000000001636        0.21158612629299972
25.26000000000164         0.20363034134231298
25.28000000000164         0.19716177083535028
25.30000000000165         0.19197970310443688
25.320000000001638        0.1879307346870491
25.340000000001638        0.18489972650480563
25.360000000001637        0.18280316064121385
25.380000000001633        0.18158449055897433
25.40000000000164         0.18121110323032344
25.42000000000164         0.1816725217596319
25.44000000000164         0.18297991971991004
25.460000000001635        0.1851666082771458
25.48000000000165         0.18828984713564523
25.500000000001638        0.1924339610769821
25.520000000001637        0.19771499302953202
25.540000000001637        0.20428734023374182
25.56000000000164         0.21235297291871455
25.58000000000164         0.22217403067019673
25.600000000001643        0.2340898173459574
25.620000000001642        0.24853963047065208
25.640000000001656        0.2660928654400277
25.660000000001645        0.2874900738765955
25.68000000000164         0.3136719911018283
25.70000000000164         0.3458367715128188
25.720000000001633        0.3853761738503609
25.740000000001622        0.4335669968186989
25.760000000001614        0.4903401376561524
25.7800000000016          0.5522055066512933
25.800000000001585        0.6094395781731143
25.820000000001578        0.65129574107174
25.84000000000157         0.6757849372140252
25.86000000000157         0.6880401116639214
25.880000000001576        0.6934598995671044
25.900000000001576        0.6950440351601349
25.920000000001576        0.6936699911855093
25.940000000001575        0.6884494201260563
25.960000000001582        0.6763852246396235
25.980000000001596        0.6520615879639213
26.000000000001613        0.6103268189283656
26.02000000000163         0.5531612247482803
26.040000000001633        0.49132362097248644
26.060000000001647        0.4344842588772452
26.08000000000164         0.3863373464721082
26.100000000001646        0.3468241930587847
26.120000000001646        0.3146767817586255
26.140000000001653        0.28851138278448324
26.160000000001652        0.26714175876704416
26.180000000001648        0.24962055917965728
26.200000000001644        0.23521068182239888
26.220000000001654        0.22334193815122616
26.240000000001647        0.21357402434367076
26.260000000001646        0.2055661784380179
26.280000000001653        0.19905714738524935
26.30000000000165         0.19384400422334558
26.320000000001663        0.18977241040222317
26.340000000001655        0.18672649647436962
26.360000000001648        0.1846222203240575
26.38000000000165         0.183402703032224
26.40000000000165         0.18303507520285683
26.42000000000165         0.18350875253642687
26.44000000000165         0.18483490452976933
26.46000000000165         0.18704714646995646
26.480000000001652        0.19020331011222616
26.500000000001656        0.19438827774174033
26.52000000000165         0.19971949758655086
26.54000000000165         0.20635256305417737
26.56000000000165         0.21449118064668163
26.58000000000165         0.22439972297128208
26.60000000000165         0.2364204391233297
26.620000000001664        0.250996529540828
26.64000000000165         0.26870251964095637
26.660000000001656        0.29028254978440654
26.680000000001666        0.3166934822208586
26.70000000000165         0.3491367821996328
26.72000000000164         0.38901709524114536
26.740000000001633        0.43755071967440173
26.76000000000163         0.4949967448820021
26.78000000000161         0.5573336482735731
26.8000000000016          0.6149842452296183
26.82000000000158         0.6573589650127777
26.84000000000158         0.6822571929803689
26.860000000001584        0.6946910100210107
26.880000000001584        0.7002028662501953
26.900000000001583        0.7018279721950113
26.920000000001586        0.7004556733712435
26.940000000001586        0.6951922582444846
26.960000000001585        0.6829746773572559
26.9800000000016          0.65829661939824
27.000000000001616        0.6160798964804506
27.020000000001634        0.5585273582022905
27.04000000000165         0.49613162798981936
27.06000000000165         0.43880336595026376
27.08000000000166         0.3902418166430439
27.100000000001664        0.35038697384592027
27.120000000001664        0.31796160280343666
27.14000000000166         0.2915709459314471
27.160000000001666        0.27001730295230475
27.180000000001662        0.25234618846289425
27.200000000001666        0.23781305788393636
27.220000000001658        0.22584346294991653
27.240000000001658        0.2159935080455588
27.260000000001664        0.20792057449004883
27.28000000000166         0.20135992977189415
27.300000000001667        0.19610758086438618
27.32000000000166         0.19200741126757145
27.340000000001666        0.1889419877939508
27.360000000001673        0.18682609766448946
27.38000000000166         0.18560212439540164
27.400000000001675        0.18523685193057132
27.420000000001668        0.185719724318609
27.440000000001668        0.18706213332568158
27.460000000001667        0.18929812079749778
27.480000000001667        0.19248612489462305
27.500000000001666        0.19671211144517128
27.52000000000167         0.2020943190954749
27.540000000001672        0.20879002883985773
27.56000000000167         0.21700495103307427
27.580000000001665        0.2270048549661451
27.600000000001664        0.23913719367672712
27.62000000000166         0.2538486066441012
27.64000000000166         0.2717190817450073
27.66000000000167         0.2934998174585382
27.680000000001662        0.3201569318037328
27.70000000000167         0.35290363824384896
27.720000000001665        0.393158325289791
27.74000000000165         0.44222315523125383
27.76000000000164         0.5001404294928893
27.780000000001618        0.5630873266808867
27.800000000001614        0.6213466708034447
27.820000000001603        0.6642291413775755
27.840000000001595        0.6894543701350175
27.860000000001595        0.7020957354839922
27.880000000001594        0.7076972987659215
27.9000000000016          0.7093544163099277
27.9200000000016          0.7079742809325973
27.940000000001593        0.7026460844039063
27.9600000000016          0.6902662744615424
27.980000000001603        0.6652729840488361
28.00000000000163         0.6225698045938169
28.02000000000164         0.5644240467028232
28.04000000000165         0.5015346692606285
28.060000000001658        0.44364227860348343
28.080000000001668        0.3945889242066618
28.100000000001668        0.35434330529015906
28.120000000001664        0.32160934538863023
28.140000000001674        0.2949756984356268
28.16000000000167         0.2732250019783963
28.180000000001673        0.2553937592679896
28.200000000001676        0.2407305989900237
28.220000000001676        0.22865476004138557
28.24000000000167         0.21871797875777244
28.26000000000167         0.2105740233800346
28.280000000001674        0.2039554589471393
28.30000000000167         0.19865629170399976
28.320000000001674        0.19451914993178973
28.340000000001673        0.19142590960470063
28.360000000001676        0.1892908046740702
28.380000000001676        0.18805583703406478
28.40000000000168         0.18768712865066234
28.420000000001668        0.1881735580386769
28.440000000001664        0.18952645036483395
28.460000000001674        0.19178003523315582
28.48000000000167         0.19499322577217623
28.500000000001673        0.19925298817473863
28.520000000001676        0.20467829740470578
28.540000000001672        0.21142807464354157
28.560000000001683        0.21971000017899037
28.58000000000168         0.22979361885316638
28.60000000000168         0.2420278706458959
28.620000000001678        0.2568645634872068
28.640000000001674        0.27488920379435783
28.660000000001677        0.29685977078728093
28.680000000001655        0.3237494303655168
28.700000000001673        0.35678901335975005
28.72000000000167         0.39740699901702264
28.740000000001665        0.4469179682975416
28.76000000000166         0.5053689890537875
28.780000000001653        0.5689189195602353
28.80000000000163         0.627785153665288
28.820000000001613        0.6711712986560643
28.840000000001606        0.6967256471768356
28.86000000000161         0.7095439945701809
28.88000000000163         0.7152293252100664
28.90000000000162         0.7169164795728764
28.92000000000162         0.7155242340658694
28.940000000001625        0.7101289404661407
28.96000000000164         0.6976019422620398
28.980000000001635        0.6723748420434252
29.00000000000166         0.6292240164375213
29.02000000000165         0.5703470838729888
29.040000000001662        0.506864295425868
29.06000000000166         0.4484446276008787
29.080000000001668        0.39895087303943766
29.100000000001668        0.3583480544493171
29.120000000001667        0.32532714771182714
29.140000000001667        0.2984588513199386
29.160000000001666        0.27651964872402784
29.180000000001655        0.2585351776460494
29.200000000001666        0.24374754545415142
29.220000000001672        0.23157205068165224
29.240000000001665        0.22155306960462723
29.26000000000167         0.21334249696491542
29.280000000001674        0.20666983294946029
29.300000000001667        0.2013268274464964
29.320000000001677        0.19715507048875772
29.34000000000168         0.1940348716323396
29.360000000001673        0.19187933778090036
29.38000000000168         0.19062968464068797
29.400000000001665        0.19025198655163922
29.42000000000168         0.19073537202532911
29.440000000001678        0.1920913416295894
29.46000000000167         0.1943543091385321
29.480000000001674        0.1975834372350156
29.500000000001677        0.20186597293690356
29.52000000000168         0.20732213749706557
29.540000000001665        0.2141119913857657
29.56000000000168         0.22244497582184908
29.580000000001682        0.23259417969827897
29.60000000000169         0.24490975707446755
29.62000000000168         0.2598484088813732
29.640000000001677        0.2780009571506177
29.660000000001677        0.3001322761836853
29.680000000001684        0.3272250576367782
29.700000000001683        0.36051083144765256
29.72000000000168         0.40142551459461273
29.74000000000167         0.4512897301569605
29.76000000000166         0.5101896406980757
29.780000000001646        0.5743902160003147
29.800000000001642        0.6338058667646034
29.82000000000163         0.6776525236253111
29.840000000001616        0.7035158434154293
29.86000000000163         0.7165043990485981
29.880000000001615        0.7222705343380749
29.90000000000163         0.7239851619745779
29.92000000000162         0.7225752311352522
29.940000000001618        0.7171107335085025
29.960000000001635        0.7044321059205328
29.98000000000163         0.6789082797435293
30.000000000001652        0.6353055195772905
30.020000000001666        0.5758854789176145
30.040000000001683        0.5118630676570723
30.06000000000169         0.4529683481117131
30.080000000001696        0.40305020371990746
30.1000000000017          0.36216307258599667
30.120000000001703        0.3288915174910017
30.140000000001695        0.30182552629536497
30.1600000000017          0.279729852548728
30.180000000001694        0.2616196796825763
30.200000000001697        0.24672964114677046
30.220000000001697        0.23446922201094633
30.240000000001697        0.22438291727387008
30.260000000001693        0.21611822618671997
30.2800000000017          0.20940230445564204
30.300000000001695        0.2040252807522022
30.3200000000017          0.1998265947027583
30.34000000000169         0.19668517794519838
30.360000000001698        0.19451362007371514
30.380000000001704        0.19325248389171756
30.400000000001693        0.1928673658148438
30.42000000000169         0.1933470797120318
30.44000000000169         0.1947030818835562
30.46000000000171         0.19697008549058076
30.480000000001702        0.2002078997529397
30.500000000001698        0.2045045814208069
30.520000000001694        0.2099812646403158
30.54000000000169         0.21679913716146654
30.560000000001693        0.22516917864046643
30.580000000001696        0.23536539835586695
30.6000000000017          0.24774267970549713
30.62000000000171         0.262760691536666
30.640000000001702        0.28101535668696065
30.6600000000017          0.30327854161655665
30.680000000001698        0.3305434960650185
30.7000000000017          0.36404581645310985
30.720000000001697        0.4052365866329699
30.740000000001693        0.45544870289631206
30.760000000001682        0.514774441796341
30.78000000000166         0.5794474561643108
30.800000000001642        0.6395146055560461
30.820000000001635        0.6837385960427824
30.84000000000163         0.709798736201567
30.860000000001637        0.7229235125880279
30.880000000001655        0.7287604840545859
30.90000000000164         0.7304986531038614
30.920000000001643        0.7290757727911975
30.94000000000165         0.7235515266635013
30.96000000000165         0.7107329568070461
30.98000000000166         0.6849417384188754
31.00000000000167         0.6409286535290784
31.020000000001684        0.5809995372767122
31.04000000000169         0.5164035249507277
31.060000000001697        0.45711903549211325
31.080000000001704        0.4069333298937122
31.100000000001703        0.365766201109704
31.1200000000017          0.3322905476791728
31.140000000001706        0.30506123891902664
31.16000000000171         0.28283758682023535
31.18000000000171         0.26462860084208156
31.2000000000017          0.24966001963377532
31.220000000001704        0.23733913964069955
31.240000000001707        0.22720386441355947
31.260000000001703        0.2188996539326814
31.280000000001717        0.21215276798610397
31.300000000001702        0.2067517224701326
31.32000000000171         0.2025345568987556
31.3400000000017          0.19937931218898697
31.360000000001705        0.19719759926730998
31.380000000001697        0.19592923144094282
31.400000000001704        0.19554004346129283
31.42000000000171         0.19601846707790077
31.44000000000171         0.1973758216473461
31.46000000000171         0.19964695979995367
31.48000000000171         0.20289199803543523
31.500000000001712        0.20719956331319914
31.520000000001705        0.21269171881538573
31.540000000001704        0.2195309805544891
31.56000000000171         0.2279300111120479
31.58000000000171         0.2381649274823793
31.60000000000171         0.25059331368343296
31.620000000001703        0.2656808078024999
31.640000000001702        0.2840239228492902
31.66000000000171         0.3064018219845776
31.6800000000017          0.3338124935526481
31.700000000001705        0.3675178913245908
31.720000000001697        0.40898324827032856
31.74000000000169         0.45948499746372395
31.76000000000169         0.5192070942142929
31.78000000000168         0.5843390764089359
31.800000000001653        0.6448766655751746
31.820000000001645        0.6894971337724337
31.840000000001645        0.7158202586344675
31.860000000001644        0.7290830483600143
31.880000000001644        0.7349888148265143
31.900000000001643        0.7367525606512733
31.920000000001643        0.7353206729448516
31.940000000001646        0.7297411450553989
31.960000000001653        0.7167837205275757
31.980000000001667        0.6907382890496432
32.00000000000168         0.6463366318148458
32.0200000000017          0.5859441196499083
32.040000000001704        0.5208951525036805
32.06000000000171         0.46121937338465346
32.080000000001704        0.41071770629462295
32.10000000000172         0.3693041096139383
32.12000000000172         0.3356392879438807
32.14000000000171         0.30826519791973817
32.16000000000171         0.2859309240605443
32.18000000000171         0.26763810937085003
32.200000000001715        0.2526091326153047
32.22000000000172         0.24024240101010802
32.240000000001714        0.23007306330459532
32.26000000000172         0.22174217095944718
32.28000000000172         0.21497308978575974
32.30000000000171         0.20955445800090772
32.32000000000171         0.20532368859367361
32.34000000000172         0.20215854656017723
32.360000000001726        0.1999699637335687
32.38000000000172         0.19869743525944958
32.40000000000172         0.19830585327777703
32.420000000001714        0.1987836789388023
32.44000000000171         0.20014235042953832
32.46000000000173         0.20241689097061089
32.480000000001716        0.20566777089282193
32.50000000000172         0.20998394745696525
32.52000000000172         0.2154886368699001
32.540000000001726        0.2223453139788965
32.56000000000172         0.23076818470405613
32.58000000000173         0.2410354558182883
32.60000000000174         0.2535074943792147
32.620000000001724        0.2686511518006004
32.64000000000173         0.28707174742492264
32.66000000000173         0.3095534000628558
32.68000000000172         0.3371045266106543
32.70000000000172         0.3709912374806916
32.720000000001725        0.41269403236414404
32.740000000001714        0.4635770017504495
32.760000000001696        0.5237122574613439
32.780000000001685        0.5892006845403628
32.80000000000167         0.6500416401833159
32.82000000000166         0.6950899031793512
32.84000000000166         0.7217545403891754
32.86000000000166         0.735175810728079
32.88000000000166         0.7411498286287264
32.90000000000166         0.742937956023191
32.920000000001664        0.7414968066480613
32.94000000000167         0.735864239789538
32.96000000000167         0.7227629427493643
32.980000000001674        0.6963882658300917
33.00000000000169         0.6515705366923896
33.0200000000017          0.5908864582962647
33.04000000000172         0.5254894666015885
33.06000000000173         0.46532908454501565
33.080000000001725        0.4145264459750821
33.10000000000172         0.372879961070415
33.120000000001724        0.3390385174226872
33.14000000000172         0.31153229323968235
33.16000000000172         0.289099769864762
33.180000000001726        0.2707335281845361
33.20000000000174         0.25564933214515606
33.220000000001725        0.24324193452486603
33.24000000000173         0.23304430949438898
33.26000000000172         0.2246955118055185
33.28000000000174         0.21791618550100356
33.30000000000174         0.2124908202211539
33.32000000000172         0.20825459956847656
33.34000000000172         0.2050841312768732
33.36000000000174         0.20289035749936793
33.38000000000173         0.20161359614900926
33.400000000001725        0.20121920156708814
33.42000000000173         0.20169577818556125
33.44000000000173         0.20305475513843663
33.46000000000175         0.20533130022347637
33.48000000000173         0.20858619901602174
33.500000000001734        0.21290916716740432
33.52000000000174         0.21842386090749286
33.54000000000173         0.22529502285459888
33.560000000001736        0.2337383903386115
33.58000000000174         0.24403423064266905
33.60000000000174         0.2565439222745269
33.620000000001745        0.27174071354951457
33.64000000000174         0.29023352246944323
33.66000000000174         0.3128128028642095
33.68000000000173         0.3404952488960245
33.70000000000174         0.37455752234410367
33.72000000000173         0.4164928027586193
33.74000000000171         0.46767824429152166
33.76000000000171         0.5281935636001037
33.7800000000017          0.5941279683482485
33.800000000001674        0.6554296028787505
33.82000000000168         0.700866311758049
33.840000000001666        0.7277874787721623
33.860000000001655        0.7413538584614893
33.880000000001665        0.7473943288876543
33.900000000001675        0.7492060252307935
33.920000000001664        0.7477562719233497
33.940000000001675        0.7420794318089788
33.96000000000166         0.7288550515235126
33.98000000000168         0.7022382873654247
34.00000000000169         0.6570476036925444
34.02000000000172         0.595918155937644
34.040000000001726        0.5300871230995583
34.06000000000173         0.4696321923071443
34.080000000001746        0.41848913961831347
34.10000000000175         0.37659278747933833
34.120000000001745        0.34257260798923866
34.140000000001756        0.31493778920454407
34.160000000001745        0.2924153938585161
34.18000000000175         0.27398187528332907
34.200000000001744        0.25884998209648213
34.22000000000174         0.2464087912772024
34.24000000000175         0.23618655405654093
34.26000000000175         0.227819171839651
34.28000000000175         0.22102623640444014
34.30000000000175         0.21559206986284832
34.32000000000176         0.21135182559084623
34.34000000000175         0.2081812928455234
34.360000000001754        0.20598994526000755
34.38000000000176         0.20471612840394351
34.40000000000175         0.2043237820014833
34.42000000000176         0.2048009051142785
34.440000000001746        0.20615953556108021
34.460000000001756        0.20843591628937608
34.48000000000174         0.21169200077344782
34.50000000000175         0.216018530546968
34.52000000000176         0.22153955033908718
34.54000000000175         0.22842096966098907
34.56000000000175         0.23688018279268216
34.58000000000176         0.24719940418075906
34.60000000000174         0.2597443913456643
34.62000000000175         0.27498920163738816
34.64000000000175         0.2935486178169796
34.66000000000175         0.3162189224100343
34.68000000000175         0.34402355064060636
34.700000000001744        0.3782536879762969
34.72000000000174         0.4204149141703187
34.74000000000175         0.4718972382805367
34.760000000001725        0.532788753998075
34.78000000000171         0.5991677957517272
34.80000000000171         0.6609329179884655
34.820000000001684        0.7067674829173669
34.84000000000168         0.7339597957502583
34.860000000001676        0.7476794478753652
34.88000000000168         0.7537976841026137
34.900000000001704        0.7556436951657496
34.920000000001686        0.7541948934204712
34.94000000000169         0.7484695857415653
34.9600000000017          0.7351308928128429
34.9800000000017          0.7082725509398178
35.000000000001705        0.662706677537795
35.02000000000173         0.6011283449153322
35.04000000000174         0.5348604300320131
35.06000000000174         0.4740332120109222
35.080000000001746        0.42259558457130886
35.10000000000176         0.3804751925226336
35.120000000001745        0.34628843193588255
35.14000000000175         0.318531919135662
35.160000000001745        0.295919021030854
35.18000000000175         0.2774242696674863
35.20000000000175         0.26224976433397884
35.22000000000175         0.24977933487171083
35.24000000000176         0.2395389070622505
35.26000000000176         0.23116018371275962
35.28000000000175         0.22436169589293084
35.30000000000175         0.21892542382156818
35.32000000000176         0.21468444094980252
35.34000000000175         0.2115132009231117
35.36000000000176         0.20932067618969585
35.38000000000175         0.2080457721733642
35.40000000000176         0.20765345908286426
35.42000000000176         0.20813260227986832
35.440000000001774        0.209494855631518
35.460000000001756        0.21177569185152834
35.48000000000176         0.2150363615114292
35.50000000000175         0.21936730359358106
35.52000000000176         0.22489373073142538
35.54000000000176         0.23178227172221266
35.56000000000176         0.240252407759896
35.58000000000177         0.25058918806892416
35.600000000001764        0.26316146461424694
35.62000000000176         0.27844703741384613
35.64000000000176         0.2970656066269729
35.660000000001766        0.3198200025122244
35.680000000001776        0.34774230944990736
35.70000000000176         0.3821269702997159
35.720000000001754        0.4244856402573831
35.74000000000175         0.47621691629490004
35.760000000001746        0.5374516411214991
35.78000000000173         0.604367472929892
35.80000000000171         0.6666291009318626
35.82000000000169         0.7128801257456987
35.840000000001695        0.7403655582515893
35.8600000000017          0.7542578810190187
35.8800000000017          0.7604703814275513
35.9000000000017          0.762365114917784
35.92000000000171         0.7609304744430903
35.94000000000171         0.7551739160651402
35.96000000000171         0.7417407624893612
35.980000000001716        0.7147287695000931
36.00000000000173         0.6688215806091021
36.02000000000175         0.6066276765579444
36.04000000000177         0.5398273255164042
36.06000000000177         0.478656395974081
36.08000000000177         0.4269670588329861
36.10000000000176         0.3846456212081065
36.12000000000177         0.35030172338761734
36.140000000001756        0.3224273755650973
36.160000000001766        0.29972592517050933
36.18000000000177         0.2811718343304184
36.200000000001765        0.26595716509370815
36.22000000000177         0.25346066364907344
36.240000000001764        0.2432035795946563
36.260000000001774        0.23481663569645672
36.28000000000176         0.228014786327406
36.30000000000176         0.2225782822114124
36.32000000000177         0.21833907526944052
36.340000000001766        0.21517106632767447
36.36000000000178         0.21298254032218428
36.380000000001765        0.2117120651099431
36.40000000000177         0.21132411399237144
36.42000000000177         0.21180699613135168
36.440000000001774        0.21317216823508106
36.46000000000176         0.21545506088883043
36.48000000000177         0.21871713150824168
36.50000000000177         0.22304962203498174
36.52000000000177         0.22857894276214422
36.54000000000178         0.23547380791538786
36.56000000000177         0.2439548708218767
36.58000000000177         0.2543084916881885
36.60000000000178         0.2669059572236723
36.62000000000176         0.28222877143828384
36.64000000000177         0.30090491782531115
36.66000000000177         0.3237388902507072
36.680000000001776        0.35177472849066577
36.700000000001765        0.3863194424932193
36.72000000000178         0.42890002061298105
36.74000000000177         0.4809317458307252
36.76000000000176         0.5425577649653003
36.78000000000174         0.609948062230974
36.80000000000172         0.6728513397648281
36.820000000001706        0.719510185360226
36.8400000000017          0.7472248187032501
36.8600000000017          0.7612841111210851
36.880000000001715        0.7676108585665167
36.9000000000017          0.769568618034984
36.92000000000171         0.768160714565386
36.94000000000169         0.7623828974095455
36.960000000001706        0.7488445057006993
36.98000000000172         0.7215932946731064
37.000000000001734        0.675297514374616
37.02000000000175         0.6126320530085294
37.04000000000177         0.5453726741491713
37.060000000001786        0.4838128998630198
37.08000000000178         0.4318195751631788
37.10000000000178         0.389271262678427
37.12000000000179         0.3547627851239098
37.1400000000018          0.3267712389339564
37.16000000000179         0.30399099923171147
37.18000000000178         0.28538008740069665
37.200000000001786        0.2701273092441076
37.220000000001804        0.2576048787243498
37.240000000001785        0.24733314980410426
37.26000000000178         0.23893848819012242
37.28000000000178         0.2321340792348672
37.30000000000179         0.2266988652740792
37.320000000001784        0.2224635647207903
37.34000000000179         0.2193009070523801
37.36000000000178         0.21711845959258136
37.380000000001786        0.2158536661647467
37.400000000001796        0.21547050417704938
37.42000000000179         0.21595728356508495
37.440000000001774        0.21732569795400938
37.46000000000179         0.2196115234927206
37.48000000000179         0.2228766244178624
37.50000000000178         0.22721253689582563
37.52000000000179         0.23274594764185721
37.54000000000179         0.23964619201758686
37.5600000000018          0.24813543171035807
37.580000000001796        0.25850232925760924
37.600000000001785        0.27112110600167444
37.6200000000018          0.2864772505221257
37.64000000000179         0.30520132914668907
37.66000000000179         0.32811472615447995
37.68000000000178         0.3562621955655638
37.700000000001786        0.39097784177084527
37.72000000000179         0.43381101383744025
37.74000000000177         0.4862028195553551
37.760000000001774        0.5482777963864448
37.78000000000175         0.6160676020675011
37.800000000001745        0.6795209769107402
37.82000000000171         0.7266699559161157
37.84000000000172         0.7547350730258633
37.860000000001705        0.7690113375903325
37.88000000000171         0.7754657436182034
37.900000000001704        0.777509332228714
37.9200000000017          0.7761513976197258
37.9400000000017          0.7703727768161629
37.960000000001706        0.7567186930663129
37.980000000001745        0.7292451544039354
38.00000000000175         0.6825422928913517
38.020000000001765        0.6193749818816607
38.04000000000178         0.5516244033790797
38.06000000000179         0.4896486269047935
38.08000000000181         0.4373317135180891
38.100000000001806        0.39454435369034396
38.120000000001795        0.3598655365975586
38.140000000001805        0.33175622970933843
38.160000000001794        0.3088971137955261
38.180000000001804        0.29023582943725007
38.2000000000018          0.27495366107773755
38.22000000000178         0.2624185281710461
38.2400000000018          0.252142927748339
38.26000000000181         0.2437506980521044
38.2800000000018          0.2369517937825337
38.30000000000181         0.23152345250625742
38.3200000000018          0.2272956027859968
38.3400000000018          0.2241411801762287
38.3600000000018          0.22196689010076565
38.38000000000181         0.22070927648166933
38.40000000000179         0.2203312185176486
38.4200000000018          0.2208203579780334
38.4400000000018          0.22218881984423416
38.460000000001806        0.22447334484505385
38.4800000000018          0.22773682178776058
38.5000000000018          0.23207148858549154
38.52000000000181         0.23760420010342145
38.5400000000018          0.24450522175813444
38.56000000000179         0.2529974243790909
38.580000000001824        0.26337156438774095
38.600000000001806        0.2760053088733027
38.62000000000181         0.29138886274881953
38.640000000001805        0.3101589930361623
38.6600000000018          0.33314221651019194
38.680000000001804        0.36140366168787014
38.700000000001786        0.39628361936638423
38.72000000000179         0.4393545884026373
38.740000000001785        0.4920808271901861
38.76000000000177         0.5546058970519677
38.780000000001756        0.6229803050166098
38.80000000000175         0.686890622301935
38.82000000000173         0.7346297846753702
38.84000000000173         0.7631853567907114
38.860000000001726        0.7777484174349346
38.88000000000173         0.7843747631038052
38.900000000001725        0.7865477931287322
38.920000000001714        0.7852833682872071
38.94000000000172         0.7795444160759536
38.96000000000173         0.765827619514373
38.980000000001745        0.7380164853683462
39.000000000001755        0.6908508196002013
39.02000000000177         0.6273027588233595
39.0400000000018          0.5591015720181203
39.0600000000018          0.4966328593321492
39.0800000000018          0.4438807541451561
39.10000000000181         0.4008319307681845
39.12000000000182         0.36596782557186275
39.140000000001805        0.3377319842831237
39.160000000001816        0.3147902547582205
39.1800000000018          0.29607818328884256
39.20000000000181         0.2807674945422339
39.22000000000182         0.26821916483706304
39.24000000000181         0.2579412770205262
39.26000000000182         0.24955494018545768
39.28000000000183         0.2427679631639229
39.300000000001816        0.23735519736398653
39.32000000000181         0.23314449316678248
39.34000000000181         0.2300065506951576
39.36000000000181         0.22784748506916477
39.38000000000181         0.22660364540660802
39.4000000000018          0.2262384275599001
39.42000000000181         0.22673938612997036
39.440000000001824        0.22811805495158402
39.46000000000181         0.23041014366905962
39.48000000000181         0.2336778763371635
39.500000000001805        0.23801360095039104
39.520000000001815        0.24354543915864776
39.54000000000181         0.25044481420531034
39.560000000001814        0.25893691907975147
39.58000000000181         0.26931475363520474
39.60000000000181         0.2819588182415008
39.62000000000183         0.2973614518783878
39.64000000000182         0.3161703052415067
39.6600000000018          0.33922062664447084
39.68000000000182         0.36759181639862926
39.70000000000181         0.4026429313267906
39.720000000001804        0.4459705806929449
39.74000000000179         0.49906721438895163
39.76000000000179         0.5621008494413882
39.78000000000176         0.6311208202579406
39.80000000000175         0.6957504756665656
39.82000000000174         0.744253562259468
39.840000000001744        0.7732114677441871
39.86000000000173         0.7881155464694374
39.88000000000176         0.7949795648091357
39.90000000000174         0.7973205736144432
39.92000000000176         0.7961735213375492
39.94000000000175         0.7904843065205286
39.960000000001756        0.7766972636407694
39.980000000001766        0.748609428874145
40.000000000001776        0.7009512338438094
40.020000000001794        0.6367908405687953
40.0400000000018          0.5679908930032176
40.0600000000018          0.5050206659055878
40.0800000000018          0.4519189491760992
40.100000000001806        0.40857005505185234
40.1200000000018          0.3735065645142346
40.14000000000181         0.34514244913278325
40.16000000000182         0.32212511476183364
40.18000000000181         0.30336738783353856
40.20000000000181         0.28803423547952756
40.22000000000181         0.2754796388560674
40.24000000000181         0.2652065861406805
40.26000000000182         0.25683195029812766
40.28000000000181         0.2500598799093374
40.30000000000181         0.24466272901421038
40.32000000000181         0.24046743270762364
40.34000000000182         0.2373446645524097
40.36000000000182         0.23520061611882248
40.38000000000182         0.2339709470981498
40.40000000000181         0.23361756025338049
40.42000000000181         0.23412697048817868
40.44000000000182         0.23550976733340376
40.46000000000181         0.23780158333602874
40.48000000000183         0.24106535289082529
40.50000000000182         0.2453945424663037
40.52000000000182         0.25091817357572144
40.540000000001825        0.2578082652302835
40.56000000000181         0.2662908517906362
40.580000000001824        0.27666091816096083
40.60000000000182         0.2893026389555284
40.620000000001816        0.3047161971242256
40.64000000000182         0.32355307697969937
40.66000000000184         0.34666035292890035
40.68000000000183         0.37513113112689916
40.700000000001815        0.410342345445025
40.720000000001804        0.4539424876954657
40.74000000000181         0.5074366808854592
40.7600000000018          0.5710339966648381
40.78000000000178         0.6407884857369868
40.80000000000176         0.7062529570362185
40.820000000001755        0.7554374730917905
40.84000000000176         0.7850930937908869
40.860000000001754        0.8004036420965019
40.88000000000175         0.8075489875943314
40.90000000000176         0.8101016388110156
40.92000000000178         0.8091123000278642
40.94000000000176         0.8035073306136677
40.96000000000176         0.7896833494247858
40.98000000000177         0.7614035055770956
41.000000000001776        0.7132524947638704
41.02000000000182         0.6482676820758445
41.04000000000182         0.5788625793554094
41.06000000000182         0.5153709082953079
41.08000000000183         0.461882402219843
41.10000000000183         0.41826560264672175
41.120000000001816        0.3830259672708276
41.14000000000182         0.354552307332078
41.160000000001844        0.3314699222923081
41.18000000000183         0.31268491538074217
41.20000000000183         0.29734728706434027
41.22000000000183         0.28480193849830715
41.24000000000183         0.2745461877163906
41.260000000001824        0.2661946471784432
41.28000000000183         0.25944794986769065
41.30000000000183         0.25407694832355976
41.320000000001826        0.24990519998106397
41.34000000000185         0.246800472964169
41.36000000000182         0.2446678318900324
41.38000000000183         0.24344329127490622
41.40000000000183         0.24308951575374704
41.42000000000182         0.24359267048175404
41.44000000000183         0.24496238990430497
41.46000000000183         0.24723306966631506
41.48000000000184         0.2504665296058053
41.50000000000183         0.25475568957474226
41.52000000000185         0.2602296089534374
41.54000000000184         0.26706049833965095
41.560000000001835        0.2754748672479865
41.58000000000183         0.2857695324092296
41.600000000001835        0.2983319243180638
41.62000000000183         0.31366951491599754
41.64000000000183         0.3324375632689464
41.66000000000184         0.35549564357332114
41.68000000000184         0.383953813873036
41.70000000000184         0.4192141496324293
41.720000000001825        0.462929694899148
41.740000000001814        0.5166658822014558
41.7600000000018          0.5807003779777711
41.7800000000018          0.651212246791756
41.80000000000178         0.7175185011356654
41.82000000000178         0.7674941053818086
41.84000000000176         0.7977786298761642
41.86000000000176         0.8135470920409199
41.88000000000177         0.8210406749337705
41.90000000000176         0.8238802528771667
41.92000000000178         0.8231319788157168
41.940000000001774        0.8176920010118155
41.960000000001784        0.8038885375607892
41.98000000000179         0.7754049303095145
42.00000000000179         0.726823234945653
42.020000000001815        0.6612963375578794
42.04000000000183         0.5912596797593247
42.060000000001835        0.5273987796507458
42.08000000000184         0.4736680583047661
42.100000000001835        0.42987126935665265
42.12000000000183         0.3944835451671928
42.14000000000184         0.3658686822653281
42.16000000000184         0.3426413683295987
42.18000000000184         0.3236921415986825
42.20000000000184         0.3081605948043285
42.22000000000183         0.2953864652423304
42.24000000000185         0.2848638627300314
42.260000000001845        0.27620131287663213
42.280000000001834        0.2690930748217301
42.300000000001845        0.26330113309127906
42.32000000000185         0.25864434175867496
42.340000000001844        0.25498829312542765
42.36000000000184         0.2522335777322175
42.38000000000186         0.25030700175533177
42.400000000001846        0.24915890216331543
42.42000000000184         0.2487624752329609
42.440000000001845        0.2491155271947355
42.46000000000184         0.25024270445440167
42.48000000000184         0.2521947144293905
42.50000000000184         0.2550496842400682
42.52000000000184         0.2589164269756616
42.54000000000184         0.2639436425281599
42.56000000000186         0.2703326705319766
42.580000000001846        0.2783519102063568
42.60000000000185         0.28835527974294733
42.62000000000185         0.3008057450111828
42.64000000000185         0.3163104837600937
42.66000000000183         0.33566753456774706
42.68000000000185         0.3599178937355937
42.70000000000184         0.3903831313864833
42.720000000001846        0.428639361373277
42.74000000000185         0.47621060458785697
42.76000000000183         0.5334430028462084
42.78000000000181         0.5968342857811423
42.80000000000179         0.6565497839973766
42.820000000001784        0.7011805675252905
42.84000000000178         0.7280907390165126
42.860000000001776        0.742303096227457
42.880000000001765        0.7494078036698925
42.90000000000177         0.7526200202510204
42.920000000001764        0.7530531939553657
42.940000000001774        0.7500435762535551
42.9600000000018          0.7405312378142891
42.98000000000179         0.7185911889294454
43.00000000000181         0.6782948007240033
43.02000000000182         0.6210477893196744
43.04000000000184         0.5576039262186946
43.06000000000188         0.49812614503390185
43.08000000000185         0.4468428385437188
43.100000000001856        0.40402131528903723
43.12000000000185         0.3685344007736057
43.14000000000186         0.3390391147337398
43.16000000000186         0.3143458207753699
43.180000000001854        0.2934893949158029
43.20000000000187         0.2757104395607177
43.22000000000187         0.26041189282034427
43.24000000000187         0.24714277060558468
43.26000000000186         0.23553560026514378
43.28000000000187         0.225305120897319
43.300000000001866        0.2162248141603101
43.32000000000186         0.20811364512142952
43.34000000000187         0.20082596550859316
43.360000000001875        0.19424362951640742
43.380000000001885        0.18826986028722922
43.4                      0.18282467867371202
