% Model:              ModelBHUpMagnet.mph
% Version:            COMSOL 5.6.0.280
% Date:               Oct 21 2021, 16:18
% Dimension:          1
% Nodes:              955
% Expressions:        1
% Description:        线图
% cln1x                   Height
47.80000000000202         0.27835567109716625
47.820000000002004        0.29689466140350435
47.840000000002           0.3185778610737958
47.86000000000197         0.3441372255279317
47.880000000001964        0.37450390658689187
47.90000000000196         0.410815731557917
47.920000000001934        0.45433594300609925
47.9400000000019          0.506036456590651
47.960000000001884        0.565206916801544
47.98000000000186         0.6265169436554298
48.00000000000184         0.6793682338079076
48.020000000001815        0.7160194680690655
48.04000000000181         0.7349132626141983
48.0600000000018          0.7408549820179661
48.0800000000018          0.7404830120809013
48.10000000000181         0.7379865422369022
48.1200000000018          0.7351472743833266
48.1400000000018          0.7324041799721313
48.16000000000182         0.729608468474756
48.18000000000181         0.7263234209954949
48.20000000000181         0.7217456496521483
48.2200000000018          0.7141878516005089
48.2400000000018          0.7001077185098675
48.26000000000181         0.6738735837927722
48.28000000000181         0.6317750153065499
48.30000000000185         0.5771511712724631
48.32000000000184         0.5185506398511571
48.34000000000185         0.4658746925124717
48.36000000000185         0.4232749936656131
48.38000000000185         0.3906962377986159
48.40000000000184         0.36672339170395857
48.42000000000184         0.3499948709403024
48.44000000000184         0.33945969114794733
48.46000000000183         0.3344111494419914
48.48000000000185         0.3344551291961814
48.50000000000184         0.3394856125329219
48.520000000001836        0.349673169578117
48.54000000000183         0.3654725533148509
48.56000000000184         0.387651040353182
48.580000000001824        0.4173085165644365
48.60000000000182         0.4558336733928329
48.62000000000181         0.5045451220152823
48.640000000001805        0.5632326752014188
48.660000000001766        0.6275527626735387
48.68000000000177         0.6866984704279581
48.700000000001744        0.731161891587915
48.72000000000173         0.7577323138905532
48.74000000000176         0.7705270565065935
48.76000000000174         0.7757740601267903
48.78000000000174         0.7774833920071608
48.80000000000173         0.777526452364579
48.82000000000172         0.7766611828130849
48.840000000001716        0.7750894465154056
48.86000000000172         0.7726133264813801
48.880000000001715        0.7684921851057822
48.90000000000172         0.7609111208803896
48.92000000000172         0.7459975110451553
48.940000000001746        0.7177364723745462
48.96000000000174         0.6722033572827246
48.980000000001766        0.612827556577993
49.000000000001776        0.5490476192084152
49.020000000001794        0.49136159184296024
49.04000000000179         0.44410858126798386
49.0600000000018          0.40721739861933726
49.08000000000178         0.37930157393229186
49.10000000000178         0.3589424728947303
49.120000000001795        0.34502504635496273
49.140000000001784        0.3367793940190763
49.16000000000179         0.3337557271417036
49.18000000000178         0.3357970518670381
49.20000000000178         0.34302256043268414
49.22000000000178         0.3558432656237809
49.2400000000018          0.374981177287204
49.26000000000182         0.4014902827128984
49.28000000000188         0.43671254541245014
49.30000000000202         0.481938257934871
49.32000000000245         0.537134768768775
49.34000000000348         0.5979097407029301
49.36000000000968         0.6538932710270903
49.3800000000212          0.6960132022589038
49.400000000049246        0.7211708082362349
49.42000000011636         0.7333857478577116
49.44000000027449         0.7385654095069982
49.46000000064125         0.7404458347765952
49.48000000147644         0.7407547264338428
49.50000000333932         0.7401969745267992
49.52000000739573         0.7389597276018802
49.54000001598387         0.7368573117738133
49.560000033567114        0.7331958117535179
49.58000006811084         0.7262734667226067
49.600000132407324        0.7124323548571788
49.620000243046704        0.6858817200818123
49.6400004110688          0.6427110486122655
49.66000062083478         0.5861095417490845
49.680000816604704        0.5250463912445332
49.70000092859847         0.46971302052965064
49.720000926741605        0.4243647897948037
49.74000085297248         0.38896120269560114
49.7600007761607          0.3621584230031177
49.78000071614137         0.3426100549678064
49.80000066125352         0.3292417306829047
49.82000060637854         0.32131369454492803
49.84000055150668         0.31839502699802236
49.860000496645114        0.3203354079704352
49.88000044180893         0.3272532863202979
49.90000038703237         0.3395452404769139
49.92000033239258         0.35790938624048796
49.940000278059074        0.38336632426135936
49.96000022439338         0.4172165213780586
49.980000172138155        0.4607134666830808
50.00000012273418         0.5139217646158057
50.020000078657766        0.5722850238321757
50.04000004612124         0.6258577209258973
50.06000002238355         0.6662441647005264
50.08000000849845         0.6903694158410988
50.10000000215941         0.7021094840081462
50.12000000026187         0.7071751623917342
50.140000000001635        0.7091197277332948
50.160000000001624        0.7095758049311365
50.18000000000163         0.7092032557941194
50.200000000001616        0.7081783033945943
50.220000000001626        0.7063269330824844
50.24000000000163         0.7029960187440383
50.26000000000162         0.6965794979233534
50.28000000000163         0.6835897545190645
50.30000000000164         0.6583983389756966
50.32000000000163         0.6172042827610268
50.34000000000164         0.5631416125435498
50.36000000000164         0.504532211333672
50.38000000000164         0.4512447546939899
50.40000000000163         0.40755303221343936
50.42000000000164         0.37345835573636404
50.44000000000165         0.34767306175194085
50.46000000000163         0.32887530812253085
50.48000000000164         0.31602957648657454
50.500000000001634        0.30842331877337203
50.52000000000162         0.3056414350791749
50.54000000000162         0.3075406813021659
50.56000000000162         0.3142364980813356
50.580000000001625        0.32611773464180427
50.600000000001614        0.3438614058628392
50.62000000000162         0.36846234912107517
50.64000000000162         0.40119172585145274
50.66000000000163         0.4432752963204155
50.68000000000159         0.49465032576980944
50.700000000001594        0.5510270929994661
50.72000000000157         0.6026635496449194
50.74000000000156         0.641520992408211
50.760000000001554        0.6646707247864287
50.78000000000156         0.6759533242311014
50.80000000000155         0.6808833187220438
50.82000000000155         0.6828471151183143
50.840000000001545        0.6833920587730583
50.860000000001534        0.6831454204503457
50.880000000001544        0.6822742118295738
50.90000000000153         0.6806135719530291
50.920000000001544        0.6775440253351497
50.940000000001525        0.6715379400997794
50.960000000001536        0.659257938005722
50.98000000000153         0.6352589077161002
51.00000000000155         0.5957534205045844
51.02000000000156         0.5437133222878767
51.04000000000157         0.4871162395479796
51.06000000000159         0.4355912025046129
51.08000000000157         0.3933407074897167
51.10000000000158         0.36037646534516415
51.120000000001575        0.3354661381943635
51.14000000000157         0.3173123414910934
51.16000000000157         0.30491488119803384
51.18000000000157         0.2975854971152565
51.200000000001566        0.2949231439189252
51.22000000000156         0.29678925634825754
51.24000000000157         0.303298825011698
51.260000000001554        0.31482831926477967
51.28000000000156         0.33203830793396266
51.30000000000155         0.3558967788859052
51.32000000000154         0.38764215045660333
51.340000000001545        0.4284710249043294
51.36000000000153         0.47831972160874053
51.38000000000153         0.5329728463512272
51.40000000000152         0.5830752813952245
51.42000000000151         0.6205680248603097
51.440000000001504        0.6428006175678095
51.46000000000151         0.6536649958375033
51.4800000000015          0.6584708215910854
51.500000000001506        0.6604443479435723
51.5200000000015          0.66106026513006
51.5400000000015          0.6609161770840589
51.560000000001494        0.660172063184944
51.580000000001505        0.6586693594359001
51.6000000000015          0.6558160107829739
51.62000000000149         0.6501506632486488
51.640000000001514        0.6384659497293467
51.66000000000151         0.6155494016260741
51.68000000000151         0.577517460411779
51.70000000000152         0.5270694017188697
51.7200000000015          0.4721179997846752
51.74000000000151         0.4221335439925255
51.76000000000151         0.381158183430592
51.78000000000151         0.34919154962149507
51.80000000000151         0.32502779569710255
51.82000000000153         0.3074271330921918
51.84000000000151         0.295417216242314
51.860000000001506        0.28832949178427136
51.8800000000015          0.2857752108258726
51.900000000001505        0.2876204004899658
51.92000000000151         0.2939784950917544
51.9400000000015          0.30521317509543394
51.960000000001486        0.3219691039619504
51.98000000000149         0.3451876965249666
52.0000000000015          0.3760710255907078
52.02000000000149         0.41578260666938405
52.040000000001484        0.4642873017284369
52.06000000000146         0.5175515811098147
52.08000000000146         0.5662187008215561
52.100000000001444        0.6025803869915949
52.12000000000144         0.624093818980536
52.14000000000144         0.634613791003222
52.16000000000143         0.6393057934356299
52.18000000000144         0.6412764630420997
52.20000000000143         0.6419406583232881
52.22000000000144         0.6418696573914435
52.24000000000143         0.6412166399824353
52.260000000001455        0.6398282848095201
52.28000000000142         0.6371359684619614
52.30000000000142         0.6317380229739213
52.320000000001414        0.6205570035089121
52.340000000001424        0.5984703391370619
52.36000000000144         0.5616588799978055
52.38000000000144         0.5126936568484449
52.40000000000146         0.4592287194106861
52.420000000001444        0.4105510332584261
52.440000000001454        0.37064560273142594
52.460000000001436        0.3395209465250429
52.48000000000144         0.31599910878923015
52.50000000000143         0.2988713988322062
52.52000000000145         0.28719032710984055
52.54000000000144         0.2803029754048314
52.56000000000144         0.2778304761574825
52.580000000001455        0.27964326143054163
52.600000000001444        0.2858518564757967
52.62000000000144         0.2968153696662945
52.64000000000143         0.31316318469115945
52.66000000000143         0.33581566560395876
52.680000000001414        0.3659485915293146
52.70000000000143         0.4047011866760053
52.72000000000141         0.4520358650429572
52.7400000000014          0.503985830018386
52.76000000000139         0.5512344343783232
52.780000000001394        0.5866245021890732
52.80000000000141         0.6075523445423727
52.820000000001386        0.6177646840193923
52.84000000000141         0.622334766323221
52.86000000000139         0.62427960553328
52.8800000000014          0.6249621884723223
52.9000000000014          0.6249335331178292
52.9200000000014          0.6243412375467785
52.940000000001405        0.6230385533756023
52.96000000000141         0.6204777485435585
52.98000000000142         0.6153078558327207
53.00000000000141         0.6045516447460427
53.0200000000014          0.5831299249827498
53.0400000000014          0.5473540133497903
53.060000000001395        0.49983802140650724
53.08000000000138         0.4477805017900176
53.10000000000137         0.40024774546956643
53.12000000000137         0.36126596895968405
53.14000000000137         0.3308789707179412
53.16000000000137         0.30792950644507633
53.180000000001364        0.2912270121837436
53.20000000000138         0.27984136006639465
53.22000000000137         0.27313470047677146
53.24000000000137         0.2707368045757991
53.26000000000135         0.27252114242829534
53.280000000001365        0.2785964822096766
53.30000000000138         0.2893125883905194
53.32000000000137         0.3052913358695821
53.340000000001375        0.3274363082299751
53.36000000000136         0.3569082579016701
53.38000000000137         0.39483173031090074
53.400000000001356        0.44113684494214694
53.42000000000135         0.49180778775239115
53.44000000000134         0.5378793168830429
53.46000000000132         0.572331475176697
53.480000000001326        0.5926468681455412
53.50000000000132         0.6025494454869689
53.52000000000133         0.6069962201634167
53.54000000000133         0.6089085269244721
53.56000000000133         0.609600902493311
53.58000000000132         0.6096053534135547
53.60000000000134         0.6090634808746025
53.620000000001326        0.6078339598352493
53.64000000000132         0.6053878320200341
53.66000000000132         0.6004178562651986
53.680000000001314        0.5900231092443087
53.700000000001324        0.5692755954928768
53.72000000000133         0.5344726747711592
53.74000000000133         0.48814981983438016
53.760000000001334        0.4372976604337114
53.780000000001344        0.3908278478108004
53.800000000001326        0.35271647630956754
53.82000000000132         0.3230137339140209
53.840000000001325        0.30058772592612537
53.86000000000132         0.2842709695300299
53.880000000001324        0.2731515041102645
53.90000000000131         0.26660554438023654
53.920000000001316        0.2642705933698452
53.940000000001326        0.2660236026492695
53.960000000001344        0.27197217895235426
53.980000000001326        0.28246162937352287
54.00000000000132         0.2980967320712531
54.02000000000131         0.3197649751226132
54.040000000001314        0.348605453814956
54.060000000001295        0.38572227331255426
54.08000000000129         0.4310425514268593
54.10000000000127         0.4806026800807259
54.12000000000127         0.5257147268445367
54.140000000001265        0.5592550802755458
54.160000000001276        0.5789445698461054
54.18000000000129         0.5885480373841124
54.20000000000128         0.592878800648061
54.22000000000128         0.5947569041172801
54.240000000001295        0.5954530582082398
54.260000000001284        0.5954805722880413
54.28000000000129         0.5949766842844826
54.30000000000129         0.5938048845823318
54.32000000000131         0.5914542971751419
54.3400000000013          0.5866593332839307
54.3600000000013          0.5766014497256028
54.38000000000128         0.5565295148694459
54.400000000001285        0.5226691460366313
54.42000000000129         0.47732546555282496
54.44000000000127         0.4275117973380034
54.46000000000126         0.3820510264430259
54.480000000001255        0.3447807056652093
54.50000000000125         0.31572919567494623
54.520000000001254        0.2937911124496799
54.540000000001264        0.2778289752285955
54.560000000001246        0.2669527784394964
54.580000000001256        0.260552063818343
54.60000000000125         0.258273049232478
54.62000000000125         0.25999566596785173
54.640000000001244        0.2658243323242472
54.660000000001254        0.27609808808076625
54.68000000000124         0.2914047142069222
54.700000000001246        0.3126141775318996
54.72000000000126         0.3408376797043293
54.740000000001224        0.37715217467577383
54.76000000000123         0.4215110371385066
54.780000000001216        0.4701014987681359
54.80000000000122         0.5142061583442645
54.820000000001215        0.5469564206068845
54.84000000000121         0.5661431388271045
54.86000000000121         0.5754920585924037
54.8800000000012          0.579715859977305
54.9000000000012          0.5815576163398217
54.92000000000119         0.5822504723103158
54.94000000000123         0.5822932549729508
54.9600000000012          0.5818193422611283
54.980000000001226        0.5806957864851859
55.00000000000121         0.578425865589357
55.02000000000121         0.5737840965625182
55.0400000000012          0.5640457092192542
55.0600000000012          0.5445205134734143
55.08000000000121         0.5114924905460979
55.10000000000122         0.46718072735399907
55.12000000000121         0.41841323764289473
55.14000000000121         0.37387604859476087
55.160000000001205        0.33736250397493284
55.18000000000121         0.3089061002524338
55.200000000001204        0.28742094257639034
55.2200000000012          0.2717924404360358
55.24000000000119         0.2611484242536602
55.2600000000012          0.2548881611839057
55.280000000001195        0.25266344514171746
55.30000000000121         0.2543568329967016
55.3200000000012          0.26007247443749465
55.34000000000121         0.27014286142044036
55.36000000000119         0.285149417550637
55.38000000000119         0.3059438400295231
55.400000000001185        0.3336179121033515
55.42000000000117         0.36923120225538114
55.440000000001184        0.4127326376009486
55.46000000000116         0.4603449154469602
55.480000000001176        0.5033489834054978
55.50000000000115         0.5353653818383718
55.52000000000116         0.5540950621984958
55.540000000001164        0.5631835421516738
55.56000000000117         0.5672850501483149
55.58000000000114         0.5690786562699737
55.60000000000115         0.5697593655030748
55.620000000001156        0.5698086339780343
55.64000000000116         0.5693546221830453
55.66000000000116         0.5682680781703577
55.68000000000116         0.5660686424314311
55.700000000001175        0.5615684600198692
55.72000000000115         0.5521160218945673
55.74000000000116         0.5331128081310934
55.76000000000115         0.500747463194208
55.78000000000115         0.4575313643890658
55.800000000001155        0.40983605829290454
55.82000000000116         0.3661559897274623
55.84000000000114         0.33033018414278875
55.860000000001136        0.30242386166541824
55.88000000000116         0.28136563655065533
55.90000000000114         0.26605281998568797
55.92000000000115         0.25562544759324324
55.940000000001135        0.24949479116417186
55.96000000000114         0.24731980067884005
55.98000000000113         0.24898451375174768
56.00000000000113         0.2545896985112068
56.02000000000112         0.26445910507944015
56.04000000000113         0.2791696714659888
56.060000000001125        0.29956107974958884
56.080000000001114        0.3267130722317236
56.100000000001096        0.36167184203593733
56.12000000000103         0.4043546403254953
56.14000000000086         0.4509388618610507
56.16000000000049         0.4930212989808464
56.179999999999495        0.5243040481647043
56.19999999999696         0.5425565468955409
56.21999999999049         0.551397479409622
56.23999999997415         0.5553895096487219
56.25999999993326         0.557139735891316
56.27999999983238         0.5578074931899256
56.299999999586696        0.5578601764049042
56.31999999899838         0.5574237112627453
56.339999997616886        0.556373568011669
56.35999999445073         0.5542440101058244
56.37999998741947         0.5498801123362723
56.39999997248184         0.540686259318539
56.41999994287256         0.5221175946044585
56.43999989021465         0.49057031001492724
56.45999980913587         0.4482879429380537
56.47999970249281         0.4015465283049637
56.4999995842251          0.3587110727853665
56.519999482051375        0.32357719896911213
56.53999942908067         0.29621415690479935
56.559999433027535        0.27556924980854874
56.57999946724133         0.26056109693182355
56.5999995077289          0.25034051299555926
56.61999954846949         0.24433142296769214
56.63999958928704         0.2421998655858162
56.659999630119756        0.2438332624977123
56.679999670932396        0.24933134229776052
56.69999971168274         0.25901394620604
56.71999975229332         0.2734420794897468
56.73999979260917         0.2934412863263438
56.759999832323025        0.32007387081878874
56.77999987084337         0.35436981974973697
56.79999990708332         0.3962435876272904
56.81999993925506         0.4419155358129381
56.8399999651165          0.4832319979236877
56.859999983136696        0.5137555350478291
56.87999999362421         0.5314873759389704
56.899999998386775        0.5400764982621561
56.919999999806755        0.5439614681243264
56.94000000000104         0.5456681465528351
56.960000000001045        0.5463221969035057
56.98000000000106         0.5463783651445432
57.00000000000105         0.5459587429160244
57.02000000000106         0.5449422362203576
57.04000000000108         0.542875975711787
57.06000000000106         0.5386372752706641
57.08000000000106         0.529697929312847
57.10000000000105         0.5116016233263909
57.12000000000104         0.48089253805137744
57.140000000001024        0.4393930084481043
57.16000000000101         0.3934935989336356
57.180000000001016        0.35149467980176774
57.20000000000101         0.3170615000317914
57.22000000000101         0.2902397352796218
57.240000000001004        0.2700001690347435
57.26000000000101         0.2552840514070699
57.28000000000101         0.24526464398702555
57.30000000000102         0.23937584029141504
57.320000000001           0.23728964636007424
57.340000000001           0.23889440024153002
57.360000000000994        0.2442884903762113
57.380000000001004        0.25378768096093546
57.400000000001           0.26794533039075175
57.420000000001004        0.28756513125106103
57.44000000000098         0.31368545694953054
57.460000000000996        0.34731266588167775
57.480000000001006        0.38838614843883384
57.50000000000098         0.43325743850269754
57.52000000000098         0.4737107090835732
57.54000000000098         0.5035540182078221
57.560000000000976        0.5208437498055521
57.58000000000097         0.5292004730440604
57.60000000000097         0.5329789180264498
57.62000000000098         0.5346403311474751
57.640000000000974        0.535278416491752
57.66000000000099         0.5353348346388296
57.680000000000966        0.534927748323943
57.700000000000976        0.5339388241131892
57.72000000000098         0.5319264199289617
57.74000000000096         0.527800280000235
57.76000000000096         0.5191100698944212
57.78000000000095         0.501519828678727
57.80000000000096         0.47142869962723455
57.820000000000974        0.4307938653526283
57.840000000000984        0.38578382768270564
57.860000000000966        0.34457502968813175
57.88000000000097         0.3107899938125118
57.900000000000965        0.2844776109244484
57.92000000000096         0.264625962159972
57.94000000000094         0.2501922072957433
57.96000000000096         0.24036802727555576
57.98000000000096         0.23459490352180337
58.00000000000096         0.2325509780271617
58.02000000000096         0.234128403891456
58.04000000000095         0.2394234992636303
58.060000000000954        0.24874376008111196
58.08000000000095         0.26263169809594916
58.10000000000094         0.281882805460555
58.120000000000935        0.30751592975242004
58.14000000000094         0.34051929868350583
58.16000000000093         0.3808291470130419
58.18000000000092         0.4248422156006653
58.20000000000093         0.4644681708978062
58.22000000000092         0.4935948060105542
58.240000000000926        0.5105278585116986
58.26000000000092         0.518679329449164
58.280000000000925        0.5223571152300754
58.30000000000092         0.5239742098184478
58.320000000000924        0.5245957194889453
58.34000000000093         0.5246506315225853
58.36000000000094         0.5242531055850151
58.38000000000093         0.5232869820368033
58.40000000000093         0.521323437290012
58.42000000000095         0.517302058954838
58.44000000000092         0.5088325637087017
58.46000000000094         0.4916613934384275
58.48000000000091         0.46210492989379864
58.5000000000009          0.4224155963232681
58.5200000000009          0.3783514167898603
58.54000000000088         0.33789918928451246
58.56000000000088         0.30472025314515844
58.58000000000088         0.27889280449874243
58.60000000000088         0.2594168838150123
58.62000000000088         0.24526335527172186
58.64000000000089         0.23563104670078128
58.660000000000885        0.22997242391810702
58.68000000000088         0.22797114272556812
58.70000000000089         0.22952089271207632
58.72000000000086         0.23471725842671962
58.74000000000088         0.2438634305984374
58.76000000000088         0.2574889845453484
58.780000000000875        0.27638259597591885
58.800000000000864        0.3015507820928945
58.820000000000896        0.33396985038308963
58.84000000000087         0.3735468900474403
58.86000000000088         0.4166454395539763
58.880000000000855        0.4553714376189765
58.90000000000086         0.4840141096673442
58.92000000000086         0.5005709969074155
58.940000000000865        0.5085314801027517
58.96000000000085         0.5121223671878796
58.98000000000085         0.5137018088228029
59.000000000000874        0.5143088131828036
59.02000000000085         0.514361573502499
59.04000000000087         0.5139717720087198
59.06000000000085         0.513026713628799
59.08000000000085         0.5111084658356515
59.100000000000854        0.5071813935917989
59.12000000000086         0.4988970749236788
59.140000000000846        0.48204800367087963
59.16000000000085         0.4531675245703329
59.18000000000083         0.4142716665769837
59.20000000000084         0.3710559675195567
59.22000000000085         0.33137102541953695
59.24000000000083         0.29882198749355904
59.26000000000083         0.2734877420604265
59.280000000000825        0.2543862755096883
59.300000000000836        0.24050878337742299
59.320000000000846        0.23106453862114665
59.340000000000835        0.2255181154232659
59.36000000000083         0.22355922783521176
59.380000000000834        0.22508329502549085
59.40000000000086         0.23018368161778316
59.42000000000083         0.2391588450466912
59.44000000000082         0.25253191016180127
59.46000000000083         0.27107198619930073
59.48000000000082         0.29576931875113005
59.500000000000824        0.3275834760850391
59.52000000000081         0.3664224815480896
59.540000000000816        0.40870907300055886
59.56000000000081         0.44668704949278343
59.580000000000794        0.47482805390040717
59.6000000000008          0.490986861159406
59.6200000000008          0.4987676995788706
59.6400000000008          0.5022835562102373
59.66000000000079         0.5038313022139329
59.680000000000796        0.5044262685204384
59.70000000000079         0.5044777423832234
59.72000000000078         0.5040953946347937
59.7400000000008          0.5031698847958788
59.76000000000079         0.5012929415166713
59.78000000000079         0.4974512755530919
59.80000000000079         0.4893450489521427
59.82000000000078         0.4728456887423784
59.84000000000079         0.44454063079527034
59.86000000000079         0.40641088738831704
59.880000000000784        0.36394314882007345
59.90000000000079         0.3250264465575275
59.92000000000079         0.2931227547073878
59.94000000000078         0.26828456754842894
59.96000000000078         0.24955301579952052
59.980000000000786        0.23594183121741827
60.00000000000077         0.22668168149857948
60.020000000000785        0.22124607807866092
60.040000000000774        0.21933056356952307
60.06000000000077         0.2208325704020095
60.08000000000076         0.22584375093903689
60.100000000000755        0.23465699213051702
60.120000000000765        0.24778715653311076
60.14000000000075         0.2659829026262424
60.16000000000077         0.29021236077494295
60.180000000000746        0.3214128657542419
60.20000000000077         0.3595200589458349
60.220000000000745        0.4011013891121283
60.24000000000074         0.4384772733081327
60.26000000000074         0.4659689019788998
60.28000000000072         0.48181485362435933
60.30000000000073         0.48944278874157443
60.320000000000725        0.4928897399052365
60.34000000000072         0.49440736675115843
60.36000000000072         0.4949907744483812
60.38000000000073         0.49504166277748246
60.40000000000071         0.4946678787316573
60.42000000000073         0.49376218729671123
60.440000000000715        0.49192405754856566
60.46000000000071         0.48816120975119304
60.48000000000069         0.4802301169436113
60.50000000000072         0.4641117695061438
60.52000000000071         0.4364029981807895
60.54000000000072         0.39887999761828935
60.56000000000073         0.3572030241005214
60.58000000000074         0.31900749714089904
60.600000000000726        0.2876962796520978
60.620000000000736        0.2633215665855042
60.640000000000725        0.24494158017417014
60.66000000000073         0.23158773564857052
60.68000000000072         0.22250334760266186
60.70000000000071         0.21717509291702486
60.720000000000695        0.21530243127752974
60.74000000000073         0.21678494075090687
60.76000000000071         0.22171274068524469
60.780000000000705        0.23037330638397388
60.8000000000007          0.24327039290505742
60.82000000000069         0.2611434882261713
60.84000000000069         0.2849418045128154
60.8600000000007          0.31558615148139235
60.88000000000069         0.35301294832658914
60.900000000000674        0.3938481933195838
60.920000000000684        0.4305461101096349
60.9400000000007          0.4574719252534727
60.9600000000007          0.47307742620874493
60.98000000000068         0.48057163272196085
61.00000000000068         0.4839528506493483
61.02000000000067         0.4854420039054025
61.04000000000068         0.4860160721516661
61.06000000000066         0.48606854496925206
61.08000000000067         0.4857049220044991
61.10000000000067         0.48481982021032227
61.12000000000067         0.48302028715446055
61.14000000000068         0.4793329165281939
61.160000000000664        0.47155607942074557
61.18000000000067         0.45574273791827075
61.200000000000664        0.4285466764239572
61.22000000000066         0.39170138627872364
61.24000000000067         0.3508521586704975
61.26000000000065         0.3133291649752754
61.280000000000655        0.28255679703883685
61.300000000000644        0.2586117102611869
61.32000000000067         0.24056372606514384
61.34000000000066         0.22745578287679785
61.36000000000066         0.21854335264218014
61.38000000000064         0.21331801662615482
61.40000000000065         0.21148639170998743
61.420000000000634        0.2129502680424691
61.44000000000064         0.21779883336217296
61.46000000000063         0.22631490533048068
61.48000000000063         0.23899359422534677
61.50000000000063         0.2565652786953451
61.52000000000063         0.27996993777922663
61.54000000000064         0.31011664944489603
61.56000000000062         0.3469172112181829
61.580000000000624        0.38697340479768616
61.60000000000061         0.42292633020375064
61.6200000000006          0.44949129773057794
61.64000000000059         0.46481899646724084
61.660000000000586        0.47217972335215375
61.680000000000575        0.47550260382789067
61.70000000000057         0.4769684013006885
61.72000000000056         0.4775361004053766
61.74000000000056         0.47759191908329623
61.76000000000055         0.47723955610529595
61.78000000000055         0.476375729749224
61.80000000000054         0.4746151079863672
61.82000000000053         0.4710014988233688
61.84000000000055         0.4633621196860211
61.86000000000055         0.4477854644217223
61.88000000000056         0.4210239830195445
61.900000000000574        0.38493925568560533
61.920000000000584        0.34480396289176884
61.94000000000059         0.30793520282535086
61.960000000000576        0.27770062543992424
61.98000000000059         0.25417607092519995
62.00000000000056         0.2364474041818661
62.020000000000564        0.22357403434860557
62.04000000000057         0.21482557029925461
62.06000000000058         0.20969914863837744
62.08000000000057         0.20790838892676516
62.10000000000056         0.20935674042351873
62.12000000000056         0.21413206035452195
62.14000000000056         0.22251337997599346
62.16000000000058         0.2349893010267607
62.18000000000056         0.2522775323997562
62.20000000000055         0.2753014020518629
62.220000000000546        0.30495612308743747
62.24000000000054         0.3411547350283946
62.26000000000053         0.38055345484194075
62.28000000000055         0.41591290496039646
62.300000000000516        0.4420380016457593
62.320000000000526        0.4571179037328091
62.340000000000515        0.4643482569959854
62.360000000000504        0.467621054982514
62.38000000000052         0.4690690134277184
62.40000000000051         0.4696338310007283
62.42000000000051         0.4696954185169269
62.440000000000495        0.46935579881134026
62.46000000000049         0.46851360546118653
62.48000000000047         0.466790223949127
62.50000000000048         0.4632459062313209
62.52000000000049         0.4557446242118999
62.54000000000047         0.44043897264468074
62.56000000000049         0.41413214594286263
62.58000000000048         0.37866209004886037
62.60000000000048         0.3391245675009414
62.62000000000051         0.30288547455749076
62.640000000000484        0.2731819943204165
62.66000000000051         0.2500649826339883
62.68000000000047         0.23264034789297475
62.70000000000051         0.21998853453212439
62.72000000000047         0.21139251655225091
62.74000000000049         0.20636189602202934
62.76000000000048         0.2046134725413596
62.78000000000046         0.2060524530594399
62.800000000000466        0.21076536459928566
62.82000000000047         0.2190267723961023
62.840000000000465        0.23131794923540752
62.86000000000047         0.24834304086429665
62.88000000000048         0.27100533400271465
62.90000000000045         0.30018289107324353
62.92000000000045         0.3358146605932287
62.94000000000047         0.37468471261616676
62.960000000000434        0.40960583256189026
62.98000000000045         0.43528269066239234
63.00000000000045         0.45007560224994747
63.020000000000465        0.45720082769537596
63.04000000000043         0.46043149732735333
63.06000000000045         0.46186672515482063
63.08000000000044         0.46243319142569717
63.10000000000046         0.46250473369771744
63.12000000000045         0.4621817617537926
63.14000000000046         0.4613639836262214
63.16000000000044         0.45967896002497727
63.18000000000045         0.45620237668796754
63.20000000000045         0.4488420474896115
63.220000000000425        0.43384047776145435
63.240000000000435        0.40800305096566436
63.26000000000041         0.3729804910725437
63.280000000000406        0.33405342212725847
63.30000000000038         0.2983717949343512
63.32000000000039         0.2691265405460185
63.34000000000038         0.246368824931908
63.360000000000404        0.22921831358333306
63.38000000000039         0.21676937000530078
63.40000000000039         0.20831463631571107
63.42000000000038         0.2033745206918111
63.44000000000038         0.20166862864068258
63.46000000000038         0.20310410738142445
63.48000000000038         0.2077666592985013
63.50000000000038         0.21592694924958994
63.52000000000038         0.2280585161397788
63.54000000000035         0.2448562726597225
63.560000000000365        0.2672124602220242
63.580000000000375        0.2959931620274545
63.600000000000364        0.3311392264115128
63.620000000000374        0.3694791744074292
63.64000000000036         0.40392458494584194
63.66000000000033         0.42925420487556426
63.68000000000035         0.44384451195272256
63.70000000000032         0.4508908705430919
63.72000000000035         0.45408754404833224
63.740000000000336        0.4555146808354418
63.76000000000036         0.4560865030589048
63.78000000000031         0.45617117418823644
63.80000000000033         0.45586747033464686
63.82000000000035         0.4550769261207607
63.84000000000033         0.4534320353638832
63.86000000000032         0.4500217804637408
63.88000000000032         0.44278283195105267
63.90000000000033         0.4280072322737087
63.92000000000032         0.4025396484802988
63.94000000000033         0.3680060841150299
63.960000000000306        0.3296759508116193
63.98000000000032         0.2944677592670697
64.00000000000034         0.2655992269829576
64.0200000000003          0.24314532470452746
64.04000000000029         0.226232952491049
64.0600000000003          0.21396343407973759
64.0800000000003          0.20563785977447963
64.10000000000029         0.20077929403300268
64.12000000000029         0.19911296558448013
64.1400000000003          0.20054762901802073
64.1600000000003          0.20516855891421917
64.18000000000028         0.21324388718636933
64.20000000000029         0.22524203974248674
64.2200000000003          0.24185317575536322
64.24000000000028         0.26396526872589327
64.26000000000029         0.29243746728172293
64.28000000000027         0.32718758394797987
64.30000000000028         0.36500727579109954
64.32000000000028         0.39894995070246686
64.34000000000029         0.42403529345263835
64.36000000000027         0.4385198497225609
64.38000000000028         0.445495564630027
64.40000000000028         0.44866965276969484
64.42000000000027         0.4500966963804619
64.44000000000028         0.45067960144063784
64.4600000000003          0.4507819955471645
64.48000000000029         0.45050147775926636
64.5000000000003          0.4497414215554578
64.52000000000028         0.4481386364586413
64.54000000000029         0.44479222207218055
64.56000000000027         0.4376522608346231
64.5800000000003          0.4230218276049996
64.60000000000025         0.39782219237662303
64.62000000000025         0.36380329850572557
64.64000000000023         0.3259378173928361
64.66000000000025         0.2911476468761591
64.6800000000002          0.2626234106914487
64.7000000000002          0.240440138642512
64.7200000000002          0.223735313409541
64.7400000000002          0.21162095282740578
64.76000000000022         0.20340645091184206
64.78000000000021         0.19862125012778506
64.80000000000024         0.19699225261232192
64.8200000000002          0.19843094573068223
64.84000000000022         0.20302209943943308
64.86000000000021         0.21103156762635886
64.88000000000021         0.22292432449510607
64.9000000000002          0.23938361878792436
64.92000000000019         0.261288504617971
64.9400000000002          0.2894914010488925
64.96000000000019         0.32391146762279494
64.9800000000002          0.3613722374795452
65.0000000000002          0.3949958834873167
65.02000000000022         0.41985184263544667
65.04000000000019         0.43421978702634945
65.0600000000002          0.44113944339753103
65.08000000000021         0.4443070990082826
65.1000000000002          0.4457462590667177
65.12000000000022         0.446349926331935
65.1400000000002          0.4464782706878801
65.16000000000024         0.44622795955317746
65.18000000000019         0.4455027463183993
65.20000000000019         0.44394321468965675
65.22000000000021         0.44065679460079743
65.24000000000018         0.43361270043778294
65.26000000000019         0.41914733350149336
65.28000000000017         0.3942078977647034
65.30000000000015         0.36052571137686723
65.32000000000014         0.32296620888614014
65.34000000000012         0.28852568498419323
65.36000000000014         0.260302151112462
65.38000000000015         0.23834815701183248
65.40000000000013         0.22181459603458112
65.42000000000013         0.2098271832491598
65.44000000000015         0.20170424465646986
65.46000000000015         0.1969800383781057
65.48000000000012         0.1953863928368943
65.50000000000013         0.19683493546995012
65.52000000000011         0.2014105088327361
65.54000000000012         0.20937771706838046
65.56000000000012         0.2211986683654629
65.58000000000014         0.23755177362956675
65.60000000000015         0.2592934899746458
65.6200000000001          0.2872774640282136
65.6400000000001          0.32144574528892705
65.6600000000001          0.35872124831986646
65.68000000000013         0.39222194255597026
65.7000000000001          0.41687893651450075
65.7200000000001          0.4311188434333561
65.74000000000011         0.4380225421877319
65.7600000000001          0.4412026350417208
65.7800000000001          0.442667589661666
65.8000000000001          0.44330375417687845
65.82000000000012         0.4434686282150418
65.84000000000006         0.4432581268032526
65.86000000000007         0.44257595105905273
65.88000000000008         0.441065079417747
65.90000000000006         0.4378389036204811
65.92000000000007         0.4308889780401579
65.94000000000008         0.41660322365752206
65.96000000000006         0.39190190984085915
65.98000000000006         0.3583583360908987
66.00000000000007         0.32103772597538743
66.02000000000007         0.2868170654004606
66.0400000000001          0.2587711556296665
66.06000000000006         0.23695465922810516
66.08000000000008         0.2205250450960862
66.10000000000007         0.20861407235044913
66.12000000000006         0.20054457565541972
66.14000000000003         0.19585326485837184
66.16000000000008         0.19427573475203494
66.18000000000006         0.19572313422990414
66.20000000000006         0.20028004661182813
66.22000000000003         0.20820960360221122
66.24000000000005         0.21997098381966418
66.26000000000008         0.2362375581675793
66.28000000000004         0.2578737902267608
66.30000000000004         0.28571961681478864
66.32000000000004         0.31972312719413903
66.34000000000006         0.3568273649427495
66.36000000000001         0.3901898096134557
66.38000000000004         0.4147665449714597
66.4                      0.4289868532054902
66.42000000000003         0.43591443521334605
66.44000000000001         0.4391344096519279
66.46000000000001         0.44064720942353347
66.48000000000002         0.4413334436632618
66.5                      0.4415453290725833
66.52                     0.4413722336059767
66.53999999999998         0.44070747462190024
66.56                     0.4391731426637924
66.57999999999997         0.43584235284278644
66.6                      0.42862596771170486
66.62                     0.4137788587383364
66.64                     0.38778787558124655
66.6555660100931          0.36106472946704643
66.66504397422814         0.34065913242459167
66.67047581646861         0.32954666714750885
66.68356227692725         0.3023554389592153
66.70202942244816         0.2678537708440022
66.71272732755203         0.24869857680862606
66.74757738790746         0.2029119990774445
66.75249610276965         0.1967703271096656
66.75392809074677         0.1948992970024463
66.80084860530717         0.15231675101543213
66.81570890374908         0.14270490335769984
66.84                     0.12974436298970507
