% Model:              ModelBHUpMagnet.mph
% Version:            COMSOL 5.6.0.280
% Date:               Oct 21 2021, 16:32
% Dimension:          1
% Nodes:              955
% Expressions:        1
% Description:        线图
% cln1x                   Height
47.80000000000202         0.27549949210941393
47.82000000000201         0.29379307960515033
47.840000000001986        0.3151920510910372
47.86000000000197         0.34041916515795106
47.880000000001964        0.3703938538010727
47.900000000001945        0.4062392572056808
47.92000000000192         0.4492008788640706
47.940000000001895        0.500231072454106
47.960000000001884        0.5586026847674879
47.98000000000187         0.6189841956286107
48.00000000000184         0.6708206386083903
48.020000000001815        0.7064818054222897
48.04000000000181         0.7245303860320519
48.060000000001814        0.7298130669473736
48.0800000000018          0.7289411035687893
48.10000000000181         0.7260435555989052
48.1200000000018          0.7228765264099313
48.14000000000179         0.7198881402510595
48.16000000000182         0.7169353994220186
48.18000000000181         0.7135705512944489
48.20000000000179         0.7089877407783588
48.2200000000018          0.7015311166897114
48.2400000000018          0.6877395875466227
48.2600000000018          0.6620820022008128
48.28000000000181         0.6208662260909629
48.300000000001845        0.5673608727654874
48.32000000000184         0.5099331326745347
48.34000000000185         0.45835323757333923
48.360000000001854        0.41672530026029514
48.38000000000184         0.38498945220815506
48.400000000001846        0.36174633746426
48.42000000000184         0.34565324809568404
48.440000000001845        0.3356780435901629
48.46000000000185         0.33112787075574435
48.48000000000185         0.33162015220403834
48.50000000000184         0.3370586094235189
48.520000000001836        0.3476187536631296
48.54000000000183         0.363760637895328
48.56000000000184         0.3862531531637072
48.580000000001824        0.416197712463269
48.60000000000183         0.4549815846658401
48.620000000001816        0.5039206765476433
48.640000000001805        0.562799162096079
48.66000000000178         0.6272683923944767
48.68000000000176         0.6865128964705209
48.70000000000176         0.7310218523600803
48.72000000000175         0.7576033581016282
48.74000000000176         0.770391914205096
48.76000000000174         0.775628316055164
48.78000000000174         0.7773266689946886
48.80000000000174         0.7773589448185613
48.82000000000171         0.7764834842814275
48.84000000000171         0.774902328580292
48.86000000000172         0.7724180235698566
48.880000000001715        0.7682905322218027
48.90000000000171         0.760706280105257
48.920000000001714        0.7457947764521903
48.94000000000174         0.7175427890830874
48.96000000000175         0.6720256829518456
48.98000000000178         0.6126718337148563
49.000000000001776        0.5489184580987436
49.020000000001794        0.4912611265465799
49.04000000000179         0.4440369117988885
49.06000000000181         0.40717374300430625
49.08000000000179         0.37928507605420186
49.10000000000179         0.3589525860639889
49.12000000000179         0.34506151981835537
49.14000000000179         0.33684245220367326
49.16000000000179         0.3338460999357923
49.180000000001776        0.3359157297789003
49.200000000001786        0.3431711574274972
49.22000000000179         0.35602417066156705
49.2400000000018          0.37519712192243626
49.26000000000183         0.401744811559746
49.28000000000187         0.437010004086848
49.300000000002036        0.4822830654780287
49.32000000000245         0.5375311143822051
49.340000000003464        0.5983605524839132
49.36000000000963         0.6543944821827541
49.38000000002111         0.6965466043033033
49.40000000004904         0.7217188030254462
49.42000000011589         0.7339359083513938
49.440000000273585        0.7391127565891306
49.460000000639624        0.7409886948572715
49.48000000147408         0.7412925146093972
49.50000000333745         0.7407294721699698
49.520000007400625        0.7394866119652412
49.54000001601752         0.7373781070475601
49.560000033695           0.733709367235848
49.580000068505676        0.7267770238525487
49.60000013347028         0.7129200026642272
49.620000245545064        0.6863440527303798
49.64000041599018         0.6431383848465566
49.66000062842399         0.5864957869158722
49.680000825100265        0.5253921797812648
49.700000935086855        0.4700237898572765
49.72000093011984         0.4246473114565677
49.740000854488336        0.3892218597141826
49.760000777025894        0.3624027558728977
49.78000071677543         0.34284277271294644
49.80000066179583         0.32946691161407154
49.82000060687433         0.32153510802720753
49.840000551961374        0.31861622704454834
49.860000497059424        0.32055972692635687
49.88000044218279         0.32748406692006843
49.90000038736534         0.3397861465886715
49.92000033268354         0.3581644068864613
49.94000027830586         0.38363998239970376
49.96000022459258         0.4175140068497652
49.98000017228574         0.46104037584830837
50.00000012282877         0.5142841385635335
50.02000007870583         0.5726890183772098
50.04000004616773         0.6263045326757621
50.06000002239703         0.6667212162495224
50.080000008500896        0.6908631899092722
50.100000002159646        0.7026087964140663
50.120000000261875        0.7076747272695784
50.140000000001635        0.7096175524944398
50.160000000001624        0.71007106184327
50.18000000000163         0.7096955576915539
50.200000000001616        0.7086672189032812
50.220000000001626        0.7068117865981302
50.24000000000163         0.7034755703779328
50.26000000000162         0.6970509572899664
50.28000000000163         0.6840473534271538
50.30000000000164         0.6588330907879036
50.32000000000163         0.6176069613178112
50.34000000000163         0.5635061317840625
50.360000000001634        0.5048588074366598
50.38000000000164         0.4515381608020128
50.40000000000163         0.40781939375653603
50.42000000000164         0.37370359814484105
50.440000000001646        0.3479024326678018
50.46000000000164         0.32909336888004653
50.48000000000164         0.3162403068055603
50.500000000001634        0.30863028587801344
50.520000000001616        0.30584802115741083
50.540000000001626        0.30775023112760497
50.56000000000162         0.31445236491486944
50.580000000001625        0.32634342066301175
50.60000000000163         0.3441008752351973
50.620000000001625        0.3687201876333126
50.64000000000162         0.4014731095989989
50.66000000000163         0.4435858530692705
50.680000000001606        0.49499566273484324
50.700000000001594        0.5514111296758695
50.72000000000157         0.6030852268638436
50.740000000001565        0.641972277020453
50.760000000001554        0.6651410451667944
50.78000000000156         0.6764328082561275
50.80000000000156         0.6813658112358114
50.82000000000155         0.683329680455023
50.84000000000153         0.6838734032929205
50.860000000001534        0.6836248218273151
50.88000000000153         0.682751061278908
50.90000000000154         0.6810871410634611
50.920000000001544        0.6780130019907311
50.940000000001525        0.6719995415364236
50.96000000000152         0.6597065510242384
50.98000000000153         0.6356856022788505
51.00000000000154         0.5961488743741349
51.02000000000156         0.5440711731402522
51.04000000000157         0.48743648290732117
51.06000000000159         0.43587834905622236
51.08000000000158         0.3936006981874459
51.10000000000158         0.360615038023356
51.120000000001575        0.3356883184568366
51.14000000000157         0.3175224663661661
51.16000000000158         0.30511679298709504
51.18000000000157         0.2977826258556314
51.20000000000159         0.2951186153427924
51.22000000000157         0.29698610576422946
51.24000000000157         0.3035001589983252
51.26000000000157         0.31503735677813355
51.280000000001564        0.3322584591290218
51.30000000000156         0.356131798009115
51.32000000000156         0.38789617751266625
51.34000000000156         0.42874856069909034
51.36000000000155         0.4786261027376777
51.38000000000154         0.5333153392823676
51.400000000001526        0.5834597084557757
51.420000000001515        0.6209861016144352
51.440000000001504        0.6432409002042405
51.460000000001514        0.654115706893816
51.4800000000015          0.6589251535119995
51.500000000001506        0.6608992824018994
51.5200000000015          0.6615144071725242
51.5400000000015          0.6613687479115881
51.560000000001494        0.660622470905844
51.580000000001505        0.6591167946749245
51.6000000000015          0.656258852217749
51.62000000000148         0.6505853875995934
51.640000000001514        0.6388850536790229
51.6600000000015          0.6159415550687344
51.68000000000151         0.5778739200233496
51.70000000000152         0.5273853750032503
51.72000000000152         0.4724012471388271
51.74000000000151         0.42239164156871795
51.76000000000151         0.38139597805155073
51.780000000001515        0.34941312725700946
51.80000000000151         0.32523697588939293
51.82000000000153         0.3076274639199518
51.8400000000015          0.2956120248099667
51.86000000000151         0.2885219490498891
51.880000000001516        0.28596836987921004
51.900000000001505        0.28781729164846503
51.920000000001494        0.2941823934707996
51.9400000000015          0.3054278148384975
51.9600000000015          0.32219878100021726
51.980000000001496        0.3454374495494877
52.0000000000015          0.3763468929419104
52.02000000000148         0.416091466756342
52.0400000000015          0.46463510829100685
52.06000000000147         0.5179382431813212
52.08000000000146         0.5666355588095442
52.10000000000144         0.6030195030833359
52.120000000001426        0.6245458245682259
52.14000000000144         0.6350723567139439
52.16000000000143         0.6397670328504681
52.18000000000143         0.6417383015491311
52.20000000000143         0.6424020440498387
52.220000000001434        0.6423299933860565
52.24000000000142         0.6416754145772853
52.26000000000144         0.6402846127033167
52.28000000000142         0.6375879571771936
52.300000000001425        0.6321815476674765
52.32000000000142         0.6209835885375341
52.340000000001424        0.5988677716698858
52.360000000001435        0.562018603361609
52.38000000000146         0.5130117603925085
52.40000000000148         0.4595142086044292
52.420000000001465        0.41081198859171886
52.44000000000146         0.3708868082855656
52.460000000001465        0.3397463073627762
52.480000000001446        0.3162123058973636
52.50000000000145         0.2990759087103117
52.520000000001446        0.28738946420682393
52.54000000000144         0.2804999354745729
52.560000000001445        0.2780283994692873
52.58000000000146         0.27984535459438203
52.60000000000144         0.2860615965005811
52.62000000000144         0.29703669108083824
52.64000000000144         0.31340063296054865
52.66000000000144         0.3360746130971964
52.68000000000143         0.3662355487731165
52.70000000000144         0.40502367273808904
52.72000000000142         0.4524003999646755
52.7400000000014          0.504391658764571
52.7600000000014          0.5516710314656831
52.78000000000141         0.587082944635431
52.80000000000141         0.6080222121338904
52.82000000000139         0.6182400785796438
52.8400000000014          0.6228126127620934
52.8600000000014          0.6247583150234856
52.8800000000014          0.625440889178867
52.900000000001405        0.625411620634007
52.92000000000142         0.6248181828485135
52.94000000000141         0.6235137201766867
52.960000000001415        0.6209500151165438
52.98000000000143         0.6157748843805123
53.000000000001414        0.6050086280470697
53.0200000000014          0.5835684606700642
53.0400000000014          0.5477638616009735
53.060000000001395        0.5002113783897625
53.08000000000137         0.44811499891253215
53.10000000000138         0.4005470953599753
53.12000000000138         0.36153649678914723
53.14000000000138         0.3311269990240141
53.160000000001375        0.30816057441496314
53.18000000000137         0.2914458811714554
53.20000000000138         0.2800521620276175
53.22000000000138         0.2733411029498832
53.24000000000137         0.27094217542813975
53.260000000001384        0.272728743860845
53.28000000000138         0.2788096716755588
53.300000000001376        0.2895349197969925
53.320000000001365        0.30552665822265584
53.340000000001375        0.32768890475055157
53.36000000000136         0.35718295803364136
53.380000000001374        0.3951338685934703
53.40000000000136         0.4414721674803614
53.42000000000136         0.4921823129943929
53.44000000000134         0.5382960186507727
53.46000000000134         0.5727835485636227
53.48000000000133         0.59312403170172
53.500000000001336        0.603040255880503
53.520000000001325        0.6074931725056006
53.540000000001335        0.6094079998739526
53.56000000000133         0.610101242538292
53.58000000000132         0.6101057032956743
53.60000000000134         0.6095632353193133
53.620000000001326        0.6083324809403771
53.64000000000132         0.6058841377129526
53.66000000000131         0.6009100105161922
53.680000000001314        0.590507119642892
53.70000000000131         0.5697436787721171
53.72000000000131         0.5349133152729294
53.74000000000132         0.4885534473501747
53.76000000000133         0.4376587473441437
53.780000000001344        0.3911490809610599
53.800000000001326        0.35300482924933724
53.82000000000133         0.3232764395930001
53.84000000000133         0.3008310486543558
53.860000000001335        0.2845001502174062
53.880000000001324        0.27337096782836606
53.900000000001334        0.2668191276831339
53.92000000000133         0.26448177673364187
53.940000000001326        0.2662357239405345
53.96000000000132         0.2721885399854423
53.98000000000131         0.2826855809127299
54.00000000000131         0.29833178135286964
54.02000000000131         0.3200148703734778
54.04000000000132         0.34887415692625984
54.06000000000131         0.3860139803588347
54.0800000000013          0.4313625498171887
54.10000000000128         0.4809600283739581
54.12000000000127         0.5261184942701147
54.14000000000127         0.5597010083792833
54.16000000000126         0.5794226665937172
54.18000000000129         0.5890442914674524
54.20000000000128         0.593383403061013
54.22000000000128         0.5952650394778082
54.240000000001295        0.5959625237500276
54.260000000001284        0.5959902707402505
54.28000000000129         0.5954858675396858
54.30000000000129         0.5943127294095802
54.320000000001315        0.5919594513318873
54.3400000000013          0.5871590013120958
54.3600000000013          0.57708996653385
54.38000000000128         0.5569975717654286
54.40000000000128         0.5231060113521788
54.42000000000128         0.47772282434808305
54.44000000000127         0.4278678099890626
54.46000000000126         0.3823699557231316
54.480000000001255        0.3450691592921203
54.50000000000125         0.3159937507638408
54.520000000001254        0.2940375731110258
54.540000000001264        0.2780623485952698
54.56000000000125         0.2671774737939643
54.580000000001256        0.26077207040271466
54.600000000001266        0.25849211483625356
54.62000000000125         0.2602174738192494
54.64000000000126         0.26605267964522694
54.660000000001254        0.27633713315987285
54.68000000000125         0.2916592579655929
54.700000000001246        0.31288990785348875
54.72000000000126         0.34114137165940245
54.74000000000123         0.37749162824775667
54.760000000001256        0.42189361117691176
54.780000000001245        0.47052920999178705
54.80000000000122         0.51467124412539
54.82000000000121         0.5474477159096632
54.840000000001204        0.5666482963117582
54.86000000000121         0.5760035987638007
54.8800000000012          0.5802302932698851
54.90000000000121         0.5820733026481467
54.9200000000012          0.5827665524120356
54.94000000000122         0.5828091765895395
54.9600000000012          0.5823345990251975
54.98000000000121         0.5812096647622913
55.00000000000121         0.5789369988243644
55.02000000000121         0.5742895528146941
55.0400000000012          0.5645394496459305
55.06000000000121         0.5449926142518574
55.0800000000012          0.5119319065294854
55.10000000000121         0.46757932158847665
55.12000000000121         0.4187701413284764
55.140000000001216        0.3741959207213426
55.16000000000121         0.3376518766879426
55.18000000000121         0.3091713872394726
55.200000000001204        0.2876678038623856
55.22000000000121         0.2720257405501537
55.24000000000121         0.26137237145241066
55.260000000001206        0.2551064744736629
55.2800000000012          0.2528795435281908
55.30000000000121         0.25457401250346706
55.3200000000012          0.26029401015498344
55.340000000001204        0.27037209319286193
55.36000000000119         0.285389817921694
55.380000000001196        0.3061990713571222
55.400000000001185        0.33389183452678217
55.42000000000119         0.36952787618497024
55.440000000001184        0.41305716205391413
55.46000000000117         0.4607064822128101
55.48000000000117         0.5037589388433013
55.50000000000117         0.5358196726445098
55.520000000001176        0.5545847068728689
55.54000000000116         0.5636938369974497
55.56000000000117         0.5678051148908608
55.58000000000115         0.5696030908722183
55.600000000001145        0.5702857113145058
55.62000000000116         0.5703356610829792
55.64000000000116         0.5698815021215291
55.660000000001155        0.5687939145054249
55.680000000001165        0.5665920294365125
55.70000000000119         0.5620866243694369
55.72000000000115         0.5526233700875484
55.74000000000116         0.5335998743394414
55.76000000000114         0.5012025295844276
55.78000000000115         0.4579454334363769
55.80000000000115         0.4102068065793537
55.82000000000114         0.3664876874843133
55.84000000000114         0.33062975066787265
55.86000000000114         0.3026982544400647
55.880000000001154        0.28162097053656054
55.90000000000115         0.2662943263565654
55.920000000001146        0.2558576661441468
55.940000000001135        0.24972178704156706
55.96000000000114         0.24754536169500554
55.980000000001134        0.2492123033086504
56.000000000001144        0.2548234637706149
56.02000000000112         0.26470294548953727
56.04000000000114         0.2794282124696184
56.06000000000113         0.2998396471910404
56.08000000000112         0.3270178478269481
56.10000000000111         0.3620098220013966
56.120000000001035        0.4047328111803458
56.14000000000092         0.45136140221775023
56.160000000000586        0.4934855662858406
56.17999999999977         0.5248007018188248
56.199999999997644        0.5430736045114005
56.21999999999213         0.5519250731532708
56.23999999997808         0.5559219711178954
56.2599999999426          0.5576743545042359
56.27999999985421         0.558342977283648
56.299999999637016        0.5583957987559011
56.31999999911204         0.5579588946023981
56.33999999786798         0.5569075597920048
56.35999999499064         0.5547754191233859
56.37999998854137         0.5504060217336676
56.39999997470615         0.541200664595161
56.419999946970705        0.5226103940533042
56.43999989688011         0.49102988086268184
56.4599998179826          0.4487053160659878
56.47999971120063         0.4019198133237344
56.49999958981131         0.35904476507459043
56.519999483552986        0.323878186477445
56.53999942812616         0.29648927533768243
56.5599994316903          0.2758245999310725
56.57999946632817         0.26080201337674513
56.59999950714506         0.2505711890010366
56.6199995480354          0.2445553561462978
56.639999588925654        0.24242078816575605
56.65999962980311         0.24405483366955977
56.67999967065074         0.24955713066861793
56.69999971143297         0.2592472661149774
56.7199997520751          0.27368643719612823
56.73999979242375         0.2937005393257322
56.75999983217315         0.3203521976722051
56.77999987073231         0.3546716863790094
56.79999990701241         0.3965743497772149
56.81999993921934         0.4422836674056682
56.83999996510371         0.4836460569527052
56.85999998313382         0.5142123035481261
56.87999999362387         0.5319776409361787
56.89999999838676         0.540586347124001
56.91999999980676         0.5444806620894835
56.94000000000104         0.5461915324547677
56.960000000001045        0.5468474037375397
56.98000000000105         0.5469042487798338
57.000000000001044        0.546484710558457
57.020000000001055        0.5454677772821448
57.04000000000108         0.5433999240535572
57.06000000000105         0.5391576625438598
57.08000000000106         0.5302108791428641
57.10000000000103         0.5120992174740157
57.120000000001035        0.4813626830863279
57.14000000000104         0.43982400758286316
57.16000000000102         0.3938785999515948
57.180000000001016        0.35183629407147926
57.20000000000101         0.31736709388900336
57.220000000001015        0.2905170388447576
57.24000000000102         0.27025590281087425
57.260000000001035        0.25552382105886084
57.280000000001           0.24549321651899703
57.30000000000102         0.23959746538925206
57.32000000000102         0.23750790869426255
57.34000000000102         0.23911215950893386
57.360000000001016        0.2445093716215684
57.38000000000101         0.2540151985980132
57.400000000001           0.2681829599386571
57.420000000001004        0.2878166081282027
57.440000000001035        0.3139546753021282
57.46000000000101         0.3476036503106859
57.48000000000101         0.388703833327346
57.50000000000099         0.4336105086189905
57.520000000000984        0.4741097057179572
57.54000000000097         0.5039965647891195
57.56000000000097         0.5213213618515048
57.58000000000097         0.5296989130143314
57.60000000000096         0.5334873959503164
57.62000000000097         0.5351534256525768
57.64000000000096         0.5357937026483067
57.66000000000099         0.5358510149534298
57.680000000000966        0.535443808702989
57.70000000000097         0.5344539213898446
57.72000000000098         0.5324394212784869
57.74000000000098         0.5283087370184383
57.76000000000097         0.51960881820939
57.780000000000975        0.5019996284905894
57.80000000000096         0.47187776361633815
57.820000000000974        0.4312026974040616
57.840000000000984        0.38614940660484975
57.860000000000966        0.3449013166552356
57.88000000000097         0.31108385239682024
57.900000000000965        0.28474593135123005
57.92000000000096         0.26487478014958615
57.940000000000964        0.2504266595177947
57.96000000000097         0.24059255110488698
57.98000000000096         0.23481350334675047
58.00000000000096         0.23276757752662844
58.02000000000097         0.23434708427214923
58.04000000000095         0.2396480334606155
58.06000000000096         0.24897750507324154
58.08000000000096         0.26287864428990093
58.10000000000097         0.28214791753409596
58.120000000000935        0.3078050930536629
58.140000000000946        0.34083918183182815
58.160000000000935        0.3811864798948036
58.18000000000093         0.425241282657337
58.200000000000934        0.4649069299649297
58.22000000000093         0.4940643762547268
58.24000000000093         0.5110170244061746
58.26000000000092         0.5191787037284993
58.280000000000925        0.522861318173983
58.30000000000093         0.5244807459247522
58.320000000000945        0.5251035355933291
58.340000000000934        0.5251590284993736
58.36000000000093         0.5247609263832127
58.38000000000095         0.5237929947058596
58.40000000000093         0.5218258207949131
58.42000000000095         0.5177968424882786
58.44000000000093         0.5093115334635194
58.46000000000093         0.4921126393688118
58.48000000000091         0.46251903857027454
58.50000000000091         0.42278735417215774
58.5200000000009          0.37868558818605474
58.54000000000089         0.33820249019794524
58.56000000000089         0.3049983985628102
58.580000000000894        0.27915096813774976
58.60000000000088         0.2596597970036605
58.62000000000089         0.24549528479577612
58.640000000000896        0.23585585545638954
58.66000000000089         0.23019370720584828
58.68000000000089         0.22819247134140097
58.700000000000884        0.22974625080465824
58.7200000000009          0.23495113372980544
58.74000000000089         0.24410953201188468
58.76000000000089         0.2577506277643193
58.78000000000089         0.27666414370458
58.800000000000885        0.30185795925944026
58.8200000000009          0.3343091648319832
58.840000000000884        0.373925127873668
58.86000000000087         0.417068501459812
58.88000000000086         0.45584052730058794
58.90000000000087         0.48452114821130066
58.92000000000086         0.501104353313534
58.94000000000087         0.5090793135535027
58.96000000000085         0.5126771030456184
58.98000000000085         0.5142597433565332
59.00000000000089         0.5148681929785761
59.020000000000856        0.5149214530944546
59.040000000000866        0.5145314647360306
59.060000000000855        0.5135854338494549
59.08000000000085         0.5116649257281779
59.100000000000854        0.507733036821327
59.12000000000085         0.49943854049253456
59.14000000000084         0.4825693672092859
59.16000000000084         0.4536557054419074
59.18000000000084         0.41471596257751625
59.20000000000084         0.37145227105758094
59.22000000000085         0.33172320590971766
59.24000000000083         0.29913747104448757
59.26000000000084         0.2737740745999126
59.28000000000084         0.2546500551924032
59.30000000000086         0.24075560360599277
59.32000000000084         0.23129918536373203
59.34000000000085         0.2257448129954585
59.360000000000824        0.22378185469971748
59.38000000000084         0.2253055666474631
59.40000000000083         0.23040927861594263
59.42000000000083         0.2393915653925986
59.44000000000083         0.2527762549670201
59.46000000000083         0.27133342615862743
59.48000000000083         0.29605389147884664
59.50000000000083         0.3278979610017766
59.52000000000081         0.3667735528340798
59.540000000000816        0.4091004300393579
59.560000000000805        0.44711554959853933
59.5800000000008          0.4752847918898727
59.600000000000804        0.4914606212559756
59.620000000000815        0.4992500779745822
59.6400000000008          0.5027700328724954
59.6600000000008          0.5043197470381907
59.68000000000079         0.5049156231842237
59.70000000000079         0.504967363876241
59.72000000000079         0.5045847902365832
59.7400000000008          0.5036584305669671
59.76000000000079         0.5017795454865749
59.78000000000079         0.49793372582754597
59.8000000000008          0.4898186729533439
59.82000000000078         0.47330183935929243
59.84000000000079         0.44496799439439205
59.86000000000079         0.40680026714024237
59.880000000000784        0.36429124393503215
59.90000000000078         0.3253369534816059
59.92000000000079         0.2934022869533759
59.94000000000078         0.2685397780476804
59.960000000000775        0.24978972852051182
59.98000000000078         0.23616500465690515
60.000000000000774        0.22689558806159218
60.02000000000078         0.22145451371929387
60.04000000000077         0.21953704794793755
60.06000000000076         0.22104052917259986
60.08000000000078         0.22605668978119015
60.100000000000776        0.23487867573473245
60.12000000000078         0.2480218032363619
60.140000000000775        0.2662353842445931
60.16000000000078         0.29048838130590793
60.18000000000076         0.32171892172589817
60.20000000000077         0.359862634857395
60.220000000000745        0.4014843316643864
60.24000000000074         0.43889793933652715
60.26000000000074         0.46641835852249813
60.28000000000074         0.48228204203272323
60.30000000000073         0.4899190511090287
60.320000000000725        0.4933703026494383
60.340000000000714        0.49488996911941563
60.36000000000071         0.49547430800640674
60.38000000000072         0.4955254852333841
60.40000000000071         0.49515148723678243
60.42000000000073         0.4942449834477294
60.440000000000715        0.4924050261956844
60.46000000000071         0.48863828110791113
60.48000000000071         0.4806988835780268
60.50000000000071         0.46456389058198183
60.520000000000714        0.4368271309067512
60.540000000000724        0.3992666653518446
60.56000000000075         0.3575485255498509
60.58000000000074         0.31931527797501824
60.600000000000726        0.28797292866696783
60.62000000000072         0.2635737685919131
60.64000000000072         0.24517516998165836
60.66000000000072         0.23180766109708287
60.68000000000073         0.22271386074414423
60.70000000000073         0.21737997225586783
60.72000000000072         0.21550517620595724
60.74000000000073         0.2169889501554581
60.760000000000716        0.22192149127521554
60.780000000000726        0.2305905378836165
60.80000000000072         0.24350030646280493
60.82000000000071         0.2613909600991399
60.84000000000073         0.2852125724924788
60.86000000000072         0.3158867790125645
60.880000000000706        0.35334992074337235
60.9000000000007          0.3942249178851749
60.92000000000068         0.43095898993997095
60.94000000000068         0.4579117152694984
60.9600000000007          0.4735332616882583
60.98000000000068         0.48103545665578357
61.00000000000068         0.48442044690103087
61.020000000000664        0.48591140794824983
61.04000000000069         0.48648632468450553
61.06000000000066         0.48653908836152365
61.080000000000666        0.4861753117821952
61.10000000000066         0.4852895289094651
61.12000000000067         0.4834884444956651
61.14000000000069         0.4797977819663457
61.16000000000067         0.47201388887698625
61.180000000000675        0.4561858509596672
61.20000000000067         0.4289637536578606
61.22000000000066         0.39208253657758513
61.24000000000067         0.35119258679096826
61.26000000000065         0.3136316515547369
61.280000000000655        0.28282791669530566
61.300000000000644        0.2588582450355333
61.32000000000066         0.24079156863704698
61.34000000000066         0.22766989159458503
61.36000000000067         0.21874795773399797
61.38000000000066         0.21351684977792515
61.40000000000065         0.21168289309780397
61.42000000000066         0.21314777122796993
61.44000000000065         0.21800073727767103
61.46000000000066         0.22652485127645738
61.480000000000636        0.23921566500292535
61.50000000000063         0.2568042150988592
61.520000000000636        0.28023132589579175
61.54000000000064         0.3104068834144255
61.56000000000062         0.3472425711655818
61.580000000000624        0.38733702683108834
61.60000000000063         0.42332451590834685
61.6200000000006          0.4499152456137559
61.6400000000006          0.46525809944994095
61.660000000000586        0.47262631408272193
61.68000000000057         0.4759527279291999
61.70000000000057         0.4774202312250157
61.72000000000057         0.4779887541163704
61.74000000000056         0.4780448915895624
61.76000000000054         0.47769243687639995
61.78000000000055         0.47682799501562434
61.80000000000054         0.4750658380447629
61.82000000000053         0.4714488094713857
61.84000000000055         0.4638019806827523
61.860000000000554        0.4482101002477945
61.88000000000055         0.42142262184435375
61.90000000000057         0.3853029137361631
61.92000000000057         0.345128739615981
61.94000000000059         0.3082241003584653
61.96000000000058         0.2779598443255397
61.98000000000059         0.254411940635108
62.00000000000057         0.23666544365105438
62.02000000000058         0.22377891047785328
62.040000000000575        0.2150212819976471
62.06000000000058         0.2098892295398392
62.080000000000574        0.2080961026359207
62.10000000000057         0.20954525068104868
62.12000000000057         0.21432459556298356
62.14000000000055         0.22271339851874217
62.160000000000586        0.23520066605788434
62.18000000000056         0.25250470764455896
62.200000000000564        0.2755496249880343
62.22000000000053         0.30523137504902614
62.24000000000054         0.3414629384307214
62.260000000000524        0.3808978397222811
62.28000000000054         0.41629053018462325
62.30000000000052         0.44244069782567375
62.32000000000052         0.4575356906376108
62.34000000000051         0.4647736029216541
62.36000000000051         0.46804998402426007
62.38000000000052         0.46949966846168395
62.400000000000496        0.47006531445723204
62.42000000000051         0.470127217562859
62.440000000000495        0.4697874985526163
62.46000000000049         0.46894467832147646
62.48000000000047         0.4672197426231052
62.50000000000048         0.4636719662335502
62.52000000000051         0.45616317192509315
62.54000000000047         0.440842385158143
62.56000000000049         0.41451024442288054
62.580000000000496        0.3790064874676869
62.60000000000049         0.3394320269232833
62.620000000000495        0.3031591282280133
62.640000000000484        0.27342768011841595
62.66000000000048         0.2502886018325859
62.68000000000048         0.23284706204541358
62.70000000000049         0.22018272664455182
62.72000000000048         0.21157795306000504
62.74000000000049         0.20654191536904065
62.76000000000048         0.20479116001881015
62.78000000000049         0.20623080049972428
62.800000000000495        0.2109474240899838
62.82000000000047         0.21921581554778138
62.84000000000048         0.23151764050325113
62.86000000000047         0.24855761558795408
62.88000000000051         0.27123974754582825
62.90000000000045         0.3004427935474191
62.92000000000048         0.33610565384400987
62.94000000000047         0.37500987352460635
62.96000000000045         0.40996233490193706
62.98000000000044         0.43566267794022817
63.00000000000045         0.4504696123821832
63.020000000000465        0.45760184152995786
63.04000000000043         0.46083581194689954
63.06000000000045         0.46227263185080114
63.080000000000425        0.46283988858339603
63.10000000000046         0.46291178689410556
63.120000000000424        0.46258883401525536
63.14000000000046         0.4617706453715531
63.16000000000045         0.4600844497800476
63.18000000000045         0.4566051349030404
63.20000000000045         0.4492387183144308
63.220000000000425        0.43422434019415973
63.24000000000045         0.40836424242832325
63.26000000000041         0.37331048233967085
63.280000000000406        0.3343480024653956
63.30000000000038         0.2986334767469764
63.320000000000405        0.26936101251723626
63.340000000000366        0.2465819260468736
63.36000000000039         0.22941512693355967
63.38000000000041         0.21695418369292158
63.40000000000039         0.20849111465668627
63.42000000000039         0.2035459035763509
63.440000000000374        0.201837902742295
63.460000000000406        0.2032741647343
63.48000000000038         0.2079404479448032
63.500000000000405        0.21610763106455522
63.520000000000394        0.2282496371010758
63.540000000000404        0.24506194738251613
63.560000000000365        0.2674375352687887
63.58000000000039         0.29624318324914356
63.60000000000038         0.3314196454452623
63.620000000000374        0.3697927407703614
63.64000000000036         0.40426803886463586
63.660000000000345        0.4296197628993865
63.680000000000376        0.44422298641430863
63.70000000000035         0.4512757495091777
63.72000000000035         0.4544754885254607
63.740000000000336        0.4559041607273575
63.76000000000036         0.45647677628440714
63.78000000000032         0.4565618054619935
63.80000000000033         0.45625809643836024
63.820000000000334        0.45546708807806546
63.84000000000033         0.45382095013654694
63.86000000000032         0.45040787968696516
63.8800000000003          0.4431627816662863
63.90000000000033         0.4283744906158173
63.92000000000032         0.4028848335799275
63.940000000000346        0.3683211422332563
63.96000000000032         0.32995721664200484
63.98000000000033         0.29471768557648964
64.00000000000033         0.26582321087013816
64.02000000000032         0.24334891284659413
64.04000000000032         0.22642097860354468
64.06000000000031         0.21413998025502548
64.08000000000031         0.20580641937834326
64.1000000000003          0.20094295524935493
64.1200000000003          0.19927457809570162
64.14000000000031         0.2007099542847633
64.16000000000031         0.20533441315632836
64.1800000000003          0.2134162859539147
64.20000000000029         0.22542435243575287
64.22000000000031         0.24204929904557188
64.24000000000031         0.2641797794069408
64.26000000000029         0.292675594467051
64.2800000000003          0.32745448358366314
64.30000000000028         0.36530563703241564
64.32000000000028         0.39927695988703377
64.34000000000026         0.4243837628077458
64.36000000000027         0.4388810777324854
64.38000000000027         0.4458631553656015
64.40000000000029         0.4490402777894359
64.42000000000029         0.45046882193398047
64.44000000000028         0.45105249123769364
64.46000000000028         0.45115522736362856
64.4800000000003          0.4508747060815808
64.50000000000027         0.45011421084162795
64.52000000000025         0.4485102406108936
64.5400000000003          0.4451611355416746
64.5600000000003          0.4380152472324183
64.5800000000003          0.4233725297515123
64.60000000000028         0.39815163590656905
64.62000000000023         0.36410393720569034
64.64000000000023         0.32620620089825536
64.66000000000024         0.29138616537755063
64.68000000000022         0.2628372111266932
64.70000000000022         0.2406344969854854
64.72000000000021         0.22391483044382354
64.74000000000022         0.21178951913336003
64.7600000000002          0.20356740229514117
64.78000000000023         0.19877754084002985
64.80000000000024         0.19714660855042684
64.82000000000023         0.1985860090617416
64.84000000000022         0.20318056469669915
64.86000000000023         0.2111963223230201
64.88000000000022         0.22309860155440642
64.9000000000002          0.23957116037439133
64.92000000000023         0.26149370095656754
64.94000000000023         0.2897192587392125
64.96000000000019         0.32416690989918096
64.9800000000002          0.3616578046607727
65.0000000000002          0.39530883382257676
65.02000000000022         0.4201852726886656
65.04000000000019         0.43456536500578585
65.0600000000002          0.4414910421976109
65.08000000000021         0.4446615505611556
65.1000000000002          0.44610209708253973
65.1200000000002          0.4467064487196953
65.1400000000002          0.44683507996622884
65.16000000000024         0.4465847341670724
65.18000000000019         0.4458590773183466
65.20000000000019         0.4442983856983387
65.22000000000021         0.4410093400025406
65.24000000000018         0.4339594748156506
65.2600000000002          0.4194822166054661
65.28000000000017         0.3945223391524428
65.30000000000018         0.36081254662651957
65.32000000000015         0.32322220685122993
65.34000000000015         0.28875323547624215
65.36000000000014         0.2605061601482636
65.38000000000012         0.2385336260755228
65.40000000000013         0.22198589664443452
65.42000000000014         0.20998802317868803
65.44000000000014         0.20185780665800546
65.46000000000015         0.1971291415751524
65.48000000000015         0.19553364176296997
65.50000000000011         0.1969828551608812
65.52000000000012         0.20156167344898906
65.54000000000013         0.20953488005543294
65.56000000000016         0.2213649014092463
65.58000000000014         0.23773062062783587
65.60000000000016         0.25948909129941267
65.62000000000013         0.28749454748365616
65.64000000000011         0.3216889944814121
65.66000000000012         0.3589932632019063
65.68000000000012         0.39252041815767225
65.70000000000012         0.4171972722899651
65.72000000000008         0.43144909295660494
65.74000000000008         0.4383587756975832
65.76000000000009         0.44154171541818504
65.7800000000001          0.44300806410851756
65.8000000000001          0.4436449305908044
65.82000000000012         0.44381011763377143
65.84000000000006         0.4435996168066166
65.86000000000006         0.44291704208666255
65.88000000000007         0.4414050678746294
65.90000000000008         0.4381763478403587
65.92000000000009         0.4312207940500594
65.94000000000007         0.4169234260568514
65.96000000000006         0.3922020587437745
65.98000000000009         0.35863113765508375
66.00000000000007         0.32127980651726185
66.02000000000011         0.28703044063775623
66.04000000000008         0.25896032489960336
66.06000000000009         0.23712425963970452
66.08000000000007         0.22067912929274325
66.10000000000007         0.20875605763384347
66.12000000000006         0.20067736111131362
66.14000000000009         0.1959793719482341
66.16000000000005         0.1943974418339499
66.18000000000006         0.19584258842126057
66.20000000000005         0.20039937300546087
66.22000000000007         0.2083310127174991
66.24000000000005         0.22009688597069127
66.26000000000008         0.23637068528086036
66.28000000000004         0.2580173029054287
66.30000000000005         0.2858770992829353
66.32000000000004         0.3198981274852799
66.34000000000006         0.35702180801971206
66.36000000000004         0.39040195278330164
66.38000000000002         0.41499184755371227
66.4                      0.4292198608770814
66.42000000000002         0.4361512682069756
66.44000000000004         0.43937308628555477
66.46000000000001         0.44088681609351965
66.48000000000002         0.44157353381873615
66.5                      0.44178564292905087
66.52                     0.44161256893260914
66.53999999999998         0.44094760581080056
66.55999999999999         0.4394127286056134
66.58                     0.4360807644004027
66.6                      0.4288618842721352
66.62                     0.41400913400777006
66.64                     0.38800711472066474
66.65558894446797         0.3612159282167339
66.66488376043053         0.3411640220755397
66.6705375521863          0.32962205384993704
66.68349343131882         0.3026377863613131
66.70207265404488         0.26796982002874065
66.71248666076772         0.24925051358491648
66.74640198485245         0.20454775539011358
66.75200934835706         0.19745645077938898
66.75365722902335         0.19528160352049523
66.8005063098791          0.15264848633363962
66.81570786755704         0.1427402367328494
66.84                     0.12974305050034876
