% Model:              ModelBHUp.mph
% Version:            COMSOL 5.6.0.280
% Date:               Oct 20 2021, 19:03
% Dimension:          1
% Nodes:              998
% Expressions:        1
% Description:        线图
% cln2x                   Height
23.400000000000006        0.11469897351371951
23.40285719551799         0.11548206594020682
23.448370252625374        0.12737088072080976
23.501646606006634        0.1456905945540607
23.54815567659868         0.16721319344613333
23.57881859341094         0.18531931998793646
23.625691863876053        0.2229373846414098
23.638926316094235        0.2359043770308142
23.68579031036268         0.29879494897492653
23.687036827590873        0.29978234289946254
23.687443778350016        0.30033057115680484
23.728449215820042        0.38122507188271787
23.73700457535107         0.4036504551417461
23.757300457893425        0.4613213370417067
23.762405982309843        0.4773174392349574
23.765547287387722        0.48476626118765703
23.782595591452292        0.5398664293732112
23.800000000000004        0.5875497203446118
23.82000000000065         0.6278785970446653
23.840000000001123        0.6524850672382123
23.86000000000139         0.6646908220774576
23.8800000000015          0.6699290163790539
23.900000000001548        0.6713935313949624
23.920000000001547        0.6700234210605814
23.940000000001554        0.6649364647176044
23.960000000001564        0.6530177978705697
23.98000000000157         0.6288430373429891
24.00000000000158         0.5884366286189074
24.020000000001605        0.534433432951907
24.040000000001616        0.4750329843620409
24.060000000001622        0.419727133989068
24.08000000000163         0.37283224587276576
24.10000000000163         0.3344208111799503
24.12000000000162         0.3032228219221133
24.140000000001635        0.2778599633041885
24.16000000000163         0.2571638078747217
24.180000000001623        0.24020955919850484
24.200000000001634        0.22628123954384896
24.220000000001633        0.21482797712680538
24.240000000001626        0.20542600541870432
24.26000000000164         0.19774877894509915
24.280000000001635        0.19154440367956294
24.30000000000163         0.1866194684127166
24.320000000001635        0.18282596597963074
24.34000000000164         0.18005407541849533
24.36000000000164         0.17822444346820696
24.380000000001633        0.17728405666667835
24.40000000000164         0.17720330655743433
24.42000000000164         0.17797436350284923
24.44000000000164         0.17961073819332482
24.460000000001635        0.18214796411483625
24.480000000001642        0.18564544179609116
24.50000000000164         0.19018960865106718
24.520000000001648        0.19589869511673116
24.540000000001644        0.20292949531831778
24.560000000001647        0.21148677961934376
24.580000000001647        0.2218374443347604
24.600000000001653        0.23432332195412262
24.620000000001642        0.24939068190927743
24.640000000001645        0.2676168912344878
24.660000000001645        0.2897503260922549
24.680000000001648        0.3167555024566747
24.700000000001644        0.3498475978837627
24.720000000001637        0.39045368821697524
24.74000000000163         0.4398867536508934
24.760000000001614        0.49811253394207033
24.7800000000016          0.5608105126020178
24.800000000001578        0.6179138467438499
24.820000000001567        0.6608376930327234
24.840000000001556        0.6867339738137539
24.860000000001573        0.6996296425386132
24.880000000001562        0.7051983835122875
24.900000000001572        0.7067786601361925
24.92000000000156         0.7053402913345043
24.94000000000156         0.6999155994652189
24.960000000001575        0.6871716752611329
24.980000000001578        0.6614196455509926
25.0000000000016          0.6186324124360255
25.020000000001613        0.5616555480286959
25.040000000001626        0.49908222331941743
25.060000000001637        0.44099030164705466
25.080000000001636        0.391706116362999
25.100000000001636        0.3512641310628417
25.120000000001646        0.3183489283058912
25.140000000001645        0.29153132951940447
25.16000000000164         0.26959922102741196
25.18000000000164         0.25158516999342617
25.20000000000164         0.23673938501466896
25.220000000001644        0.22448443466417273
25.240000000001647        0.21437565507761283
25.260000000001654        0.2060701378442668
25.280000000001642        0.1993032688732576
25.300000000001653        0.19387117663615905
25.32000000000165         0.18961798507784042
25.340000000001652        0.18642669011395321
25.36000000000166         0.1842124502639939
25.38000000000166         0.18291780974363664
25.400000000001654        0.18250956028014917
25.420000000001657        0.18297691202642113
25.440000000001653        0.1843310471358195
25.46000000000166         0.18660557435433914
25.480000000001652        0.18985831560197508
25.50000000000166         0.19417446505761385
25.52000000000165         0.19967138684426447
25.540000000001662        0.20650541061163283
25.560000000001658        0.21488124167610445
25.58000000000166         0.22506481661586197
25.60000000000166         0.23740069709867184
25.62000000000167         0.25233554393075996
25.640000000001667        0.27044925620755766
25.660000000001663        0.29249465254577867
25.68000000000166         0.31944396996710694
25.700000000001662        0.35251337700353874
25.720000000001654        0.3931422122345098
25.740000000001647        0.44265500527894797
25.76000000000163         0.5010277943925886
25.780000000001607        0.5639384039373266
25.80000000000159         0.6212897675575414
25.82000000000158         0.6644419547811271
25.840000000001577        0.6905124497430245
25.860000000001573        0.7035174464587552
25.880000000001566        0.7091604040786705
25.90000000000158         0.7107893128020446
25.920000000001576        0.7093757928617628
25.940000000001575        0.7039359099033425
25.96000000000159         0.691122674101075
25.980000000001596        0.66521455430178
26.000000000001613        0.6221790477539345
26.020000000001637        0.564886060284554
26.040000000001637        0.5019827976221403
26.060000000001647        0.4435888253759315
26.08000000000165         0.39404466857507364
26.100000000001653        0.3533845845235981
26.120000000001653        0.32028844997788497
26.140000000001656        0.2933214933501945
26.160000000001663        0.2712623400408312
26.18000000000166         0.25314151364546666
26.20000000000166         0.23820646779763308
26.22000000000165         0.22587562614169987
26.240000000001658        0.215704593848137
26.260000000001654        0.20734590426671515
26.280000000001657        0.2005326895303966
26.30000000000166         0.19505968766859832
26.32000000000167         0.1907702565248045
26.34000000000166         0.1875468315763273
26.36000000000167         0.18530409094765043
26.380000000001676        0.18398419505238656
26.400000000001675        0.18355365885941796
26.420000000001664        0.1840015392475779
26.440000000001668        0.18533877192484005
26.460000000001667        0.18759877538396239
26.480000000001677        0.19083934042558914
26.500000000001673        0.19514554606733447
26.52000000000167         0.20063536454564596
26.54000000000167         0.20746529558256918
26.560000000001676        0.21584049573910472
26.58000000000168         0.22602753317183516
26.600000000001675        0.23837190741677855
26.620000000001678        0.253321607352415
26.640000000001685        0.27145828016346235
26.660000000001684        0.2935369361637383
26.680000000001673        0.32053173730562257
26.70000000000167         0.3536724994500121
26.720000000001658        0.3944086590043143
26.74000000000165         0.4440768093234651
26.76000000000164         0.5025176376584404
26.78000000000162         0.5655971280842879
26.800000000001603        0.6231248255951132
26.820000000001592        0.6664305080002
26.840000000001584        0.6926143063538681
26.860000000001587        0.7056910783691137
26.880000000001584        0.7113769036211369
26.900000000001583        0.7130320925043335
26.920000000001586        0.711633268477254
26.94000000000158         0.7061979571621122
26.960000000001585        0.6933353068431946
26.9800000000016          0.6672706535578113
27.000000000001616        0.624067466141454
27.02000000000163         0.5667662773581296
27.040000000001655        0.5036805760490738
27.060000000001654        0.4451367172208787
27.08000000000166         0.3954651908369401
27.100000000001664        0.35470013667478223
27.120000000001678        0.32151960535232216
27.140000000001667        0.29448584858278115
27.160000000001663        0.2723737647435319
27.180000000001677        0.2542104054878815
27.20000000000167         0.23924097724387666
27.220000000001665        0.22688334838866636
27.240000000001665        0.2166887290545557
27.260000000001664        0.20831091056798356
27.280000000001664        0.20148277689154873
27.300000000001667        0.1959987505889821
27.320000000001677        0.19170152635900065
27.340000000001684        0.18847324102305998
27.360000000001683        0.18622751968048898
27.38000000000168         0.18490599541172764
27.400000000001672        0.18447487360302886
27.420000000001686        0.18492305986488408
27.440000000001675        0.18626153546966537
27.460000000001678        0.18852392176006524
27.48000000000168         0.19176826523902368
27.500000000001677        0.1960801870191632
27.520000000001687        0.2015776630911264
27.54000000000168         0.20841784938761024
27.560000000001683        0.21680655181308256
27.580000000001693        0.22700995137378283
27.60000000000169         0.23937653887275911
27.62000000000169         0.2543548083614615
27.640000000001685        0.27252814117087065
27.660000000001684        0.29465387163010504
27.680000000001694        0.32170942306453615
27.70000000000169         0.3549289654459945
27.720000000001683        0.39576700581847335
27.74000000000167         0.44556461457767
27.76000000000165         0.5042689647107341
27.78000000000164         0.5674416589340849
27.800000000001617        0.6250028660983435
27.820000000001603        0.6685077394070436
27.840000000001606        0.694881506189576
27.860000000001595        0.7080366883783744
27.88000000000159         0.7137575289636722
27.90000000000161         0.7154319000233125
27.9200000000016          0.71403996681191
27.940000000001596        0.7085941327994931
27.9600000000016          0.6956896270449123
27.980000000001606        0.6695356430796418
28.000000000001627        0.6261942145443947
28.02000000000165         0.5687199894915989
28.04000000000166         0.5055650688708142
28.060000000001676        0.4468362797166711
28.080000000001675        0.3969947538761001
28.10000000000167         0.35610621151158556
28.120000000001678        0.32283661032591426
28.140000000001677        0.2957388316099755
28.160000000001673        0.2735754276593645
28.180000000001673        0.2553722976363714
28.200000000001673        0.24037209823169076
28.22000000000169         0.22799039871770654
28.240000000001675        0.21777700048347468
28.260000000001686        0.20938479637856555
28.28000000000168         0.20254548002484085
28.30000000000168         0.19705244682752016
28.32000000000168         0.19274797696227292
28.34000000000168         0.18951369818359204
28.36000000000168         0.18726373615499747
28.3800000000017          0.1859398854491651
28.400000000001686        0.18550827550031218
28.420000000001693        0.1859575627199831
28.44000000000169         0.18729842813998113
28.46000000000169         0.18956443083039148
28.480000000001695        0.1928137261068902
28.500000000001695        0.1971321799921242
28.52000000000169         0.202638143342711
28.5400000000017          0.2094892918842134
28.560000000001693        0.21789212655161116
28.580000000001696        0.2281149711809626
28.600000000001693        0.24050559480205316
28.620000000001696        0.2555148836220502
28.640000000001695        0.2737281178396954
28.660000000001695        0.2959047482938671
28.680000000001698        0.3230233056585769
28.700000000001694        0.3563283151390226
28.7200000000017          0.39727603842075726
28.74000000000169         0.4472120047896619
28.760000000001675        0.5060865976709609
28.780000000001657        0.5694575805831124
28.80000000000164         0.6272209204020462
28.820000000001617        0.6708892843513178
28.840000000001616        0.6973730232970851
28.86000000000161         0.7105943449509854
28.880000000001623        0.7163446335799653
28.90000000000162         0.718030353099086
28.92000000000162         0.7166361525702154
28.940000000001625        0.7111708712762586
28.960000000001635        0.6982212893940818
28.980000000001635        0.6719669083467624
29.000000000001656        0.6284735380257263
29.020000000001648        0.5708115013478733
29.04000000000167         0.5074679444924526
29.060000000001676        0.4485737950896448
29.08000000000168         0.3985971775818141
29.10000000000168         0.3576026686050139
29.120000000001664        0.32425187457747945
29.14000000000166         0.29708856312978127
29.160000000001666        0.2748754204029802
29.180000000001677        0.2566325581576018
29.200000000001673        0.24160113557483712
29.220000000001676        0.2291971689813079
29.24000000000168         0.21896585627767018
29.260000000001686        0.21055969820732878
29.280000000001678        0.20370883956077604
29.300000000001678        0.19820731259669586
29.320000000001688        0.19389721274192587
29.340000000001687        0.19065914009763876
29.36000000000168         0.18840652421917362
29.38000000000168         0.18708076607110982
29.400000000001686        0.1866479205664184
29.420000000001696        0.18709686979642728
29.44000000000169         0.1884387314590331
29.46000000000169         0.1907073510455763
29.48000000000169         0.19396098507534934
29.500000000001695        0.19828583191919005
29.520000000001694        0.20380014773913882
29.540000000001694        0.210662243896562
29.560000000001697        0.21907932124020174
29.580000000001704        0.22932065214076375
29.6000000000017          0.24173526169375478
29.6200000000017          0.2567756864042438
29.640000000001706        0.2750293666420857
29.660000000001702        0.2972585632971892
29.680000000001705        0.3244461107395672
29.7000000000017          0.3578307372683903
29.7200000000017          0.398868661019219
29.740000000001693        0.4489045737861418
29.760000000001675        0.5079253461338896
29.780000000001657        0.5716043177612351
29.800000000001635        0.6295713376515143
29.820000000001627        0.6734136730327813
29.840000000001623        0.7000213846898321
29.860000000001627        0.7133153446580487
29.880000000001615        0.7191022641037673
29.900000000001626        0.720803257270195
29.920000000001625        0.7194083273174172
29.940000000001618        0.7139222425413291
29.960000000001635        0.7009317609967668
29.980000000001635        0.6746500165449367
30.000000000001656        0.6310346115708781
30.020000000001673        0.5730158228997013
30.04000000000168         0.5094881778310545
30.06000000000169         0.4504192272697954
30.080000000001704        0.40030087029227734
30.1000000000017          0.3591947844150464
30.120000000001703        0.3257576829192013
30.1400000000017          0.29852909273135136
30.160000000001702        0.2762672807479816
30.1800000000017          0.25798737118989984
30.2000000000017          0.24292595359890554
30.2200000000017          0.2304957412918843
30.240000000001704        0.22024489679503653
30.26000000000171         0.21182424155480895
30.280000000001717        0.20496373565300893
30.30000000000171         0.1994552854821419
30.320000000001706        0.19513995365876177
30.340000000001698        0.19189760147128407
30.360000000001715        0.18964193804909574
30.38000000000172         0.18831464107435014
30.40000000000171         0.18788147888957185
30.42000000000171         0.1883310131572224
30.44000000000172         0.18967422400414416
30.46000000000171         0.19194502664678456
30.48000000000172         0.19520205233035268
30.50000000000171         0.19953182221733937
30.520000000001716        0.20505351891537382
30.54000000000172         0.2119258312808149
30.56000000000172         0.22035659593163692
30.580000000001718        0.23061597916413346
30.60000000000172         0.2430560099650477
30.620000000001724        0.25812809961079447
30.64000000000172         0.2764231465980062
30.66000000000172         0.29870631095119754
30.68000000000172         0.325964088651608
30.700000000001715        0.35943972926122086
30.72000000000171         0.40059506549661533
30.740000000001704        0.4507808188911023
30.760000000001686        0.5099870944362359
30.78000000000167         0.5738641833974422
30.80000000000165         0.6322019378915243
30.82000000000164         0.6761837364149064
30.840000000001638        0.7028365161001947
30.860000000001634        0.7161869018512477
30.880000000001647        0.7220082726544816
30.900000000001636        0.7237224616827106
30.920000000001643        0.7223248686130219
30.940000000001646        0.7168154853058519
30.960000000001656        0.7037650081118133
30.980000000001667        0.6773672657424025
31.00000000000167         0.6335781752448717
31.02000000000168         0.5753470180266753
31.04000000000169         0.5115010884875736
31.0600000000017          0.452280250142065
31.080000000001704        0.4020588652740358
31.100000000001696        0.36086154063139614
31.120000000001696        0.32734491316502595
31.140000000001717        0.30004764596250516
31.160000000001705        0.27773459930786193
31.18000000000171         0.25941718976811
31.200000000001708        0.24432870277123847
31.220000000001704        0.23187796065707791
31.240000000001718        0.22160993462624076
31.260000000001718        0.21317475273107714
31.280000000001724        0.2063026913372699
31.300000000001724        0.20078549349875424
31.320000000001734        0.1964636696924239
31.340000000001726        0.19321729396955406
31.360000000001712        0.19095921699047755
31.380000000001726        0.18963039703481918
31.400000000001732        0.18919654596046445
31.420000000001718        0.18964627072260012
31.44000000000173         0.1909905889288272
31.460000000001724        0.19326350909675477
31.480000000001723        0.19652381298727142
31.500000000001734        0.2008582682393491
31.520000000001705        0.20638648568759824
31.54000000000174         0.21326785421756517
31.560000000001732        0.22171114612086362
31.580000000001732        0.2319876319903172
31.60000000000173         0.2444489363384084
31.62000000000173         0.25955107383264486
31.640000000001724        0.2778862106557344
31.660000000001716        0.30022310987504336
31.680000000001726        0.3275545284810192
31.70000000000172         0.36112265191103643
31.720000000001725        0.40239847193259265
31.740000000001718        0.4527389101621858
31.760000000001703        0.5121372735504531
31.780000000001696        0.5762369887149151
31.800000000001667        0.6348007655208722
31.820000000001652        0.6789706498376907
31.84000000000166         0.7057534851902639
31.860000000001637        0.7191720400845668
31.880000000001644        0.725030581421971
31.900000000001643        0.7267614987564348
31.920000000001643        0.7253644135834945
31.94000000000164         0.7198323573677268
31.960000000001653        0.7067137181032669
31.980000000001674        0.6801951126007637
32.000000000001684        0.6362255472948347
32.02000000000169         0.5777740002513682
32.04000000000172         0.5137094855931172
32.060000000001715        0.4542993789048272
32.080000000001704        0.4039254180380431
32.10000000000173         0.36260977313478276
32.120000000001724        0.32900326132719593
32.140000000001706        0.3016410370491806
32.16000000000172         0.27927601256863727
32.18000000000171         0.26091861780506403
32.20000000000173         0.2458009730010194
32.22000000000171         0.23333027023633415
32.240000000001736        0.2230481323421024
32.26000000000172         0.21460345055058339
32.28000000000173         0.2077226467395511
32.300000000001724        0.2021972039770497
32.320000000001734        0.19786842546042602
32.34000000000173         0.19461672168576444
32.360000000001726        0.1923548514675969
32.38000000000173         0.1910234601207024
32.40000000000174         0.19058803547507205
32.42000000000174         0.1910371245964351
32.440000000001746        0.19238174787083717
32.460000000001735        0.19465598969153314
32.48000000000173         0.19791882278613745
32.500000000001734        0.20225708348808188
32.52000000000175         0.2077911727012422
32.54000000000175         0.21468091358164584
32.56000000000175         0.22313587620656952
32.580000000001746        0.23342843928138188
32.60000000000174         0.24591170702216208
32.62000000000175         0.2610435910457197
32.64000000000174         0.2794186705424875
32.660000000001745        0.3018088301963217
32.68000000000174         0.32921020393070605
32.70000000000175         0.3628804271703573
32.72000000000174         0.4043018023462621
32.74000000000173         0.4548439767931147
32.7600000000017          0.5144704957091762
32.7800000000017          0.578694391598167
32.800000000001674        0.6374939046412217
32.82000000000166         0.6818555815732426
32.84000000000165         0.708768026776538
32.86000000000166         0.7222583078180623
32.88000000000165         0.7281521351888433
32.900000000001654        0.7298983917092365
32.920000000001664        0.7285019862938812
32.94000000000165         0.7229503551751933
32.96000000000167         0.70975965225767
32.980000000001674        0.6830426143995652
33.0000000000017          0.6388526622589956
33.02000000000171         0.5803314971746417
33.04000000000172         0.516132038368191
33.06000000000173         0.4564193282346204
33.080000000001725        0.40588895127754093
33.10000000000173         0.3644516798676957
33.12000000000173         0.3307525035526326
33.14000000000173         0.30332103280927236
33.16000000000172         0.28090495460060694
33.18000000000173         0.2625094825883312
33.20000000000173         0.2473625627459621
33.22000000000173         0.2348694114517295
33.24000000000173         0.22457226351221554
33.26000000000173         0.21611771552316722
33.28000000000175         0.20923241339077503
33.300000000001745        0.20370555471956833
33.32000000000174         0.19937588995244623
33.34000000000174         0.1961220870327607
33.36000000000174         0.19385686708887526
33.38000000000174         0.1925216514397385
33.40000000000174         0.1920829279552416
33.42000000000174         0.19252964300232828
33.440000000001746        0.1938729214407999
33.46000000000175         0.19614692832411448
33.48000000000175         0.19941079350768504
33.50000000000175         0.2037518642112914
33.52000000000175         0.2092906088681298
33.540000000001754        0.21618761185122928
33.56000000000176         0.2246532775585345
33.58000000000176         0.2349611004768655
33.60000000000177         0.24746390408762065
33.62000000000175         0.26262432701134253
33.64000000000176         0.2810382509564635
33.660000000001766        0.30348087367297794
33.68000000000175         0.33095265499733706
33.70000000000176         0.36471675976698054
33.720000000001754        0.40626217125856023
33.740000000001736        0.45696544295833813
33.76000000000173         0.5167940053932906
33.78000000000171         0.5812718273690946
33.80000000000169         0.6401582375518605
33.820000000001684        0.6847621527669064
33.840000000001666        0.7118971947436461
33.86000000000166         0.725489293046224
33.88000000000166         0.7314201822677653
33.90000000000167         0.7331866758162295
33.92000000000166         0.7317933078877101
33.94000000000167         0.7262204254626743
33.96000000000167         0.7129654759197422
33.98000000000168         0.6861211219622668
34.0000000000017          0.6417421695436141
34.02000000000172         0.5829939633811961
34.040000000001726        0.5185671170229643
34.060000000001736        0.4587332093768733
34.08000000000174         0.40799910985750826
34.10000000000175         0.3664155390955824
34.12000000000175         0.3326146077951175
34.14000000000176         0.3051108354877223
34.16000000000175         0.28264535810277946
34.18000000000175         0.26421109546580224
34.20000000000175         0.24903649750903675
34.22000000000175         0.23652385599822717
34.24000000000176         0.22621213717147662
34.26000000000175         0.21774557725273253
34.28000000000175         0.21085000959443637
34.30000000000176         0.20531515507173642
34.32000000000176         0.20098058763893936
34.34000000000175         0.1977253577171453
34.360000000001754        0.19546127323548732
34.38000000000175         0.19412827227670565
34.40000000000176         0.19369123327899615
34.42000000000177         0.19413819274392044
34.44000000000176         0.19548014965816024
34.46000000000178         0.19775218708482456
34.480000000001766        0.20101465936122728
34.50000000000177         0.2053557308658637
34.52000000000176         0.210896456316269
34.54000000000176         0.21779804744717166
34.56000000000177         0.22627172279500443
34.580000000001775        0.2365920722958311
34.60000000000178         0.24911513730562776
34.620000000001774        0.26430268124869205
34.64000000000178         0.2827542413662675
34.66000000000177         0.30524786716905283
34.680000000001776        0.3327868356164126
34.700000000001765        0.36664387112086777
34.72000000000177         0.4083141220176065
34.74000000000176         0.4591806235865802
34.76000000000173         0.519215065511943
34.78000000000172         0.5839346301137364
34.80000000000171         0.6430694895495476
34.82000000000169         0.6878842995963104
34.84000000000168         0.7151694488906583
34.860000000001676        0.7288500176767855
34.88000000000168         0.7348323957517064
34.9000000000017          0.7366212374508976
34.920000000001686        0.7352331146509479
34.94000000000169         0.7296434714864244
34.9600000000017          0.7163509165640153
34.9800000000017          0.6893660373422618
35.00000000000173         0.6447963434022744
35.02000000000173         0.5858132473679185
35.040000000001754        0.5211502497595423
35.06000000000176         0.4611108122444139
35.08000000000175         0.4102115198833521
35.10000000000175         0.36850023983468905
35.120000000001745        0.33460252251821
35.14000000000174         0.3070265112047846
35.16000000000176         0.28450490718913773
35.18000000000177         0.26603294782826875
35.200000000001765        0.2508312187004187
35.220000000001754        0.23829889395107803
35.24000000000176         0.22797411553641594
35.26000000000175         0.21949819155542682
35.28000000000177         0.21259753914381696
35.30000000000176         0.20706021985724404
35.32000000000178         0.2027239708104327
35.34000000000177         0.19946672521662656
35.360000000001776        0.19719976762474403
35.38000000000177         0.19586318242423142
35.400000000001775        0.19542294483620426
35.42000000000178         0.19586836438063582
35.44000000000177         0.1972108788655895
35.46000000000178         0.19948487258874853
35.48000000000177         0.20274975840531428
35.50000000000179         0.20709328305694882
35.52000000000177         0.2126368228745384
35.54000000000177         0.21954144607887338
35.56000000000178         0.228019922135535
35.58000000000178         0.23834884843796708
35.600000000001785        0.25088630974679155
35.62000000000179         0.26609626891107363
35.640000000001784        0.28458098092604006
35.66000000000177         0.30712203343196365
35.68000000000179         0.3347273328037822
35.70000000000178         0.36866759511278885
35.72000000000177         0.4104378905707366
35.74000000000177         0.4614232285964511
35.76000000000175         0.5216333525597692
35.780000000001735        0.5866861000854935
35.80000000000171         0.6460955958358523
35.8200000000017          0.6911378694876484
35.840000000001695        0.7185929302583578
35.86000000000169         0.7323813416321313
35.880000000001694        0.7384282433168472
35.9000000000017          0.7402573619396283
35.92000000000171         0.7388919729888298
35.94000000000171         0.7333005353214989
35.96000000000173         0.7199607439317856
35.98000000000172         0.6929573544654568
36.00000000000173         0.6482365956464906
36.020000000001744        0.5888523001393668
36.040000000001776        0.5238532705033052
36.060000000001764        0.4637088758567686
36.08000000000175         0.4126360527161035
36.100000000001764        0.37078987978819117
36.12000000000176         0.3367894765329619
36.14000000000178         0.3091365747804714
36.16000000000176         0.28655826972826015
36.18000000000177         0.2680448778534813
36.200000000001765        0.25281315481561767
36.22000000000178         0.24025946912664886
36.24000000000177         0.22991900285236294
36.26000000000177         0.22143355288078836
36.28000000000176         0.2145266548895341
36.30000000000177         0.2089851678079621
36.32000000000178         0.2046461005246248
36.34000000000176         0.20138711804258466
36.36000000000178         0.1991190656964378
36.38000000000178         0.19778224409869463
36.40000000000178         0.1973422894326514
36.42000000000177         0.1977878858912292
36.44000000000178         0.19913011765398472
36.460000000001784        0.201403273821988
36.48000000000179         0.2046668013365019
36.50000000000178         0.20900874719463752
36.52000000000178         0.21455120469247363
36.540000000001804        0.22145747151858275
36.56000000000179         0.22994109255292017
36.580000000001796        0.24027918110861504
36.600000000001785        0.2528309200596126
36.62000000000179         0.2680646450263531
36.6400000000018          0.28658146486875297
36.660000000001794        0.3091685798501792
36.6800000000018          0.336839185499071
36.7000000000018          0.3708710360464295
36.72000000000179         0.41276781456366585
36.74000000000178         0.46392392114612135
36.76000000000176         0.5243564537757086
36.78000000000175         0.5896796887407332
36.800000000001724        0.649511031979581
36.82000000000171         0.6947560693746817
36.8400000000017          0.7223051621620059
36.8600000000017          0.7361854698755778
36.8800000000017          0.7423110372586825
36.9000000000017          0.7441929807987931
36.920000000001714        0.7428645500854887
36.940000000001696        0.7372872962299305
36.960000000001706        0.7239181073104531
36.980000000001716        0.6968116431820465
37.00000000000174         0.6519030660286917
37.02000000000175         0.592261722029309
37.040000000001776        0.5269985220769597
37.06000000000178         0.4665452701892305
37.08000000000179         0.41533083821128264
37.10000000000179         0.37336433690022924
37.120000000001795        0.339264262452342
37.140000000001784        0.3115326765501735
37.16000000000178         0.28889084502513485
37.18000000000178         0.2703327015175862
37.20000000000179         0.2550678070959195
37.220000000001804        0.24248945428441734
37.240000000001785        0.2321306208771789
37.26000000000178         0.2236317473729395
37.2800000000018          0.21671548295176404
37.300000000001795        0.21116777277977172
37.3200000000018          0.20682475821255797
37.340000000001794        0.2035632679743284
37.360000000001826        0.2012938280288659
37.3800000000018          0.19995583922332463
37.4000000000018          0.1995144535647989
37.4200000000018          0.19995836269691739
37.4400000000018          0.20129877225345963
37.460000000001806        0.20357020315756472
37.4800000000018          0.20683240211748605
37.5000000000018          0.21117375330976287
37.520000000001815        0.2167164855163226
37.540000000001825        0.2236241090638415
37.56000000000181         0.23211103003719716
37.5800000000018          0.24245567744208604
37.60000000000181         0.25501894253252694
37.62000000000181         0.2702690276980586
37.640000000001805        0.2888142605543788
37.66000000000181         0.3114450745539906
37.680000000001804        0.33918239464323463
37.70000000000181         0.3733078030934829
37.72000000000181         0.41533499710710337
37.74000000000178         0.46666949807099906
37.76000000000178         0.5273358616538163
37.78000000000174         0.59294353006423
37.80000000000175         0.653080764358851
37.82000000000172         0.6986054453972279
37.84000000000172         0.7263723274464359
37.8600000000017          0.7404007948162898
37.88000000000171         0.7466216714329699
37.900000000001704        0.7485778649763043
37.92000000000171         0.7473045879885077
37.9400000000017          0.741753080975929
37.96000000000172         0.7283308997777046
37.980000000001745        0.7011249204509857
38.00000000000175         0.6560115836622997
38.02000000000177         0.5961022082566034
38.04000000000179         0.5305604506474692
38.06000000000179         0.46986049646778083
38.08000000000181         0.4184465617219669
38.10000000000179         0.37632641848618714
38.1200000000018          0.34211131552432955
38.1400000000018          0.31429511513749125
38.160000000001794        0.2915950387696826
38.18000000000181         0.27299246389071463
38.2000000000018          0.257696780123644
38.2200000000018          0.24509811642671137
38.2400000000018          0.2347263424085472
38.26000000000182         0.22621815327345113
38.280000000001806        0.21929549657204328
38.3000000000018          0.21374266458059266
38.320000000001805        0.2093957195502729
38.34000000000181         0.2061311562956982
38.36000000000181         0.20385893871459332
38.38000000000181         0.20251771389528767
38.400000000001825        0.20207170952951828
38.420000000001814        0.20250929589920577
38.44000000000181         0.20384251817987398
38.46000000000181         0.20610678362430723
38.48000000000181         0.2093623773727284
38.50000000000182         0.2136980869301751
38.520000000001815        0.21923612354124433
38.540000000001825        0.22614055474516281
38.560000000001814        0.23462598861888903
38.58000000000183         0.24497230071468554
38.60000000000182         0.2575425878602303
38.620000000001816        0.2728078509602962
38.64000000000182         0.29138004449761895
38.66000000000183         0.3140542452370762
38.68000000000182         0.3418574299408863
38.70000000000182         0.37608756065785215
38.72000000000181         0.41827703585947984
38.7400000000018          0.4698501619835665
38.760000000001774        0.530809108366826
38.78000000000177         0.5966532312316261
38.800000000001745        0.6571228390334042
38.820000000001734        0.7029670925370829
38.84000000000172         0.7309833200724052
38.86000000000172         0.7451882782161027
38.88000000000173         0.751540674862982
38.90000000000172         0.7536073315337649
38.920000000001714        0.7524286972822858
38.940000000001724        0.7469426172198937
38.96000000000172         0.7335228865883213
38.98000000000174         0.7061156714994233
39.000000000001755        0.6607548681241733
39.02000000000178         0.6007116810856855
39.04000000000179         0.5349464157935742
39.06000000000181         0.4739323917553688
39.08000000000181         0.4222101932146031
39.10000000000181         0.3799124899287412
39.12000000000182         0.3455637621388925
39.14000000000181         0.317649157967153
39.16000000000181         0.29487767094789263
39.18000000000182         0.27622365165728757
39.200000000001815        0.26089110170851576
39.22000000000182         0.2482666939416791
39.240000000001814        0.23787825591330208
39.26000000000183         0.2293613198431107
39.28000000000182         0.22243418986481922
39.300000000001816        0.21687986703423057
39.320000000001826        0.2125325938620234
39.34000000000183         0.20926778444498317
39.360000000001826        0.20699565395808353
39.38000000000182         0.2056550344309559
39.40000000000182         0.2052103899382043
39.42000000000183         0.20564955372039126
39.440000000001845        0.20698328353755435
39.46000000000183         0.20924598208039566
39.48000000000183         0.21249770300271287
39.50000000000182         0.21682777616657933
39.52000000000183         0.22235999680664953
39.540000000001825        0.22925934297224437
39.56000000000183         0.2377418033244735
39.58000000000183         0.24808828785563175
39.600000000001835        0.26066350089254514
39.62000000000184         0.27593914550748533
39.64000000000183         0.29453593362931757
39.66000000000183         0.3172538557599643
39.68000000000183         0.3451281744005304
39.70000000000183         0.3794675468490004
39.72000000000181         0.4218181346006868
39.74000000000182         0.47362054755512295
39.76000000000178         0.5348913402040091
39.78000000000177         0.6011289098001379
39.80000000000176         0.661896573247494
39.82000000000174         0.7081726079312345
39.840000000001744        0.7365849263733432
39.86000000000174         0.7510429188103654
39.88000000000176         0.7575731306662683
39.90000000000174         0.7597873971222703
39.92000000000175         0.7587361064603858
39.94000000000175         0.7533409696703424
39.96000000000175         0.7399388469917278
39.980000000001766        0.7124284101798988
40.000000000001776        0.6668311576607971
40.020000000001794        0.6064412730831965
40.04000000000181         0.5403042341037556
40.060000000001814        0.47895876884242994
40.0800000000018          0.4270019837686269
40.100000000001806        0.38447501286128194
40.12000000000182         0.34996509110508667
40.140000000001805        0.32193728810862177
40.16000000000182         0.2990896567215235
40.18000000000182         0.28037987293113614
40.20000000000181         0.26500982311003024
40.22000000000182         0.252361536981961
40.240000000001814        0.24195822733233535
40.26000000000182         0.23343200707919814
40.28000000000182         0.22649961597023474
40.30000000000183         0.22094381161548843
40.32000000000182         0.21659848779120564
40.34000000000183         0.2133381989741751
40.36000000000183         0.2110713988157675
40.38000000000183         0.2097356347149079
40.40000000000184         0.20929427781091262
40.42000000000183         0.20973484619233876
40.44000000000184         0.21106874634588818
40.46000000000183         0.21333153179304404
40.48000000000185         0.21658398260061024
40.500000000001826        0.22091564042166753
40.520000000001836        0.22645018159261968
40.54000000000183         0.23335287278957487
40.56000000000184         0.24184090113478543
40.58000000000183         0.2521975438842452
40.60000000000184         0.2647909347489531
40.62000000000184         0.28009911630329404
40.64000000000185         0.2987436396512939
40.660000000001844        0.32153249145514
40.68000000000185         0.3495095464950083
40.700000000001836        0.3839937608102508
40.72000000000183         0.4265726711057669
40.74000000000182         0.4786850360387943
40.760000000001824        0.5403743509993453
40.780000000001785        0.6071375430398723
40.80000000000177         0.6684863406693798
40.82000000000177         0.715303369183776
40.84000000000176         0.7441500145749973
40.860000000001754        0.7589202462563042
40.88000000000175         0.7656780950803619
40.90000000000176         0.768073686544781
40.92000000000177         0.7671688247819823
40.94000000000175         0.7618746488022234
40.96000000000176         0.7485022937818042
40.98000000000177         0.7208270387598095
41.00000000000178         0.6749299513544814
41.020000000001815        0.6141295713316937
41.04000000000182         0.5475683603313427
41.060000000001814        0.48586095454981065
41.080000000001824        0.433630140577883
41.10000000000183         0.3909123473038355
41.12000000000182         0.3562797597508687
41.14000000000184         0.32818196763117374
41.16000000000184         0.30530110572846886
41.18000000000183         0.2865931976125264
41.20000000000183         0.2712494259722861
41.22000000000183         0.2586454677464124
41.24000000000183         0.248299529206922
41.260000000001824        0.2398410086613601
41.280000000001834        0.23298284684404091
41.30000000000183         0.22750774860037754
41.32000000000184         0.22324860886831827
41.34000000000185         0.2200788428646777
41.36000000000184         0.2179059067214517
41.380000000001836        0.2166667396465244
41.400000000001846        0.21632487549028412
41.42000000000185         0.21686885729296226
41.440000000001845        0.2183106642967722
41.46000000000184         0.22068551630056443
41.48000000000185         0.22405420576570437
41.50000000000185         0.2285072940219159
41.52000000000185         0.2341710882806968
41.54000000000185         0.24121507647836588
41.56000000000185         0.24985990273229228
41.58000000000186         0.2603936791656152
41.60000000000185         0.27319054887674266
41.62000000000186         0.2887373327395311
41.64000000000185         0.307668492136299
41.660000000001865        0.330810105738329
41.680000000001854        0.3592300403359548
41.70000000000185         0.3942783489549419
41.720000000001846        0.4375507447578801
41.740000000001835        0.49054603709051486
41.76000000000183         0.5533631981939222
41.780000000001806        0.6215826007474428
41.80000000000179         0.6843898239584013
41.82000000000178         0.7324613925868267
41.84000000000176         0.7622470805238045
41.86000000000176         0.7776307958275863
41.88000000000177         0.7847864381507818
41.90000000000176         0.7874652242704107
41.920000000001785        0.7867666527889753
41.94000000000178         0.7815776352759333
41.960000000001784        0.7681244472362742
41.98000000000179         0.7401988461239992
42.00000000000181         0.693721703953516
42.02000000000183         0.6320078487279976
42.04000000000182         0.5647251900173893
42.060000000001835        0.5026838581627595
42.08000000000184         0.4504412640472261
42.10000000000184         0.40785898495353146
42.12000000000182         0.37353865955142396
42.140000000001855        0.3458859089602569
42.16000000000184         0.3235508384488479
42.18000000000185         0.3054635899410817
42.20000000000185         0.2907944512758186
42.22000000000184         0.27890648326069156
42.24000000000186         0.26931229346965163
42.260000000001845        0.26163540336427976
42.28000000000184         0.2555822439133363
42.30000000000186         0.2509253798915865
42.32000000000185         0.24749165459617103
42.34000000000185         0.24515274687765498
42.36000000000184         0.24381491618719414
42.380000000001864        0.24341030043433834
42.40000000000185         0.2438953653247189
42.42000000000186         0.2452495937378922
42.44000000000185         0.24747629516505137
42.46000000000187         0.25060425833787864
42.48000000000186         0.25468790041223555
42.50000000000187         0.25980892013789403
42.52000000000187         0.2660822368297434
42.54000000000187         0.27366487998415273
42.560000000001864        0.2827683278347112
42.58000000000186         0.2936742808976242
42.600000000001856        0.3067540707208782
42.62000000000187         0.32249891632742733
42.64000000000187         0.3415515005448822
42.660000000001865        0.3647668436403724
42.68000000000186         0.39326499984226065
42.70000000000188         0.42848222274702213
42.72000000000186         0.47214361028460045
42.74000000000185         0.5259206219380914
42.76000000000184         0.5900944901282571
42.78000000000182         0.6603232517322036
42.800000000001795        0.7256847031292917
42.820000000001784        0.7759839073503739
42.84000000000178         0.8073975351381574
42.86000000000177         0.8238199090236974
42.88000000000177         0.8315441896589463
42.90000000000177         0.8344316886213293
42.920000000001764        0.8335397670199556
42.94000000000176         0.827513877041448
42.96000000000179         0.8122332120116027
42.980000000001795        0.7814304271235918
43.00000000000181         0.7314128391791058
43.02000000000184         0.6658521104199543
43.04000000000184         0.5946437863317452
43.06000000000187         0.5286962395755639
43.08000000000185         0.4725653192606837
43.100000000001856        0.4261923316271567
43.120000000001866        0.38805513620758997
43.140000000001855        0.3565131622946692
43.16000000000187         0.3301738810376339
43.180000000001854        0.3079314691125617
43.20000000000187         0.28894933132210554
43.22000000000186         0.27256991112091483
43.24000000000187         0.2582925063702102
43.26000000000185         0.24572985319290094
43.28000000000186         0.23458001983461946
43.30000000000186         0.22460564104837374
43.32000000000186         0.21561904032966234
43.34000000000185         0.2074711369798118
43.36000000000187         0.2000425808498232
43.380000000001885        0.19323677269209139
43.39999999999999         0.18697452385158028
