% Model:              ModelBHUp.mph
% Version:            COMSOL 5.6.0.280
% Date:               Oct 20 2021, 19:02
% Dimension:          1
% Nodes:              998
% Expressions:        1
% Description:        线图
% cln1x                   Height
47.600000000001806        0.1879832277008663
47.62000000000181         0.19426560334294468
47.6400000000018          0.20108336120159695
47.66000000000181         0.20851550908022673
47.6800000000018          0.21665861486224294
47.70000000000179         0.22563180545397654
47.72000000000179         0.23558335473646994
47.740000000001785        0.24669966302257904
47.76000000000178         0.2592171743355015
47.780000000001785        0.2734378975920863
47.80000000000178         0.2897498431849645
47.82000000000178         0.3086487233304012
47.84000000000177         0.3307973954352786
47.86000000000176         0.357040565025789
47.880000000001765        0.38847998358649927
47.90000000000176         0.4265116065352283
47.920000000001735        0.47278452547225175
47.94000000000173         0.528828909234741
47.960000000001706        0.5946632493113068
47.98000000000169         0.665609097925382
48.00000000000167         0.7308504892613248
48.020000000001644        0.780846901842205
48.04000000000164         0.8117367310190776
48.06000000000163         0.8270438494886474
48.080000000001625        0.8330653404155626
48.10000000000162         0.8339482510663577
48.120000000001625        0.8310613336975752
48.14000000000162         0.8233357123077311
48.160000000001624        0.8068855888971638
48.180000000001655        0.7753896780856365
48.200000000001666        0.7250816271932654
48.22000000000168         0.6599201174465232
48.2400000000017          0.5898243902273806
48.2600000000017          0.5256667027073963
48.28000000000173         0.47189095448455054
48.30000000000172         0.42824510531744214
48.32000000000171         0.39305106050073013
48.340000000001716        0.36457679817705385
48.36000000000171         0.34138593845440324
48.38000000000172         0.3223515942313718
48.40000000000171         0.30662387450703815
48.42000000000171         0.2935572505788966
48.44000000000172         0.28266295628032284
48.46000000000171         0.2735699205716926
48.4800000000017          0.2659966643768147
48.50000000000171         0.2597318766821714
48.520000000001694        0.2546186522976048
48.540000000001704        0.250542173523569
48.56000000000171         0.24742084298348335
48.5800000000017          0.2452003287638315
48.60000000000171         0.2438518616318077
48.62000000000171         0.2433721367120279
48.64000000000172         0.24378183222804947
48.6600000000017          0.24512450732923324
48.6800000000017          0.2474678970025085
48.7000000000017          0.2509059857157213
48.72000000000169         0.25556710761270385
48.74000000000169         0.2616244072305842
48.760000000001696        0.2693053685597058
48.780000000001685        0.27890366210688516
48.8000000000017          0.29079593045311974
48.82000000000171         0.30546962613535744
48.840000000001695        0.32356153048369063
48.86000000000168         0.3459007717884289
48.8800000000017          0.3735555509784118
48.90000000000169         0.40787161753812323
48.920000000001686        0.4504698357692013
48.940000000001675        0.5028033056620038
48.96000000000165         0.5648882736551984
48.98000000000163         0.6320853653702591
49.00000000000162         0.6936302768804015
49.02000000000161         0.7401345635125447
49.04000000000159         0.7681403779367811
49.0600000000016          0.7816102257991715
49.0800000000016          0.7867928573634942
49.10000000000159         0.7874850890406965
49.12000000000161         0.784801335959591
49.140000000001606        0.7776432580992534
49.1600000000016          0.762280432822632
49.18000000000159         0.7324772407049871
49.20000000000163         0.6844033428332225
49.22000000000165         0.621616801940327
49.240000000001636        0.5534801484302725
49.26000000000165         0.49062934621823273
49.28000000000164         0.4375906719437499
49.30000000000164         0.3942966364776537
49.32000000000163         0.3592412315235459
49.34000000000163         0.33082044995558957
49.360000000001634        0.30768009104265653
49.38000000000164         0.28875063915907917
49.400000000001654        0.27320545634379884
49.420000000001636        0.2604099610851394
49.44000000000164         0.24987734064895512
49.460000000001635        0.24123391375715242
49.48000000000164         0.23419083088496634
49.500000000001634        0.22852747774378404
49.52000000000165         0.22407477941823276
49.54000000000163         0.22070645313660417
49.560000000001644        0.21833195205457392
49.58000000000163         0.21689047537501174
49.60000000000162         0.21634677495905535
49.62000000000163         0.21668884768587515
49.640000000001635        0.2179281792074681
49.66000000000164         0.2201012725431762
49.68000000000163         0.22327120044813634
49.70000000000164         0.22753049890748095
49.72000000000163         0.233005716746051
49.74000000000163         0.23986464209923813
49.760000000001654        0.24832444139509285
49.780000000001635        0.25867110325189263
49.80000000000163         0.27127605521918524
49.820000000001635        0.2866210815229712
49.84000000000162         0.3053302868447835
49.860000000001634        0.3282118955344979
49.88000000000163         0.3563081779660329
49.900000000001626        0.39093267439238505
49.920000000001615        0.4336272688876852
49.940000000001604        0.48581294815067194
49.96000000000158         0.5474880215430721
49.98000000000157         0.6141425226369029
50.000000000001556        0.6749662739719328
50.02000000000156         0.7208632534756072
50.04000000000153         0.7485202123650433
50.060000000001544        0.7619175758468976
50.08000000000153         0.7672105745520305
50.10000000000152         0.7681116693177746
50.12000000000152         0.7657123113084302
50.140000000001514        0.758952501763788
50.160000000001524        0.7442027996044088
50.18000000000154         0.7154360351989231
50.20000000000157         0.6686517329927807
50.22000000000157         0.6071423591429556
50.24000000000157         0.540288863057989
50.26000000000158         0.4786301285470627
50.280000000001586        0.4265918119481884
50.30000000000159         0.3840204042001401
50.32000000000159         0.34952773294553086
50.340000000001595        0.32154865405160593
50.360000000001584        0.2987600472501479
50.38000000000159         0.28011637229578146
50.400000000001576        0.2648090651517941
50.420000000001586        0.2522164138294479
50.44000000000158         0.2418603571380205
50.46000000000157         0.23337278449426876
50.48000000000158         0.22647045643980282
50.500000000001585        0.2209362162602825
50.5200000000016          0.21660481579538746
50.540000000001584        0.213352590828201
50.56000000000158         0.21109000822937452
50.580000000001576        0.2097562219937
50.60000000000157         0.20931574419498217
50.620000000001575        0.20975718330168477
50.64000000000158         0.21109303139845595
50.66000000000159         0.21335991898036086
50.68000000000157         0.2166202961378492
50.70000000000159         0.2209657037308706
50.72000000000157         0.22652157571017537
50.74000000000157         0.23345399331690003
50.76000000000158         0.24198017930766513
50.78000000000157         0.2523833997878741
50.800000000001575        0.26503156050315135
50.82000000000158         0.280401515765729
50.84000000000157         0.29911481376042875
50.86000000000157         0.32196673318341573
50.88000000000158         0.3499932661688242
50.90000000000156         0.38449543143529136
50.92000000000156         0.4269997507118118
50.94000000000153         0.4789123785980307
50.960000000001536        0.5402268629996162
50.98000000000152         0.606457894132075
51.0000000000015          0.667014582529095
51.02000000000148         0.7125764192481724
51.04000000000148         0.7400008723958359
51.060000000001466        0.7533805761071629
51.08000000000147         0.7587775011667917
51.10000000000148         0.7598325595224321
51.12000000000147         0.7576135233324784
51.140000000001464        0.7510772107684205
51.16000000000148         0.7366320520237373
51.18000000000149         0.7082913570302454
51.200000000001495        0.6620447844609986
51.22000000000149         0.6011201804437608
51.240000000001515        0.534796218820377
51.26000000000152         0.47355893978452196
51.280000000001536        0.42180222234803266
51.30000000000151         0.37947609947675315
51.32000000000153         0.3451463986608312
51.34000000000152         0.31727510712134854
51.36000000000151         0.29455775324454353
51.3800000000015          0.2759584791663542
51.400000000001526        0.26068153789373477
51.420000000001515        0.24810711502293428
51.44000000000151         0.23776122284193288
51.46000000000152         0.22927920251658068
51.480000000001525        0.222380183833787
51.500000000001506        0.21684820923917988
51.52000000000151         0.21251832264068338
51.540000000001505        0.20926674683821042
51.560000000001516        0.20700416950727996
51.5800000000015          0.20567054779438465
51.60000000000151         0.20523148651876144
51.6200000000015          0.20567623431789336
51.64000000000153         0.2070169639449609
51.66000000000151         0.20928906119726243
51.680000000001506        0.21255373019204069
51.70000000000151         0.21690100980475074
51.720000000001505        0.22245532253987202
51.74000000000151         0.22938241899837392
51.76000000000151         0.23789929049912298
51.78000000000151         0.24828763165946618
51.80000000000151         0.2609119203694936
51.82000000000151         0.27624438492212355
51.8400000000015          0.29489859479599534
51.8600000000015          0.3176712610292463
51.880000000001495        0.3455899092790351
51.900000000001484        0.3799499859785396
51.920000000001494        0.42224161504465674
51.94000000000148         0.4738873382338044
51.960000000001465        0.5348707069315796
51.98000000000145         0.6007283180015096
52.000000000001435        0.6609345154294748
52.02000000000142         0.7062575407196534
52.040000000001406        0.7335794178964754
52.060000000001395        0.7469775009311462
52.08000000000139         0.7524659136990189
52.10000000000141         0.7536486167649014
52.120000000001426        0.7515859347080737
52.14000000000141         0.7452359561988787
52.1600000000014          0.731010865933401
52.180000000001414        0.7029118934644157
52.200000000001424        0.6571608991423603
52.22000000000146         0.5966650049120535
52.24000000000145         0.5307283944599694
52.26000000000146         0.46979874094482227
52.28000000000146         0.41826841529948483
52.300000000001454        0.3761013254111815
52.320000000001464        0.3418793640274693
52.340000000001474        0.314078123646225
52.360000000001456        0.2914037118856355
52.38000000000146         0.272830779432182
52.40000000000148         0.2575648026832954
52.42000000000146         0.24499396756574401
52.44000000000146         0.2346472742616547
52.46000000000145         0.22616159307948153
52.480000000001446        0.21925668526987982
52.50000000000145         0.21371847712052996
52.52000000000145         0.20938288581393252
52.54000000000144         0.2061273843425572
52.56000000000146         0.20386319512144135
52.58000000000146         0.20253004278955708
52.600000000001444        0.20209252914247494
52.62000000000144         0.20253861518093708
52.64000000000145         0.20387993394083673
52.660000000001446        0.20615226452705462
52.68000000000144         0.2094169724111654
52.70000000000145         0.21376411157471148
52.72000000000145         0.21931721189641076
52.740000000001444        0.22623958498939617
52.76000000000146         0.2347470463037123
52.78000000000145         0.24511871221772827
52.800000000001454        0.25771723099488936
52.82000000000144         0.27301279892269115
52.84000000000143         0.2916155256124644
52.86000000000145         0.3143167090626128
52.88000000000144         0.3421368115258223
52.900000000001434        0.3763629957579611
52.92000000000142         0.41850977255787936
52.940000000001426        0.46997220421583763
52.9600000000014          0.5307072709240706
52.980000000001404        0.5961593072565211
53.00000000000138         0.6559080921727495
53.020000000001374        0.7011629665634757
53.04000000000135         0.7283873012012401
53.06000000000137         0.7417889855668034
53.080000000001355        0.7473431966653642
53.10000000000135         0.7486206227256371
53.120000000001355        0.7466683126629565
53.14000000000135         0.7404495393023488
53.16000000000136         0.7264004232605193
53.18000000000135         0.6985501998437367
53.20000000000138         0.6529827649944495
53.22000000000138         0.5929951046692419
53.24000000000138         0.527470075413152
53.26000000000139         0.4667687731267551
53.2800000000014          0.41538859613237644
53.3000000000014          0.37332957048056425
53.320000000001386        0.3392045173675342
53.3400000000014          0.31146919140524515
53.360000000001385        0.2888381944229895
53.380000000001395        0.2702922484929634
53.400000000001384        0.255041473209987
53.42000000000139         0.24247768289250943
53.44000000000138         0.23213268008664806
53.460000000001386        0.223645540142801
53.480000000001375        0.2167377978382387
53.50000000000137         0.21119501938757662
53.5200000000014          0.20685366961909915
53.54000000000138         0.20359149947177893
53.56000000000139         0.2013200790973219
53.580000000001384        0.19997975524682143
53.60000000000139         0.19953596705028281
53.62000000000138         0.19997748227546996
53.640000000001386        0.20131561826376898
53.66000000000138         0.2035852316033826
53.68000000000138         0.20684693189718004
53.7000000000014          0.21119021006093697
53.720000000001384        0.2167382619173694
53.74000000000139         0.2236549776507563
53.760000000001384        0.23215445256641265
53.78000000000139         0.24251410066208348
53.80000000000139         0.2550935386372679
53.82000000000138         0.2703597959650468
53.84000000000138         0.2889162184774149
53.860000000001385        0.3115560098027763
53.880000000001395        0.3392915491011269
53.90000000000136         0.3734026897750723
53.92000000000137         0.41539573125215823
53.940000000001355        0.4666585955514826
53.960000000001344        0.527147449094864
53.98000000000133         0.592322973401076
54.00000000000131         0.65180694055617
54.020000000001296        0.696756818511815
54.04000000000131         0.7239496089465655
54.0600000000013          0.7373419293318657
54.080000000001306        0.7429179836910021
54.1000000000013          0.7442425027715485
54.120000000001305        0.7423586617269528
54.14000000000132         0.7362343370575061
54.16000000000131         0.7223263614832747
54.1800000000013          0.6946865182056409
54.20000000000131         0.6493948323745583
54.220000000001306        0.5897170099911573
54.24000000000131         0.5244810075273448
54.260000000001305        0.4640165160668636
54.2800000000013          0.41281684755153875
54.30000000000129         0.3708976694951119
54.32000000000133         0.3368578373192976
54.3400000000013          0.309185512551146
54.3600000000013          0.2865988167324659
54.380000000001296        0.26808530989673407
54.40000000000129         0.2528535391253562
54.4200000000013          0.24030144701260414
54.440000000001305        0.22996311561688657
54.46000000000131         0.22147934586846962
54.48000000000131         0.2145729997925102
54.50000000000131         0.20903051389104896
54.5200000000013          0.2046885787572553
54.54000000000131         0.2014250818878707
54.56000000000132         0.1991519655628318
54.580000000001306        0.1978097796128853
54.6000000000013          0.19736423475969017
54.62000000000131         0.19780424980421707
54.64000000000132         0.19914114566759625
54.66000000000132         0.20140941736967954
54.680000000001314        0.20466876309257268
54.70000000000131         0.2090081325800452
54.72000000000129         0.2145500261675349
54.74000000000131         0.22145747861604678
54.76000000000131         0.22994368780717692
54.78000000000132         0.240285196178299
54.80000000000131         0.2528402955653325
54.82000000000132         0.2680738614481023
54.84000000000132         0.28658946123922313
54.860000000001314        0.30916987516751426
54.88000000000131         0.33682324773743827
54.900000000001306        0.37081849869692785
54.9200000000013          0.41264583275284533
54.94000000000129         0.4637571984276629
54.960000000001266        0.5240181764827345
54.98000000000126         0.588934463493326
55.00000000000126         0.6481664659340403
55.02000000000125         0.6929232227788209
55.040000000001235        0.7200020022525229
55.06000000000124         0.733355319378086
55.08000000000124         0.7389405594285872
55.100000000001224        0.7403004632755699
55.12000000000125         0.7384670971816663
55.14000000000124         0.7324181740863995
55.16000000000123         0.7186500600283096
55.18000000000123         0.69127500399993
55.20000000000125         0.6461322793529279
55.22000000000125         0.5867359344200656
55.24000000000125         0.5217663470989231
55.26000000000128         0.4615216593711164
55.280000000001266        0.4104907869387303
55.30000000000127         0.3686966218887841
55.32000000000126         0.33474733553075664
55.34000000000126         0.3071396007756984
55.36000000000127         0.28459850117539504
55.38000000000126         0.2661144230977864
55.40000000000126         0.2509051751637442
55.42000000000126         0.23836832796548169
55.44000000000126         0.22803989522539334
55.46000000000126         0.21956181299596259
55.48000000000126         0.2126578574134855
55.50000000000126         0.20711467530082267
55.52000000000127         0.20277119302916413
55.540000000001264        0.19950637498277904
55.560000000001246        0.19723246596730637
55.58000000000128         0.1958900479846001
55.60000000000126         0.19544473525521194
55.62000000000126         0.19588509330403442
55.64000000000125         0.19722181660683127
55.66000000000125         0.1994889258894143
55.68000000000126         0.2027463359696499
55.70000000000126         0.20708276545361734
55.72000000000125         0.21262028550810985
55.740000000001245        0.21952116708606978
55.76000000000128         0.22799828079499665
55.78000000000125         0.23832511218669877
55.800000000001255        0.250858942851222
55.82000000000124         0.26606260678851423
55.84000000000124         0.2845368635421378
55.86000000000125         0.30706066002915594
55.88000000000124         0.3346372294924887
55.90000000000125         0.36852986427203066
55.92000000000123         0.41022235370638876
55.94000000000123         0.4610826325169246
55.96000000000121         0.5210966458976118
55.980000000001226        0.5858572194814333
56.000000000001194        0.6450051804918155
56.0200000000012          0.6894332793773684
56.040000000001164        0.7163952904477655
56.06000000000118         0.7297021787141942
56.080000000001164        0.7352859062916011
56.10000000000117         0.7366680851082412
56.12000000000117         0.7348733647479381
56.14000000000116         0.7288850859798118
56.16000000000117         0.7152178162979776
56.18000000000117         0.6880054559373442
56.2000000000012          0.6432238290148178
56.22000000000119         0.5839334235080341
56.24000000000121         0.5191250692996142
56.260000000001206        0.4591220205818267
56.280000000001195        0.4083001580332042
56.30000000000121         0.3666617948335134
56.320000000001215        0.33280466425385397
56.34000000000122         0.305263943153832
56.36000000000121         0.2827707431401603
56.3800000000012          0.26432014398130865
56.40000000000121         0.2491335382492131
56.4200000000012          0.2366112445856171
56.4400000000012          0.22629149466808549
56.460000000001195        0.21781827998384204
56.4800000000012          0.21091704681040918
56.500000000001194        0.20537660616662878
56.520000000001204        0.20103576901314207
56.54000000000119         0.19777349915859438
56.5600000000012          0.19550164701379216
56.58000000000119         0.19415987908935364
56.600000000001174        0.1937130482908368
56.620000000001205        0.19415020503051367
56.64000000000119         0.19548332582737057
56.6600000000012          0.19774753367325337
56.68000000000119         0.20100289180033049
56.70000000000119         0.20533759448017522
56.72000000000118         0.21087259675074962
56.74000000000119         0.21776832378286473
56.760000000001185        0.22623504622369128
56.780000000001166        0.23654693163224663
56.80000000000118         0.24905976220510595
56.82000000000117         0.2642346535714635
56.84000000000118         0.28267273443823454
56.86000000000117         0.3051430016434594
56.88000000000117         0.3326465402569532
56.90000000000116         0.3664412880489637
56.92000000000117         0.4080045883804609
56.94000000000115         0.4586977609525647
56.96000000000115         0.5185036000309103
56.980000000001134        0.5830234911562991
57.00000000000112         0.6419315322140857
57.0200000000011          0.6862704680369246
57.04000000000109         0.7130317832913049
57.060000000001075        0.7262655184301143
57.08000000000108         0.731839784882674
57.10000000000108         0.7332359382244689
57.12000000000109         0.7314680965019349
57.14000000000108         0.7255285830604881
57.16000000000108         0.7119501913624985
57.180000000001094        0.6848882130117372
57.20000000000108         0.6403179432975277
57.22000000000111         0.5812758858149726
57.24000000000111         0.5167084111691426
57.26000000000111         0.45691035031912586
57.2800000000011          0.4062510555865106
57.30000000000111         0.36472909892850114
57.320000000001095        0.33097398628995045
57.340000000001105        0.3035047273472712
57.360000000001115        0.28106228302122277
57.3800000000011          0.26264788104283826
57.40000000000109         0.24748517370655498
57.42000000000109         0.23498126323287916
57.44000000000109         0.22467393097900276
57.460000000001095        0.21620863428141757
57.48000000000109         0.2093119110195251
57.50000000000109         0.20377338355422037
57.5200000000011          0.19943248741327677
57.54000000000111         0.19616876867936087
57.56000000000109         0.19389489120809913
57.580000000001085        0.19255173395188155
57.600000000001096        0.192105137514917
57.620000000001085        0.19254397097697176
57.64000000000108         0.19387926787533602
57.66000000000108         0.19614446295515675
57.68000000000107         0.19939820326371796
57.70000000000107         0.20372792837587828
57.7200000000011          0.20925481940406046
57.74000000000107         0.2161401154871335
57.76000000000108         0.22459460775699366
57.78000000000108         0.23489164240559143
57.80000000000107         0.2473846196821989
57.82000000000108         0.26253133143890744
57.84000000000107         0.2809267585299054
57.860000000001065        0.3033435926091973
57.88000000000107         0.3307783701203358
57.900000000001086        0.36448762493755915
57.92000000000106         0.40594989871103043
57.940000000001056        0.45644966884571686
57.96000000000103         0.516054776269205
57.98000000000103         0.5803428976946721
58.00000000000101         0.6390188542473881
58.02000000000101         0.6831727117450462
58.04000000000101         0.7098153821017378
58.06000000000098         0.722992853744906
58.080000000000986        0.7285503659504766
58.10000000000099         0.7299517012988974
58.12000000000101         0.7282085794067849
58.140000000000995        0.7223144021047633
58.16000000000101         0.7087994915025679
58.18000000000098         0.6817998789575873
58.200000000001           0.6373914950268643
58.22000000000099         0.5787256911590225
58.24000000000099         0.5143926518800863
58.260000000000986        0.4547953283170191
58.28000000000098         0.40429606833018583
58.30000000000098         0.3628972346576512
58.32000000000097         0.3292352183288642
58.340000000000984        0.3018357095649285
58.360000000000966        0.2794451916782218
58.38000000000099         0.2610692017165929
58.400000000000986        0.24593643207052568
58.42000000000096         0.23345245609125115
58.44000000000098         0.22315936892846766
58.46000000000097         0.21470403248332268
58.48000000000097         0.20781366440185045
58.500000000000966        0.2022795220822173
58.520000000000984        0.1979410736416205
58.54000000000097         0.19467827757804346
58.56000000000098         0.19240406805826457
58.58000000000097         0.19105947940775556
58.600000000000975        0.1906104335907608
58.620000000000964        0.19104591735417684
58.64000000000095         0.19237739256539885
58.66000000000096         0.19463938288611812
58.680000000000966        0.19789125817741166
58.700000000000976        0.20222027858353986
58.72000000000096         0.2077460593919485
58.740000000000975        0.21462734591780758
58.76000000000097         0.22307180452546385
58.78000000000095         0.23335314989308437
58.80000000000096         0.24582399824896525
58.82000000000097         0.2609419078876175
58.84000000000096         0.2792999507222777
58.86000000000095         0.30166670149063607
58.880000000000976        0.32903356510412024
58.900000000000965        0.36265196991404125
58.92000000000097         0.4039950023358074
58.94000000000094         0.45441801395842996
58.960000000000946        0.5138642797574333
58.98000000000092         0.577844060340977
59.00000000000092         0.6361449083377102
59.0200000000009          0.6801553293163063
59.04000000000089         0.7067683607880523
59.0600000000009          0.7198781505699813
59.08000000000089         0.7254099508979455
59.10000000000089         0.726809606982943
59.12000000000089         0.7250818547501883
59.14000000000091         0.7192253108607164
59.1600000000009          0.7057870803412322
59.1800000000009          0.6789222928313303
59.20000000000089         0.6347071291846972
59.220000000000894        0.5762906751092403
59.240000000000904        0.5122738501606569
59.2600000000009          0.45284081871909204
59.280000000000896        0.4024544886027367
59.3000000000009          0.361146385362636
59.320000000000924        0.3275774957339511
59.3400000000009          0.3002485762103619
59.360000000000895        0.2779113079995945
59.380000000000884        0.25957529400453205
59.4000000000009          0.24447232865060758
59.42000000000088         0.2320103874247259
59.440000000000886        0.2217334536862727
59.46000000000089         0.2132898648509762
59.48000000000089         0.20640831174290392
59.5000000000009          0.2008799899010696
59.520000000000884        0.19654548575292508
59.54000000000087         0.19328517099867468
59.56000000000089         0.19101226607161575
59.58000000000088         0.18966796597771846
59.60000000000088         0.1892183306300883
59.62000000000088         0.1896522977321246
59.64000000000087         0.19098125251668538
59.66000000000088         0.1932394911714508
59.68000000000089         0.19648607095485326
59.70000000000087         0.20080816069819724
59.72000000000088         0.20632571212560044
59.740000000000876        0.21319824804035556
59.76000000000087         0.2216340661254848
59.78000000000087         0.2319029531241671
59.80000000000087         0.244354848019664
59.820000000000874        0.25944479095715794
59.84000000000087         0.27776383906064034
59.86000000000088         0.3000750555629566
59.88000000000086         0.32737333721924733
59.90000000000087         0.3609010991727559
59.920000000000854        0.4021247172693567
59.94000000000084         0.4523936174482413
59.960000000000825        0.5116482361890676
59.98000000000082         0.5754051423478749
60.000000000000824        0.6334812921685433
60.0200000000008          0.6773137346901577
60.040000000000795        0.7037963964440289
60.060000000000784        0.7168697835274176
60.08000000000078         0.7223787041878418
60.10000000000078         0.7237735247076011
60.12000000000077         0.7220595435476634
60.14000000000076         0.7162385476531079
60.16000000000078         0.7028738526620774
60.18000000000078         0.6761393057961202
60.20000000000077         0.6321116850340285
60.2200000000008          0.5739205662008451
60.240000000000805        0.510126017000927
60.26000000000081         0.45088475631829117
60.28000000000081         0.40065273780750416
60.30000000000082         0.3594727033773559
60.3200000000008          0.32598727297073327
60.340000000000806        0.2987264275568359
60.3600000000008          0.27644271991267183
60.3800000000008          0.25814792300878503
60.4000000000008          0.24307799891817536
60.4200000000008          0.2306390366920917
60.440000000000786        0.2203791745462661
60.4600000000008          0.21194808872450227
60.48000000000081         0.20507556674556932
60.50000000000078         0.199553737129578
60.52000000000079         0.19522388695276072
60.54000000000078         0.19196681221334164
60.56000000000078         0.18969597325797324
60.58000000000078         0.18835272480971804
60.600000000000776        0.18790315392941043
60.6200000000008          0.18833636271585588
60.64000000000079         0.18966406299035005
60.66000000000079         0.19192050328263718
60.68000000000079         0.1951632321847028
60.70000000000079         0.19947876878858187
60.72000000000078         0.2049873883070478
60.74000000000077         0.21184831267174292
60.76000000000077         0.22026964198205717
60.780000000000776        0.23052144336846692
60.80000000000077         0.2429529422932013
60.82000000000076         0.2580160301030721
60.84000000000076         0.2762978943489663
60.86000000000077         0.29856142867883917
60.880000000000784        0.3257899216354304
60.900000000000766        0.3592210589153558
60.92000000000076         0.40030730404397324
60.940000000000744        0.45046175751795803
60.96000000000073         0.5095353527148644
60.98000000000072         0.5730855338943761
61.00000000000072         0.6309551649597324
61.02000000000071         0.6746128845451103
61.04000000000071         0.7009741358725973
61.06000000000071         0.7139819136755686
61.08000000000069         0.7194642963389359
61.10000000000072         0.7208548463818512
61.120000000000694        0.7191497269367093
61.14000000000071         0.7133598715963483
61.160000000000686        0.7000837259609898
61.18000000000068         0.673553137498413
61.20000000000069         0.6297474982720722
61.220000000000695        0.5716389008655226
61.240000000000684        0.5080602404621014
61.26000000000071         0.4490052038875371
61.28000000000072         0.39892375498918536
61.3000000000007          0.3578618442110273
61.320000000000704        0.32446803673453667
61.34000000000069         0.2972778927636849
61.360000000000696        0.27504849056153086
61.38000000000069         0.2567952952206442
61.400000000000695        0.24175544589098302
61.420000000000684        0.2293413273553259
61.440000000000694        0.21910037649755423
61.4600000000007          0.2106835849101474
61.48000000000069         0.20382170443929096
61.500000000000696        0.19830779657936853
61.52000000000069         0.19398315136210423
61.54000000000069         0.1907295129506077
61.5600000000007          0.18846091386260286
61.580000000000666        0.1871190922720625
61.600000000000676        0.18667019985028036
61.620000000000665        0.187103116406112
61.640000000000676        0.18842895800307494
61.66000000000067         0.19068166687153087
61.68000000000068         0.19391983406932484
61.700000000000664        0.19823001404411092
61.72000000000067         0.20373165222463155
61.74000000000066         0.21058281291424666
61.760000000000666        0.2189901202392193
61.780000000000676        0.22922201100109982
61.80000000000067         0.24162859883595594
61.820000000000675        0.2566616869117142
61.84000000000067         0.2749064588303462
61.860000000000674        0.29712128837924257
61.88000000000066         0.3242844808445833
61.90000000000067         0.3576292895260428
61.920000000000655        0.3986038946321692
61.940000000000644        0.4485403293189517
61.96000000000063         0.5074079434133477
61.98000000000062         0.5708471063728286
62.00000000000062         0.6286705307039023
62.02000000000059         0.6721228074115797
62.040000000000596        0.6982791356874094
62.06000000000059         0.7112315569064404
62.08000000000058         0.7166932814455456
62.100000000000584        0.7180829341381241
62.12000000000059         0.7163924668112314
62.140000000000576        0.7106377429227586
62.16000000000059         0.6974315183002285
62.18000000000059         0.671022418207654
62.20000000000059         0.6273908949010665
62.2200000000006          0.569472976105854
62.24000000000059         0.5060100702062976
62.26000000000061         0.4471633848431534
62.28000000000059         0.39726952261698195
62.300000000000615        0.35634399953266643
62.32000000000058         0.32304638868619306
62.34000000000059         0.2959244320259668
62.36000000000059         0.27374750914590307
62.38000000000059         0.2555346755785937
62.400000000000574        0.2405258827290952
62.42000000000058         0.22813567611141433
62.44000000000058         0.2179131431983643
62.460000000000576        0.20951053199678574
62.480000000000594        0.20265954292271873
62.50000000000058         0.1971536960419257
62.52000000000058         0.19283533124349275
62.54000000000058         0.18958610861748346
62.56000000000054         0.18732017009310992
62.58000000000057         0.18597938353599303
62.60000000000057         0.18553013229085133
62.620000000000566        0.18596174404481997
62.640000000000555        0.18728561239313035
62.660000000000565        0.1895355894933505
62.68000000000058         0.19276987272983762
62.700000000000564        0.1970743288096553
62.72000000000054         0.20256733807965044
62.74000000000054         0.20940671760810517
62.76000000000058         0.21779939983804436
62.78000000000053         0.22801381072610782
62.80000000000055         0.24039594813126122
62.82000000000054         0.25539613056218863
62.840000000000536        0.2735995674161506
62.860000000000554        0.2957675096858713
62.880000000000535        0.3228679213398408
62.90000000000054         0.35613121668723013
62.92000000000053         0.3969995515180969
62.94000000000054         0.446800568031047
62.96000000000051         0.505502414752401
62.98000000000051         0.5687523387030177
63.00000000000048         0.6263871327887874
63.02000000000049         0.6696873671863982
63.04000000000048         0.6957589506966024
63.06000000000051         0.7086416314453514
63.080000000000496        0.7140882742046968
63.10000000000049         0.7154835449721174
63.120000000000495        0.7138134857667593
63.1400000000005          0.7080918747993347
63.16000000000048         0.6949549496083032
63.18000000000048         0.6686634942817343
63.20000000000048         0.6251978601810467
63.220000000000454        0.5674737547416031
63.24000000000049         0.5042032309202235
63.26000000000047         0.445524364159185
63.28000000000046         0.39576718931095156
63.30000000000045         0.3549498739171025
63.320000000000434        0.32173726876856534
63.34000000000045         0.2946827154261244
63.36000000000043         0.2725560272455017
63.380000000000464        0.2543813621245928
63.40000000000044         0.23940015090913583
63.420000000000435        0.2270331759435718
63.44000000000045         0.21682866241471038
63.46000000000045         0.20844004080960937
63.48000000000045         0.2015999140728217
63.50000000000045         0.19610248747391767
63.52000000000045         0.19179061357264052
63.54000000000045         0.18854632240163166
63.560000000000464        0.18628399744392005
63.58000000000041         0.18494559624596005
63.600000000000435        0.1844975018925787
63.62000000000044         0.18492873858866665
63.64000000000046         0.18625040765954085
63.66000000000042         0.18849631291761035
63.68000000000042         0.19172464591511518
63.70000000000045         0.19602179982899412
63.72000000000042         0.20150596189430725
63.74000000000045         0.20833424827874414
63.76000000000044         0.2167122318642672
63.78000000000042         0.22690701724190857
63.80000000000042         0.23926478301464085
63.82000000000042         0.2542343107340935
63.84000000000041         0.272398014952806
63.86000000000043         0.29451154661701073
63.88000000000041         0.3215496096314272
63.90000000000043         0.35474147308530574
63.92000000000041         0.39553293622162844
63.94000000000039         0.4452518258662347
63.96000000000038         0.5037228349203782
63.98000000000037         0.5667942792404916
64.00000000000038         0.6242512268233855
64.0200000000004          0.6674140457445789
64.04000000000036         0.6934009098300435
64.06000000000034         0.7062464517207244
64.08000000000035         0.7116851065360749
64.10000000000035         0.7130880401182624
64.12000000000035         0.7114366368157616
64.14000000000037         0.7057530976244281
64.16000000000034         0.6926572294640005
64.18000000000033         0.6663921394730841
64.20000000000036         0.6230391473138113
64.22000000000035         0.5656412120932194
64.24000000000038         0.5025548396069194
64.26000000000035         0.44403482407437356
64.28000000000038         0.39440745218443296
64.30000000000037         0.35369250318788514
64.32000000000035         0.3205591259843063
64.34000000000034         0.29356566291919906
64.36000000000035         0.2714862853848131
64.38000000000035         0.2533484353046147
64.40000000000035         0.23839764811757183
64.42000000000033         0.22605241123133468
64.44000000000034         0.21586473120918934
64.46000000000035         0.2074890670773769
64.48000000000032         0.20065880712739456
64.50000000000036         0.19516851197090662
64.52000000000035         0.19086207868574223
64.54000000000033         0.1876215315583025
64.56000000000033         0.18536155024381534
64.58000000000033         0.18402434880910482
64.60000000000032         0.1835765146769738
64.62000000000033         0.18400711938563286
64.64000000000033         0.18532711415751152
64.66000000000031         0.18756999403276786
64.6800000000003          0.1907936122401319
64.70000000000032         0.19508330983935024
64.72000000000033         0.20055667789405837
64.74000000000031         0.20737039494189033
64.76000000000029         0.2157297722723428
64.78000000000031         0.2259004361751385
64.80000000000031         0.23823013264726065
64.8200000000003          0.2531654479331808
64.84000000000029         0.271286939061854
64.8600000000003          0.2933479696901498
64.88000000000031         0.3203199855846158
64.90000000000028         0.3534285090720838
64.92000000000029         0.3941157620030927
64.9400000000003          0.44370759664820586
64.96000000000028         0.5021355103410381
64.98000000000027         0.5649534319266633
65.00000000000026         0.6221000295986916
65.02000000000027         0.6651798490243168
65.04000000000026         0.6911818322551407
65.06000000000026         0.7039925930735361
65.08000000000024         0.7094274872424347
65.10000000000028         0.7108440434046097
65.12000000000026         0.7092192327871907
65.14000000000026         0.7035803812485318
65.16000000000025         0.6905597036642067
65.18000000000023         0.6644111337251453
65.20000000000023         0.6212125457042279
65.22000000000024         0.5640029667554652
65.24000000000021         0.5011731238120198
65.26000000000022         0.44276503762616776
65.2800000000002          0.3932054337378492
65.3000000000002          0.352551170582362
65.32000000000022         0.3194719891112284
65.34000000000019         0.292524351222051
65.3600000000002          0.2704779575467925
65.38000000000022         0.25236286980637845
65.4000000000002          0.23742679500059682
65.4200000000002          0.2250899544918069
65.4400000000002          0.21490567181900294
65.46000000000019         0.2065293361755726
65.4800000000002          0.19969496164309183
65.50000000000017         0.19419780206314727
65.52000000000024         0.189881497750444
65.5400000000002          0.1866286623076192
65.5600000000002          0.1843540865337191
65.58000000000018         0.18299993936708414
65.60000000000021         0.18253261202529117
65.62000000000019         0.18294097085360175
65.64000000000019         0.18423574729154474
65.6600000000002          0.18645016587208302
65.6800000000002          0.18964169643915046
65.70000000000017         0.1938951995612551
65.72000000000017         0.1993277050032609
65.7400000000002          0.20609512386387907
65.76000000000019         0.2144013783474296
65.78000000000019         0.22451114511945353
65.80000000000018         0.23676739413737258
65.82000000000016         0.25161481899861854
65.84000000000016         0.269630750197809
65.8600000000002          0.29156140604978714
65.88000000000021         0.31838108737668913
65.90000000000016         0.35130696610015694
65.92000000000019         0.39177518077226614
65.94000000000017         0.4411063172293225
65.96000000000016         0.4992318413682348
65.98000000000017         0.5617192016670823
66.00000000000014         0.6185492009830819
66.02000000000014         0.6613823041750382
66.04000000000013         0.6872155190054451
66.06000000000016         0.6999786529400368
66.08000000000017         0.7054013926961497
66.10000000000016         0.706836880749693
66.12000000000015         0.7052543925717004
66.14000000000017         0.6996912376376135
66.16000000000012         0.6867850274984613
66.18000000000012         0.6608102817564886
66.20000000000012         0.6178390677224915
66.22000000000013         0.5608772895663722
66.24000000000008         0.49826039114163395
66.26000000000009         0.4399992994571123
66.2800000000001          0.3905191673835221
66.30000000000011         0.34988739386048795
66.32000000000008         0.31678463107288124
66.34000000000007         0.2897756690301173
66.36000000000007         0.26764110538981595
66.38000000000008         0.24941467172929097
66.40000000000009         0.23434734813443422
66.42000000000006         0.2218628378318747
66.44000000000007         0.21151272828791645
66.46000000000008         0.2029549311847056
66.48000000000008         0.19592378573048388
66.50000000000007         0.1902144810493964
66.52000000000008         0.18567019281192948
66.54000000000008         0.18217266877261204
66.56000000000007         0.17963545632723737
66.58000000000006         0.17799914493013008
66.60000000000005         0.1772281945681977
66.62000000000005         0.17730909080402943
66.64000000000007         0.1782496623241174
66.66000000000007         0.18007951814407835
66.68000000000008         0.18285182670034242
66.70000000000005         0.18664571900254256
66.72000000000007         0.19157148730625753
66.74000000000007         0.19777661371142635
66.76000000000008         0.20545479473919667
66.78000000000004         0.21485798220183322
66.80000000000007         0.2263127862335246
66.82000000000006         0.2402430047011944
66.84000000000006         0.2571994114002679
66.86000000000004         0.27789748968198347
66.88000000000005         0.30326050208518657
66.90000000000008         0.3344529947352573
66.92000000000003         0.3728455511602638
66.94000000000004         0.419702069413405
66.96000000000002         0.4750831175942574
66.98000000000005         0.5344965927418809
67.00000000000001         0.5883563883387717
67.02000000000001         0.6288148889200887
67.04000000000005         0.6530727139295517
67.06000000000002         0.6650136291847086
67.08000000000003         0.6701006903673357
67.10000000000004         0.6714677447733416
67.12000000000006         0.6699980614602987
67.14000000000003         0.6647522421679655
67.16000000000003         0.6525510562860369
67.18                     0.6279746339432956
67.2                      0.5868404919913117
67.21552896288604         0.5454038107010419
67.22491040899926         0.5151314123526297
67.23036196722202         0.4986968378474001
67.24339351124145         0.4582752753181491
67.26159970247558         0.4078658280247845
67.27223326693927         0.37965454378891267
67.30522780074733         0.3150457587170937
67.31153658253764         0.3030854693835618
67.31345301599104         0.2994003158461475
67.3595452149696          0.23687442932600036
67.37509732032656         0.22174349806637303
67.42028126245035         0.18562519195008922
67.45327022882792         0.16626447367007982
67.49811895824251         0.1458553819240191
67.55348141338682         0.12680931399288337
67.5981026538334          0.11504050933125218
67.60000000000002         0.11466663251805106
