% Model:              ModelBHUp.mph
% Version:            COMSOL 5.6.0.280
% Date:               Oct 20 2021, 19:12
% Dimension:          1
% Nodes:              998
% Expressions:        1
% Description:        线图
% cln2x                   Height
23.400000000000006        0.10824503110026382
23.400356942854856        0.10831700639424471
23.44769960960362         0.1210930184321813
23.50049204656409         0.13943004502433795
23.547428652571316        0.16115637394077062
23.578361325235047        0.17962875042284923
23.625290065888752        0.2173294292076327
23.638945586630037        0.23071021124324323
23.68702690973971         0.2951034759657101
23.6870274095499          0.2949287180612965
23.687029165230737        0.29547446495116125
23.728285680691954        0.37526715431149377
23.73692136248761         0.3976861987497165
23.75718570084466         0.4558552903829012
23.762298505703985        0.470697877214385
23.765526896160413        0.47972811703324497
23.782355620314547        0.5323097575980558
23.8                      0.5799562503911291
23.82000000000065         0.6208220593103846
23.84000000000112         0.6444920161979577
23.860000000001374        0.6562230841765795
23.880000000001495        0.6613492276504153
23.900000000001544        0.6628013592716072
23.920000000001554        0.6614488057723562
23.940000000001554        0.6564882127852987
23.960000000001553        0.6451006639277144
23.98000000000157         0.6221375965388192
24.00000000000158         0.582562271316052
24.020000000001602        0.5280736105078544
24.04000000000162         0.4689728444370762
24.060000000001626        0.414623949169839
24.08000000000163         0.3686130492954369
24.10000000000163         0.3308928278514258
24.12000000000163         0.3002170428540927
24.14000000000162         0.27527599043194245
24.16000000000162         0.25492494476640887
24.180000000001627        0.2382530764220213
24.200000000001634        0.22455285656562185
24.220000000001633        0.21327870408767208
24.240000000001633        0.204010095678074
24.26000000000163         0.1964223903243107
24.280000000001635        0.1902649060131646
24.300000000001628        0.1853449613291418
24.32000000000163         0.18151485999565117
24.340000000001627        0.17866471383531607
24.360000000001623        0.17671478227422327
24.380000000001626        0.1756113522116566
24.400000000001626        0.17532381862456806
24.42000000000163         0.17584304619847996
24.440000000001636        0.17718087982093814
24.460000000001635        0.17937072974432944
24.480000000001624        0.18246929433287018
24.50000000000162         0.18655957242509383
24.52000000000163         0.1917554111860764
24.54000000000163         0.19820797592733397
24.56000000000163         0.20611557766006905
24.580000000001633        0.2157331127847876
24.60000000000163         0.2273926971114976
24.62000000000164         0.2415212356375498
24.64000000000163         0.25867875427766746
24.66000000000163         0.2795865662092532
24.68000000000163         0.30516287174327694
24.700000000001626        0.33657021003481713
24.72000000000162         0.37516111148691983
24.740000000001615        0.4221760972188517
24.76000000000161         0.47767051843733027
24.7800000000016          0.5380141760778133
24.800000000001585        0.5937206636589017
24.82000000000157         0.6343040785402584
24.840000000001567        0.6579468794418549
24.860000000001573        0.6697356199303215
24.880000000001566        0.6749184894927108
24.90000000000157         0.6764047115538767
24.920000000001565        0.6750432954916089
24.94000000000157         0.6699849604894489
24.96000000000157         0.6583228321422697
24.980000000001578        0.6347886713221832
25.000000000001606        0.5942878552637271
25.02000000000162         0.5386327906338928
25.040000000001626        0.478320227191247
25.06000000000163         0.42285118898731017
25.08000000000164         0.3758640335359206
25.100000000001643        0.3373066895763202
25.120000000001635        0.30593996618927727
25.140000000001645        0.2804113709937455
25.160000000001638        0.2595579641212275
25.18000000000164         0.24246329254508905
25.20000000000164         0.22839714818942083
25.22000000000164         0.21681079926290103
25.24000000000164         0.20727327184087055
25.26000000000164         0.1994534817354161
25.28000000000164         0.193095559295217
25.300000000001642        0.18800228449973858
25.32000000000164         0.18402300935040902
25.340000000001634        0.1810446750107302
25.36000000000164         0.17898527726011973
25.380000000001637        0.17778931684471447
25.400000000001647        0.17742480210274456
25.42000000000164         0.17788143709756588
25.44000000000164         0.17917020372064166
25.460000000001635        0.1813238408594525
25.48000000000165         0.18439866765059879
25.50000000000164         0.1884776069276894
25.520000000001644        0.19367474737316026
25.540000000001644        0.20014186922095628
25.560000000001644        0.20807750928459023
25.58000000000164         0.21773935893088434
25.600000000001643        0.22946102309745842
25.620000000001646        0.24367440748991576
25.640000000001656        0.26093937436490244
25.66000000000165         0.28198410343400826
25.680000000001645        0.30773380916284154
25.700000000001644        0.33936740370418617
25.720000000001647        0.3782546028283227
25.740000000001633        0.42565160407240266
25.76000000000162         0.4814846521860592
25.78000000000161         0.5422977894820945
25.800000000001596        0.5984835712206945
25.820000000001578        0.6394756620660949
25.840000000001584        0.6634019309749565
25.860000000001577        0.6753570940444237
25.88000000000159         0.6806417048688123
25.90000000000159         0.6821874506261053
25.92000000000158         0.6808503935325708
25.940000000001575        0.6757639207647229
25.96000000000159         0.6639987829259417
25.980000000001596        0.6402371939279621
26.00000000000161         0.5993656328620585
26.02000000000163         0.5432476091191047
26.040000000001633        0.48246199422502345
26.06000000000165         0.42656395621448057
26.08000000000165         0.379211276864813
26.100000000001653        0.3403510716964513
26.120000000001653        0.3087357933624211
26.14000000000166         0.2830045277423284
26.16000000000166         0.2619894630249982
26.18000000000165         0.24475900338213788
26.200000000001648        0.23058785295585332
26.220000000001654        0.21891537241392886
26.240000000001647        0.20930874511961858
26.260000000001657        0.20143308736931365
26.280000000001657        0.19503173296427492
26.300000000001656        0.18990528984611826
26.32000000000165         0.18590210796464265
26.340000000001655        0.18290835548390558
26.360000000001655        0.18084148756718957
26.380000000001647        0.17964560150682085
26.40000000000165         0.17928838151798068
26.420000000001654        0.17975942028840886
26.440000000001657        0.18106978140472446
26.460000000001653        0.18325261876209611
26.48000000000166         0.18636488861969366
26.500000000001656        0.1904901427335181
26.52000000000165         0.1957439637229713
26.54000000000165         0.20227944986696392
26.560000000001654        0.21029702713740747
26.580000000001654        0.22005680099913064
26.600000000001657        0.2318954946866304
26.620000000001657        0.246249165173506
26.64000000000166         0.2636831195149956
26.660000000001663        0.28492968204144503
26.680000000001666        0.31093076269733283
26.700000000001655        0.34286927459437155
26.72000000000165         0.38212844083190245
26.74000000000165         0.42990522226112166
26.760000000001632        0.48644998389909094
26.780000000001618        0.5477777133236079
26.800000000001603        0.6044209435186361
26.820000000001595        0.6459641391057142
26.840000000001588        0.6703209637258759
26.860000000001595        0.6824691657499967
26.88000000000159         0.6878533422561347
26.90000000000159         0.6894428307015316
26.920000000001597        0.6881060702743667
26.940000000001593        0.6829701744103701
26.960000000001603        0.6710386266635724
26.980000000001606        0.6469013734336743
27.00000000000162         0.6055150932460696
27.020000000001634        0.5489672855966653
27.040000000001655        0.4875796984028042
27.060000000001658        0.43115001550571636
27.08000000000166         0.3833463654042197
27.100000000001668        0.34411456964137954
27.120000000001664        0.3121968950606015
27.140000000001663        0.2862193839002889
27.160000000001666        0.2650028153278096
27.180000000001677        0.24760651162682373
27.20000000000167         0.23329973831490405
27.220000000001672        0.2215164096547041
27.240000000001665        0.21181972607540417
27.260000000001664        0.2038726471122663
27.280000000001664        0.19741488079010672
27.300000000001663        0.19224568764533123
27.32000000000166         0.18821146370992953
27.340000000001666        0.1851967240455878
27.36000000000167         0.18311777948191102
27.38000000000167         0.18191806687060952
27.40000000000167         0.1815650075160646
27.420000000001664        0.18204831593605555
27.440000000001668        0.18337930912663725
27.460000000001664        0.18559160334878755
27.480000000001667        0.18874283675200867
27.500000000001666        0.19291775582913792
27.52000000000168         0.19823288927791088
27.540000000001676        0.20484320372201353
27.56000000000167         0.21295135205592325
27.580000000001665        0.22281913207238635
27.60000000000168         0.23478883493958685
27.620000000001674        0.2493004485615497
27.640000000001674        0.26692533839495286
27.660000000001666        0.28840356862001015
27.68000000000167         0.31468706902766924
27.70000000000168         0.3469714618978767
27.720000000001672        0.38665486056188475
27.74000000000166         0.43502048245591
27.760000000001646        0.4921046563265392
27.780000000001632        0.5541179133852061
27.800000000001617        0.6114472859792427
27.820000000001613        0.6535601734376209
27.840000000001602        0.6782783562533348
27.860000000001598        0.6906476896792124
27.880000000001598        0.6961268325260259
27.900000000001597        0.6977494224857784
27.920000000001597        0.6964030122542761
27.9400000000016          0.691196611821693
27.960000000001607        0.679088258705324
27.980000000001617        0.6546019449177903
28.00000000000163         0.6126696682980777
28.020000000001648        0.5554561607964313
28.040000000001662        0.49350232439585767
28.060000000001676        0.43644440008772284
28.080000000001675        0.38809160528698344
28.100000000001675        0.34841914428566456
28.120000000001674        0.31615052264997995
28.140000000001674        0.28989448171350496
28.16000000000168         0.26845105451315493
28.180000000001673        0.2508705964847522
28.20000000000168         0.2364128059565206
28.220000000001686        0.22450561608864844
28.24000000000168         0.21470753049194824
28.26000000000167         0.20667757072617185
28.28000000000169         0.20015238476132205
28.300000000001685        0.194929149413854
28.320000000001677        0.19085294705146066
28.34000000000168         0.1878075212404731
28.36000000000168         0.1857084259154047
28.38000000000168         0.18449852873350753
28.40000000000168         0.18414449246052916
28.420000000001668        0.18463552253963458
28.440000000001668        0.18598297291391583
28.460000000001678        0.18822076208728825
28.48000000000168         0.19140713845261972
28.500000000001677        0.19562801396332538
28.520000000001676        0.2010008630660959
28.540000000001683        0.20768256308177702
28.560000000001686        0.21587808197652647
28.58000000000168         0.225853408057676
28.600000000001682        0.23795284563616004
28.62000000000168         0.25262217742251364
28.640000000001688        0.2704390951407981
28.66000000000168         0.29215148590926954
28.680000000001673        0.3187196447161183
28.700000000001676        0.351358354812947
28.72000000000167         0.3914777167298213
28.740000000001668        0.4403746615685534
28.760000000001664        0.49808960561012183
28.780000000001646        0.5608083371708013
28.800000000001635        0.6188400577762334
28.82000000000162         0.6615351841952526
28.840000000001613        0.6866395402321166
28.860000000001616        0.6992196916184151
28.880000000001623        0.7047984552952536
28.90000000000163         0.7064558006613075
28.92000000000163         0.705093512427722
28.94000000000163         0.699805323657597
28.96000000000165         0.6875173204929848
28.98000000000165         0.6627408095001792
29.000000000001645        0.6202827917154369
29.02000000000166         0.5622396729759287
29.04000000000167         0.49958847968391634
29.060000000001676        0.4419071392712886
29.080000000001686        0.393030987770148
29.100000000001675        0.3529311431441391
29.120000000001674        0.3203158705165649
29.14000000000167         0.2937744643421597
29.160000000001673        0.2720998456963076
29.18000000000168         0.25433052777929577
29.20000000000167         0.23971858134400995
29.220000000001672        0.22768696669727537
29.240000000001682        0.21778576027387225
29.26000000000169         0.20967132618095902
29.280000000001685        0.20307696363732836
29.30000000000168         0.1977988710189159
29.32000000000168         0.19367973493978158
29.340000000001677        0.19060140101013454
29.360000000001683        0.18847835312545852
29.38000000000167         0.1872527488605251
29.400000000001683        0.18689128459480014
29.420000000001693        0.187383394203305
29.44000000000169         0.18874054734475357
29.46000000000169         0.1909968645178891
29.480000000001688        0.19421095351513304
29.50000000000169         0.19846923415295714
29.520000000001684        0.20389070575151333
29.54000000000169         0.21063372425338722
29.560000000001693        0.21890543734253398
29.58000000000169         0.2289758953029341
29.600000000001696        0.2411912807585783
29.62000000000169         0.2560030940455579
29.640000000001688        0.2739953876308568
29.66000000000169         0.2959242620681101
29.68000000000169         0.3227611816060129
29.700000000001694        0.35572372728004736
29.720000000001683        0.3962314969369804
29.740000000001675        0.4455893038802651
29.76000000000166         0.503876551645747
29.78000000000165         0.5673790406833015
29.800000000001635        0.6260914427614352
29.820000000001627        0.6693517968491502
29.840000000001627        0.6948286951718122
29.86000000000162         0.7076103057316191
29.880000000001623        0.7132833106565161
29.90000000000162         0.7149719068792971
29.92000000000162         0.713588127956574
29.940000000001625        0.7082168009489375
29.960000000001628        0.6957450113764078
29.980000000001635        0.6706077795864424
30.00000000000166         0.6275937356334483
30.020000000001666        0.5688787616046179
30.040000000001683        0.5055557686446399
30.060000000001697        0.44727728664559097
30.080000000001704        0.39786996581337714
30.10000000000171         0.3573944798732309
30.120000000001703        0.32445162758101154
30.140000000001702        0.2976474220067225
30.160000000001695        0.27576052264263823
30.1800000000017          0.2578175876733902
30.200000000001705        0.24306248731475374
30.220000000001704        0.23091150963307094
30.2400000000017          0.22091418833384652
30.2600000000017          0.21272194691561366
30.28000000000171         0.2060652311191341
30.300000000001706        0.20073632749997075
30.3200000000017          0.19657667601954873
30.340000000001695        0.1934666192887958
30.360000000001705        0.19131987415468132
30.3800000000017          0.19007779084669754
30.400000000001707        0.1897064787601713
30.420000000001703        0.1901950274058853
30.440000000001717        0.1915549473092088
30.460000000001703        0.19382078434123884
30.480000000001706        0.19705191918214346
30.500000000001712        0.2013356580675655
30.5200000000017          0.20679205896979427
30.540000000001704        0.21358084626981913
30.5600000000017          0.22191107113958228
30.5800000000017          0.23205417810606593
30.600000000001707        0.24436165628571477
30.62000000000172         0.2592887154064224
30.640000000001702        0.27742544434158956
30.660000000001705        0.2995361193986494
30.6800000000017          0.3266042272290386
30.700000000001705        0.35985315536472795
30.720000000001704        0.4007195642177582
30.740000000001693        0.4505220219859795
30.760000000001682        0.5093459780668013
30.78000000000167         0.5734423680625321
30.80000000000165         0.6329222279824445
30.82000000000165         0.6766542147937282
30.840000000001645        0.7023905823435439
30.860000000001644        0.7153419351125172
30.880000000001647        0.7211009358269188
30.90000000000164         0.7228177451341194
30.920000000001643        0.7214178940700172
30.94000000000165         0.715974050770432
30.96000000000165         0.7033328282301351
30.98000000000166         0.6778693963858998
31.00000000000168         0.6343493738528391
31.020000000001684        0.5750073272345082
31.0400000000017          0.5109885022955748
31.060000000001708        0.45220684990453297
31.08000000000171         0.4024322892648721
31.10000000000171         0.3615916235521279
31.120000000001706        0.32837226363711214
31.140000000001717        0.3013434654979218
31.160000000001705        0.2792766659089636
31.180000000001712        0.26119040347590616
31.200000000001708        0.24631801648042218
31.22000000000171         0.2340729443956844
31.240000000001707        0.2239978182001547
31.26000000000171         0.2157416198712043
31.28000000000171         0.20903298544886004
31.30000000000171         0.20366228473080453
31.320000000001716        0.19946909236535645
31.34000000000172         0.1963328412412455
31.360000000001712        0.1941659836143579
31.380000000001704        0.1929091513200057
31.40000000000171         0.19252798032585752
31.42000000000171         0.19301128601005998
31.440000000001717        0.1943705161549028
31.46000000000173         0.19664034444778053
31.480000000001716        0.19988048401097638
31.500000000001712        0.20417892043936622
31.520000000001705        0.20965679306038737
31.54000000000171         0.21647532770929057
31.56000000000172         0.2248454407668038
31.580000000001718        0.2350409118099959
31.600000000001717        0.24741628621748515
31.620000000001717        0.2624332132818248
31.640000000001717        0.2806829819138401
31.660000000001716        0.3029379457877864
31.680000000001705        0.33018729311302225
31.70000000000171         0.3636818192216955
31.720000000001697        0.4048735036635769
31.740000000001697        0.4550256354597126
31.76000000000169         0.5143150772893076
31.78000000000168         0.578946414570485
31.80000000000166         0.6389713636107296
31.820000000001652        0.6831554154317176
31.840000000001652        0.7091815406832304
31.86000000000165         0.7222802438197025
31.88000000000165         0.7281106111479999
31.90000000000165         0.7298520180058274
31.920000000001654        0.7284382527578552
31.94000000000166         0.7229277063084342
31.960000000001674        0.7101246280375512
31.98000000000168         0.6843673729405886
32.000000000001684        0.6404022413782958
32.0200000000017          0.5805283613900183
32.040000000001704        0.5159857088070526
32.06000000000172         0.45674752544205754
32.08000000000172         0.40660021809720126
32.10000000000172         0.36546450952910803
32.12000000000173         0.33201436986482824
32.14000000000172         0.304805166096773
32.16000000000172         0.28259748832305837
32.18000000000172         0.2644017813753685
32.200000000001715        0.24944710710320822
32.22000000000172         0.23713697328104177
32.240000000001736        0.22701063991167864
32.26000000000172         0.21871268928854834
32.28000000000172         0.2119691295708665
32.300000000001724        0.20657057950724142
32.32000000000172         0.20235545137574587
32.34000000000173         0.1992023102073677
32.36000000000172         0.19702278925996808
32.38000000000172         0.19575690512895808
32.40000000000173         0.195369884662758
32.42000000000174         0.19585034668283285
32.44000000000173         0.19720971562751444
32.46000000000173         0.1994828254504196
32.48000000000173         0.20272976601332493
32.500000000001734        0.2070388934398083
32.52000000000174         0.21253256083003058
32.540000000001726        0.21937304938462301
32.560000000001736        0.22777295530642572
32.580000000001725        0.23800833848678457
32.60000000000174         0.25043672011862417
32.620000000001724        0.2655211919143505
32.64000000000173         0.28386211999237965
32.66000000000173         0.30623712725267294
32.68000000000173         0.3336461991598302
32.700000000001744        0.3673447674016502
32.72000000000172         0.4088005865439798
32.74000000000172         0.45936475664886
32.76000000000171         0.5191022414197803
32.780000000001685        0.5841269123932952
32.800000000001674        0.6444909657768993
32.82000000000168         0.6891362026394628
32.840000000001666        0.7155327867436536
32.86000000000166         0.7288095110748686
32.88000000000166         0.7347179741844287
32.90000000000167         0.7364870417389313
32.920000000001686        0.7350629401005339
32.940000000001675        0.7294939911313452
32.96000000000168         0.7165354550966346
32.98000000000168         0.6904273436313276
33.00000000000169         0.6460115085900372
33.02000000000171         0.5858035987880031
33.04000000000172         0.5208701088926604
33.06000000000172         0.4611079972834471
33.08000000000173         0.4106246166425413
33.10000000000173         0.3692260294385301
33.12000000000174         0.3355739926998839
33.14000000000173         0.30821122343511675
33.16000000000173         0.2858867049714686
33.18000000000174         0.26760154626437455
33.20000000000174         0.2525783946919389
33.22000000000173         0.24021694257040596
33.240000000001736        0.23005383507016394
33.26000000000173         0.22173059116477814
33.28000000000175         0.2149698378401881
33.30000000000174         0.20955764453203177
33.320000000001734        0.20533063695316955
33.34000000000174         0.20216699464085827
33.36000000000173         0.19997870668541265
33.38000000000173         0.19870633455816403
33.40000000000173         0.19831513030727113
33.42000000000174         0.19879364934678911
33.44000000000174         0.20015325241172774
33.46000000000175         0.2024289190199535
33.48000000000176         0.20568108250513736
33.50000000000174         0.20999890559984644
33.520000000001744        0.2155052437184457
33.54000000000174         0.22236372794887188
33.56000000000174         0.23078858676501476
33.58000000000174         0.24105806300507188
33.60000000000174         0.25353083530354753
33.62000000000175         0.2686765673384223
33.64000000000175         0.2870994233449655
33.660000000001745        0.3095835903525353
33.68000000000174         0.33713758592326004
33.700000000001744        0.37102766437780993
33.72000000000175         0.41273452225494855
33.740000000001736        0.4636224941916917
33.76000000000172         0.5237639300682684
33.780000000001706        0.5892597863814588
33.80000000000169         0.6501091928679394
33.820000000001684        0.6951665972824461
33.84000000000167         0.7218403916517309
33.8600000000017          0.7352758011597998
33.88000000000168         0.7412573464025874
33.90000000000167         0.7430522746592039
33.920000000001664        0.7416192896976593
33.94000000000167         0.7360035209495981
33.96000000000168         0.7229159105341422
33.98000000000169         0.6965530956611534
34.00000000000172         0.6517421074219593
34.02000000000173         0.5910596485845515
34.04000000000174         0.5256615202495601
34.06000000000174         0.4655762149350406
34.080000000001746        0.4147277075418837
34.10000000000175         0.3730579218694066
34.120000000001745        0.33920884193696227
34.14000000000176         0.3117019952703831
34.160000000001745        0.2892748898643294
34.180000000001755        0.27091194397361695
34.20000000000176         0.2558319619939713
34.22000000000174         0.24342850707696195
34.24000000000175         0.23323348931238805
34.26000000000177         0.22488592208303335
34.28000000000175         0.21810759169931992
34.30000000000175         0.2126843455601756
34.32000000000177         0.20845212726289777
34.34000000000175         0.20528727170804503
34.360000000001754        0.20309973444956797
34.38000000000175         0.20182817197006397
34.40000000000175         0.2014368620727828
34.42000000000176         0.2019145268754425
34.440000000001746        0.2032733836172915
34.46000000000178         0.20554959397695513
34.48000000000176         0.20880438201901852
34.500000000001755        0.21312779582279787
34.52000000000176         0.21864316901367986
34.54000000000176         0.2255154179416848
34.56000000000176         0.23396033430205035
34.58000000000177         0.24425827914897175
34.600000000001764        0.2567725038756934
34.62000000000175         0.27197366745983603
34.64000000000176         0.29047201641607456
34.66000000000175         0.31305781869471166
34.680000000001755        0.34074662382966986
34.70000000000175         0.37481954056951355
34.72000000000175         0.4167699361544254
34.74000000000176         0.46797518917739594
34.76000000000174         0.528515808964101
34.78000000000171         0.5944807307969819
34.80000000000171         0.6558167357242636
34.82000000000169         0.7012900719490435
34.84000000000169         0.728245823437578
34.86000000000169         0.7418393586210809
34.880000000001694        0.7479000185122553
34.90000000000171         0.7497284569516338
34.9200000000017          0.7482938457674604
34.940000000001696        0.7426244795961389
34.960000000001706        0.7294132898886091
34.98000000000171         0.7027941376748038
35.00000000000171         0.6575882359833957
35.02000000000174         0.5964342161463639
35.04000000000175         0.5305760208996722
35.06000000000175         0.47009676147003826
35.08000000000175         0.418934450768757
35.10000000000175         0.3770240139666733
35.12000000000175         0.3429943329233999
35.140000000001756        0.3153541148535509
35.16000000000176         0.2928264911002069
35.18000000000177         0.2743935946542333
35.20000000000176         0.25926342050052203
35.22000000000176         0.24682457313247122
35.24000000000176         0.23660674094133574
35.26000000000175         0.22824404637538384
35.280000000001756        0.2214566026224186
35.30000000000176         0.2160274537950877
35.32000000000177         0.21179065242926665
35.34000000000176         0.20862172980180052
35.36000000000177         0.20643099626279673
35.380000000001765        0.20515795647984506
35.40000000000176         0.20476770720776688
35.420000000001764        0.20524864552574026
35.44000000000177         0.20661211540431684
35.460000000001756        0.20889331019321442
35.48000000000176         0.2121530408892626
35.500000000001776        0.21648127839985276
35.520000000001765        0.22200313424795243
35.54000000000177         0.22888460699757665
35.56000000000178         0.23734412411582959
35.58000000000177         0.2476645461091046
35.600000000001764        0.26021208266215007
35.62000000000177         0.27546124893939494
35.64000000000177         0.29402742598618836
35.660000000001766        0.31670770691302386
35.680000000001776        0.3445266167642467
35.700000000001765        0.37876888030529116
35.72000000000176         0.4209343526470661
35.74000000000176         0.47240923422188935
35.76000000000174         0.5333165148860481
35.780000000001735        0.5998427094482137
35.80000000000171         0.6616959922405976
35.8200000000017          0.7075976840530659
35.8400000000017          0.7348474917979567
35.860000000001705        0.7486101897418899
35.8800000000017          0.7547610922580057
35.90000000000171         0.7566344787139881
35.92000000000171         0.7552097215894855
35.9400000000017          0.7495036534395131
35.96000000000171         0.7361898109520011
35.98000000000172         0.7094044979058899
36.00000000000174         0.6638411939285297
36.02000000000175         0.6020523630245974
36.040000000001776        0.5356411561097738
36.06000000000177         0.4747989371088249
36.08000000000177         0.4233680652140148
36.10000000000177         0.38124234472913987
36.12000000000178         0.34704389980128447
36.14000000000177         0.31927616786234675
36.16000000000177         0.2966519116075661
36.18000000000177         0.2781527681550913
36.20000000000177         0.26297667455554524
36.22000000000176         0.2505071054019133
36.24000000000177         0.24026869593960376
36.260000000001774        0.23189444889039718
36.28000000000178         0.22510071420103767
36.300000000001766        0.21966890944218584
36.32000000000178         0.21543209326083515
36.34000000000177         0.212265364044128
36.36000000000179         0.21007798018561402
36.38000000000177         0.20880891430711276
36.40000000000179         0.20842242808674818
36.42000000000177         0.2089064710613661
36.44000000000178         0.21027225531488133
36.46000000000176         0.21255503101470058
36.48000000000177         0.21581645545954917
36.50000000000178         0.22014794361744064
36.52000000000178         0.22567561251569135
36.5400000000018          0.23256691791034742
36.560000000001786        0.24104085152954066
36.580000000001775        0.25138198478599505
36.60000000000178         0.263959229755535
36.620000000001774        0.27925093842144927
36.64000000000178         0.2978811401489954
36.66000000000178         0.32064903831052205
36.68000000000179         0.3485915737935205
36.70000000000177         0.38300609330124186
36.72000000000178         0.4254076518122838
36.740000000001764        0.477198817738669
36.76000000000176         0.5385143249419511
36.780000000001735        0.6055319684174744
36.80000000000172         0.6680422029023888
36.82000000000171         0.71436180847643
36.8400000000017          0.7418463378400382
36.8600000000017          0.7557773222050043
36.88000000000171         0.7620416391237324
36.9000000000017          0.7639765127215964
36.920000000001714        0.7625769967855174
36.940000000001696        0.7568483603788878
36.96000000000171         0.743427974326205
36.98000000000173         0.7163993225181513
37.00000000000174         0.6704356838426464
37.020000000001765        0.6081567669388352
37.040000000001804        0.5412658390720557
37.060000000001786        0.48001485810671624
37.080000000001796        0.42826217787774384
37.10000000000179         0.3858940990866814
37.12000000000178         0.35151764834387744
37.1400000000018          0.32362140740356626
37.16000000000179         0.30090885312047766
37.18000000000179         0.28234501295326764
37.2000000000018          0.2671242489967237
37.220000000001804        0.25462353411308614
37.240000000001785        0.24436688234342344
37.260000000001796        0.23598267836447556
37.28000000000179         0.22918507265883695
37.300000000001795        0.22375364636364514
37.3200000000018          0.21951997164474907
37.340000000001794        0.21635767532292544
37.36000000000179         0.2141753455077472
37.38000000000179         0.21291114028388997
37.400000000001796        0.2125292395403943
37.420000000001785        0.2130176362034782
37.440000000001795        0.2143876494251097
37.460000000001806        0.21667478480872598
37.480000000001795        0.2199407248660663
37.5000000000018          0.224277109082911
37.52000000000181         0.22981048736725293
37.5400000000018          0.23670951779231889
37.56000000000179         0.24519488558809371
37.580000000001796        0.25555336592485456
37.6000000000018          0.2681568951027433
37.620000000001795        0.2834882229043726
37.6400000000018          0.3021743991225676
37.6600000000018          0.32503183602048696
37.6800000000018          0.3530981465303772
37.70000000000178         0.38769785954736974
37.72000000000178         0.4303686791925855
37.74000000000177         0.48253910647648685
37.76000000000178         0.544324509445362
37.780000000001756        0.6117627868174055
37.80000000000175         0.674839379353941
37.820000000001734        0.7216546987869213
37.84000000000172         0.7494850741525944
37.86000000000172         0.7636255890452094
37.880000000001715        0.7700109527928684
37.90000000000171         0.7720248802407592
37.920000000001714        0.7706668180699221
37.94000000000172         0.7649261132212195
37.96000000000173         0.7513751902295119
37.98000000000175         0.7241059653555656
38.000000000001755        0.6777179939615954
38.02000000000178         0.6149223528760315
38.04000000000179         0.5475273122781402
38.060000000001786        0.48584917953444756
38.08000000000181         0.43376313204948663
38.1000000000018          0.39114722584448397
38.1200000000018          0.35659231761501115
38.140000000001805        0.3285708743573495
38.1600000000018          0.30577319294698885
38.180000000001804        0.2871540839588919
38.20000000000181         0.27189998090770373
38.220000000001804        0.25938250065559215
38.24000000000181         0.24911715061783848
38.26000000000182         0.24073044488855236
38.280000000001806        0.23393448647991852
38.300000000001795        0.2285076853921191
38.320000000001805        0.2242802773776649
38.34000000000181         0.22112510161119556
38.36000000000181         0.2189490711476553
38.38000000000181         0.217689432882774
38.400000000001825        0.21731039594968432
38.42000000000181         0.21780061043045712
38.44000000000181         0.2191721332790861
38.46000000000179         0.22146079679615005
38.4800000000018          0.22472851720982653
38.500000000001805        0.22906691731011242
38.52000000000181         0.23460239935550006
38.54000000000179         0.24150495431598223
38.56000000000181         0.24999687193837578
38.580000000001824        0.26036763199719776
38.6000000000018          0.272992648141822
38.6200000000018          0.2883590769026659
38.640000000001805        0.3070997786298326
38.6600000000018          0.3300362220882207
38.68000000000181         0.3582267130979106
38.7000000000018          0.39300235804980443
38.7200000000018          0.4359237873186481
38.74000000000179         0.48844194698990784
38.760000000001774        0.5506902959222867
38.78000000000176         0.6187243508148992
38.80000000000176         0.6822684638127714
38.82000000000174         0.7296851624750859
38.84000000000176         0.7580149297615746
38.86000000000173         0.7724448951346349
38.88000000000173         0.7789975673332046
38.90000000000173         0.7811317102914113
38.92000000000173         0.7798550494996926
38.940000000001724        0.7741386650002355
38.960000000001735        0.760505022289411
38.980000000001745        0.7328757007869565
39.00000000000176         0.6860039162576518
39.02000000000177         0.6228123297732574
39.0400000000018          0.5549560463013159
39.06000000000181         0.4927764878297157
39.08000000000181         0.44024797041829056
39.10000000000181         0.39736443502359925
39.12000000000183         0.3626194550699311
39.14000000000181         0.3344674746363
39.160000000001816        0.3115832076605493
39.18000000000181         0.2929093469203348
39.200000000001815        0.2776236291039687
39.220000000001825        0.26509180032481183
39.24000000000181         0.25482490911932504
39.26000000000184         0.24644550526485465
39.280000000001806        0.23966212409595564
39.30000000000182         0.23425048205531768
39.32000000000181         0.23003945806826048
39.340000000001815        0.22690087534426262
39.36000000000182         0.22474183897472746
39.380000000001814        0.22349923089323717
39.40000000000181         0.22313629800807336
39.42000000000182         0.22364015210830107
39.44000000000183         0.22502201103822345
39.46000000000182         0.2273175106747219
39.480000000001816        0.23058918919373908
39.50000000000182         0.23492977716471747
39.52000000000181         0.2404673505510034
39.54000000000182         0.24737246536116403
39.56000000000182         0.25586876946538667
39.580000000001824        0.2662476527118789
39.60000000000181         0.2788882332250389
39.62000000000184         0.2942810178114841
39.64000000000182         0.3130706305975584
39.66000000000182         0.33608714252165756
39.68000000000182         0.36440251783501143
39.700000000001815        0.3993662791188928
39.72000000000181         0.4425631150049908
39.74000000000179         0.49547198829985767
39.760000000001796        0.5582500243036732
39.78000000000178         0.6269493126776458
39.80000000000176         0.6912274442185622
39.82000000000175         0.7394147407261501
39.84000000000175         0.7681472082600268
39.860000000001754        0.7829142913100067
39.88000000000176         0.7897003875259369
39.90000000000175         0.7919982419285089
39.92000000000174         0.790835195835176
39.94000000000177         0.7851651670251976
39.960000000001756        0.7714584669349719
39.980000000001766        0.7435475600657421
40.00000000000178         0.6961700585014942
40.0200000000018          0.6323445578702086
40.0400000000018          0.5638649756057421
40.060000000001814        0.5011606830240166
40.08000000000182         0.4482626225792917
40.10000000000181         0.4050631604469833
40.120000000001816        0.37010642275790967
40.14000000000183         0.34181648515055013
40.16000000000182         0.3188490491573365
40.18000000000182         0.30012425554567607
40.200000000001815        0.2848131038878745
40.22000000000183         0.2722733174490043
40.240000000001814        0.26200964878260075
40.260000000001824        0.2536402817191432
40.28000000000182         0.24687159574823672
40.30000000000184         0.24147810610646653
40.32000000000182         0.23728765635375446
40.34000000000184         0.2341703546740953
40.360000000001826        0.23203147257134876
40.38000000000183         0.23080642334849744
40.400000000001825        0.23045738940033017
40.42000000000183         0.23097168371181664
40.440000000001824        0.2323610808687682
40.46000000000181         0.23466216546319074
40.480000000001844        0.23793766062185207
40.500000000001826        0.24228015850611287
40.520000000001815        0.2478177165549168
40.54000000000183         0.25472169619985524
40.56000000000182         0.2632176873296305
40.58000000000183         0.27360014748933054
40.60000000000182         0.2862521757187554
40.62000000000182         0.3016718072888849
40.64000000000183         0.3205070719868801
40.660000000001844        0.34360037186722886
40.680000000001826        0.37203858849153015
40.70000000000182         0.40719010065893435
40.72000000000184         0.45069213457468044
40.740000000001814        0.5040358729370145
40.7600000000018          0.5674180121710634
40.780000000001785        0.6368924673591948
40.800000000001766        0.7020417082281213
40.82000000000177         0.7509371426353281
40.84000000000175         0.7803803604727885
40.860000000001754        0.7955569656333721
40.880000000001765        0.8026196573599786
40.90000000000176         0.8051197447575974
40.92000000000177         0.8041014521443076
40.94000000000177         0.7984992006846307
40.96000000000177         0.7847353421225215
40.98000000000178         0.7566038126901827
41.00000000000179         0.7086935879263117
41.02000000000182         0.6439958044330295
41.04000000000182         0.5748626441351361
41.06000000000182         0.5115959677111239
41.08000000000183         0.4582783446769116
41.10000000000183         0.41478622656937386
41.12000000000183         0.37963671795015064
41.14000000000183         0.35122798713158
41.16000000000184         0.32819111581647586
41.18000000000183         0.30943747571725355
41.200000000001836        0.2941232117460788
41.22000000000183         0.28159800406979874
41.24000000000184         0.2713606193770706
41.260000000001824        0.2630246147074893
41.28000000000183         0.25629025081885304
41.30000000000183         0.25093061022197916
41.32000000000183         0.24677244998175576
41.34000000000186         0.24368571769909056
41.36000000000185         0.24157483001682672
41.38000000000183         0.24037396800794086
41.40000000000184         0.24004418807688843
41.42000000000184         0.2405719605417016
41.44000000000184         0.241968618472795
41.46000000000184         0.24427041339187885
41.480000000001844        0.24753978875234822
41.50000000000183         0.2518689947076094
41.52000000000186         0.25738641631406817
41.54000000000183         0.2642648967296824
41.56000000000184         0.27273226483235263
41.58000000000183         0.2830855761191533
41.60000000000185         0.29571120324327177
41.62000000000184         0.3111146559229605
41.64000000000185         0.3299491907052438
41.66000000000185         0.3530721467773263
41.68000000000184         0.38159002860542734
41.70000000000185         0.4168987428597746
41.72000000000184         0.46064188686288804
41.74000000000182         0.5143723955033576
41.76000000000182         0.5783546093777935
41.780000000001806        0.6487604010941463
41.80000000000179         0.7149190825162559
41.82000000000178         0.7647453824254309
41.84000000000178         0.7949102474528478
41.860000000001776        0.8105885897929839
41.88000000000178         0.8180093493185349
41.900000000001775        0.8207869526091169
41.920000000001785        0.8199879739504593
41.94000000000178         0.8145166575112817
41.960000000001784        0.8007205563726361
41.98000000000179         0.7723022860289249
42.000000000001805        0.7238407822827551
42.02000000000183         0.658461785983387
42.04000000000184         0.5885737246158953
42.06000000000184         0.5248465397049754
42.08000000000184         0.4712333575841294
42.10000000000184         0.42754636123494016
42.12000000000184         0.39227199916424604
42.14000000000185         0.3637826057667758
42.160000000001844        0.3406971228630177
42.18000000000184         0.32190855634908866
42.20000000000185         0.30656062942441986
42.220000000001846        0.29399627198466133
42.24000000000184         0.2837090413143608
42.260000000001845        0.2753061409050214
42.28000000000185         0.268483256973585
42.300000000001845        0.2630079328419413
42.32000000000185         0.25870433172488644
42.340000000001844        0.25543930260844144
42.360000000001854        0.2531125730507347
42.38000000000186         0.25165119960104415
42.400000000001846        0.251009218489076
42.420000000001856        0.2511665171411308
42.440000000001845        0.25212824762611225
42.46000000000184         0.25392370595537056
42.48000000000185         0.2566058797614007
42.500000000001855        0.2602550128151176
42.52000000000185         0.26498538884084855
42.540000000001854        0.2709546691870478
42.56000000000186         0.27837413939653743
42.580000000001846        0.2875228683879726
42.600000000001856        0.29876590571738876
42.62000000000186         0.312582199347294
42.64000000000185         0.32960243083035473
42.66000000000185         0.35065546948374854
42.68000000000186         0.3768223541741287
42.70000000000186         0.40947350149920975
42.72000000000185         0.45024204764593173
42.74000000000185         0.5007028399767698
42.76000000000184         0.5612053225631544
42.78000000000182         0.6281187065906079
42.800000000001795        0.6912443536203736
42.82000000000179         0.7386192474117582
42.84000000000178         0.7672429835300861
42.86000000000177         0.7822522160686557
42.88000000000177         0.7895279913166509
42.900000000001775        0.7924133654110523
42.92000000000177         0.7918469914334771
42.940000000001795        0.786738776734971
42.960000000001806        0.7736362247591091
42.98000000000179         0.7466222222324653
43.00000000000181         0.7004195651534022
43.02000000000183         0.6375057690619188
43.04000000000185         0.5693660107533383
43.06000000000188         0.5062812907161642
43.08000000000187         0.4522851607942999
43.10000000000187         0.4074049719036273
43.12000000000187         0.3703193214939791
43.14000000000186         0.33954552817735734
43.16000000000186         0.31379727095954835
43.18000000000187         0.2920435239936481
43.20000000000186         0.2734801351972555
43.22000000000187         0.2574801138688221
43.24000000000187         0.24357084232849394
43.26000000000186         0.23137103347159912
43.28000000000186         0.22058553017369273
43.30000000000186         0.21098095934802846
43.32000000000187         0.20237167282319346
43.340000000001865        0.1946090885099219
43.36000000000187         0.1875732803590942
43.38000000000188         0.18116635295570016
43.4                      0.1753075344060067
