% Model:              ModelBHUp.mph
% Version:            COMSOL 5.6.0.280
% Date:               Oct 20 2021, 20:18
% Dimension:          1
% Nodes:              963
% Expressions:        1
% Description:        线图
% cln2x                   Height
23.999999999999996        0.13378750445558818
24.02466102325603         0.14739299733059097
24.038417122647118        0.15689098532087967
24.08665489137497         0.2015243777875306
24.086677390074524        0.20154903169410013
24.08675954072998         0.2020241071141466
24.12828138925281         0.25806574559000134
24.136709817918675        0.2734297204144429
24.156815187191995        0.3132039700276161
24.16222922725792         0.3243033259132629
24.165572426816308        0.331285897447876
24.1823272773598          0.36788490529097395
24.199999999999996        0.4002484396389121
24.219999999999622        0.42686661794341263
24.24000000000001         0.44163212970029536
24.260000000000467        0.44874443714202444
24.280000000000076        0.4518211273324782
24.299999999999603        0.45269627711559285
24.319999999999975        0.4519078083547938
24.340000000000426        0.44899841077716246
24.360000000000046        0.442266502720977
24.3799999999996          0.4283703678108679
24.399999999999977        0.40355586640818547
24.420000000000428        0.3683504371231138
24.44000000000005         0.3299594351600998
24.4599999999996          0.29528768827626134
24.479999999999976        0.266983017051503
24.500000000000423        0.24499968335091157
24.520000000000053        0.2284810990394006
24.539999999999598        0.21654692773821996
24.55999999999997         0.2085060207616754
24.58000000000043         0.20388438321959856
24.600000000000048        0.20240946285481215
24.619999999999603        0.20399338673327946
24.639999999999986        0.20872799107955162
24.66000000000043         0.2168867160688122
24.680000000000057        0.22894718225535585
24.6999999999996          0.24560352320703538
24.719999999999974        0.267738951852153
24.740000000000425        0.2962116344210345
24.760000000000048        0.33106452102860623
24.77999999999959         0.3696354858163536
24.799999999999965        0.40499050953930976
24.820000000000427        0.42989940057871867
24.840000000000042        0.4438408941106704
24.859999999999594        0.45059568581073123
24.879999999999963        0.45352049753124063
24.90000000000043         0.45434278713094844
24.920000000000066        0.45355085612000834
24.939999999999703        0.4506571270256882
24.96000000000023         0.4439393256177869
24.980000000000768        0.43003359930973856
25.000000000000355        0.4051626273962422
25.019999999999957        0.36984792748311246
25.040000000000177        0.33132163268157855
25.060000000000567        0.29651985829823035
25.080000000000197        0.2681218603690632
25.099999999999675        0.246037991361985
25.11999999999997         0.22944874739319993
25.14000000000042         0.21746606458543954
25.160000000000093        0.2093943418528636
25.179999999999627        0.20475720795317973
25.19999999999994         0.2032808756192697
25.22000000000041         0.2048771988833437
25.240000000000087        0.20963727641948426
25.25999999999962         0.21783784583874705
25.279999999999934        0.229958223921853
25.300000000000402        0.24669613265597448
25.320000000000153        0.2689395363204088
25.33999999999988         0.29755185713356674
25.36000000000038         0.3325783176670782
25.380000000000763        0.37134756224746474
25.40000000000023         0.4067906227105734
25.419999999999686        0.43190189528408185
25.44                     0.4459990525945424
25.46000000000037         0.4528308359260714
25.479999999999954        0.45580785899095116
25.4999999999996          0.45667114256680397
25.520000000000053        0.4559110336041472
25.540000000000422        0.45303696310249236
25.559999999999985        0.44631686031916945
25.57999999999961         0.43236774441293174
25.600000000000065        0.4073901363422856
25.62000000000043         0.37190631684173214
25.63999999999998         0.3331872839412701
25.65999999999961         0.2982085685242686
25.68000000000005         0.269649820231002
25.70000000000043         0.24746948296483662
25.719999999999978        0.2308053981701091
25.739999999999604        0.2187686186337242
25.76000000000006         0.21066627044546016
25.780000000000427        0.20601887192230106
25.799999999999986        0.20455177880744782
25.819999999999613        0.2061769495857269
25.84000000000006         0.21098658620344857
25.86000000000044         0.2192596883604654
25.879999999999985        0.23147915221546145
25.899999999999604        0.24834781837083464
25.92000000000006         0.27076036020612115
25.94000000000043         0.29963120313102865
25.959999999999987        0.3349367132195177
25.979999999999613        0.3739291777099309
26.000000000000053        0.40965439332616344
26.020000000000437        0.4349716879594287
26.039999999999985        0.4491983456439445
26.059999999999604        0.4561075942523238
26.080000000000044        0.4591337417149473
26.1000000000004          0.4600301733790381
26.119999999999926        0.45929202544474457
26.139999999999493        0.45641935941205203
26.159999999999844        0.44967177960279725
26.180000000000085        0.43563847069982276
26.199999999999626        0.4103840901409903
26.21999999999913         0.37474780466694907
26.23999999999967         0.335819421170803
26.26000000000028         0.30057030641332266
26.27999999999998         0.27177790903441845
26.299999999999585        0.24942551339243224
26.32000000000001         0.2326406644866079
26.34000000000044         0.22052477595647776
26.360000000000024        0.21237383415396072
26.37999999999959         0.20770581301856628
26.400000000000006        0.2062441206201655
26.42000000000044         0.20790042054050242
26.440000000000015        0.21276817934465492
26.459999999999585        0.22112923520094124
26.479999999999986        0.23347107104127032
26.500000000000398        0.25050645076999895
26.519999999999968        0.27314520426482486
26.53999999999952         0.30227006812348156
26.559999999999917        0.3379052074160558
26.580000000000368        0.37726325821434276
26.600000000000023        0.4133297226478788
26.61999999999967         0.43889939620791635
26.640000000000043        0.4532797945592977
26.660000000000483        0.4602756381541164
26.68000000000007         0.463351659975092
26.6999999999996          0.4642768939142054
26.719999999999956        0.4635492405142778
26.740000000000364        0.4606690994618409
26.759999999999994        0.45387402408610716
26.77999999999967         0.4397226701414024
26.800000000000235        0.4143511699983227
26.820000000000814        0.3782916925144952
26.840000000000426        0.338938956303848
26.85999999999985         0.3034322334650483
26.880000000000056        0.2743801354223101
26.90000000000035         0.25182827595564355
26.919999999999995        0.2348960568631248
26.93999999999966         0.22267677891803947
26.96000000000001         0.21446041492417844
26.980000000000363        0.20976108004963961
26.999999999999993        0.20830006093282427
27.01999999999966         0.2099885088042164
27.040000000000024        0.2149198499199341
27.06000000000036         0.22338124194217238
27.080000000000016        0.23586583222822693
27.0999999999997          0.25309333707925574
27.120000000000097        0.2759821984394231
27.14000000000047         0.30542564481737605
27.160000000000156        0.34144867867322803
27.17999999999983         0.38123593713120824
27.200000000000117        0.4177009797358251
27.220000000000418        0.44356238251886526
27.240000000000006        0.4581169710893236
27.259999999999557        0.46520716188137756
27.279999999999944        0.46833361357201186
27.30000000000041         0.46928445134728136
27.320000000000057        0.4685631194610921
27.339999999999655        0.4656644538775556
27.360000000000053        0.45880639506531945
27.380000000000408        0.44445138233511333
27.39999999999987         0.4187607507004218
27.41999999999933         0.3824183524719256
27.43999999999976         0.3427166359129875
27.4600000000003          0.30676829270480516
27.479999999999976        0.2774080099615614
27.49999999999958         0.25461952241784797
27.519999999999996        0.23751282452504027
27.540000000000422        0.22517109605481
27.560000000000024        0.21687645341118622
27.579999999999586        0.21213855946016258
27.599999999999994        0.2106740334093371
27.620000000000424        0.2123949402078269
27.64000000000001         0.21739761543719088
27.65999999999958         0.22597102857697793
27.679999999999982        0.23861498284191754
27.700000000000397        0.2560578049072143
27.719999999999974        0.2792288364804537
27.739999999999526        0.30903210455945246
27.759999999999934        0.34549381942297697
27.780000000000403        0.38576774473162284
27.80000000000005         0.42268634467787863
27.819999999999713        0.4488802574477047
27.84000000000006         0.46363197988962485
27.860000000000475        0.4708229323876173
27.880000000000074        0.47400569857095404
27.89999999999962         0.4749812335617959
27.919999999999956        0.47426272836512817
27.940000000000342        0.4713387251660385
27.959999999999948        0.4643987995027047
27.979999999999606        0.44988012574767644
28.000000000000124        0.4238807441857553
28.020000000000632        0.3871014460324883
28.040000000000212        0.3469232313523663
28.059999999999743        0.310543883017523
28.080000000000098        0.28083208840416274
28.10000000000046         0.2577720371079649
28.119999999999994        0.24046395538082102
28.139999999999567        0.22798225558390317
28.160000000000018        0.21959640013544848
28.180000000000437        0.21481106348849574
28.199999999999985        0.21334167971601195
28.21999999999957         0.21509812393261515
28.240000000000034        0.22017829736360026
28.260000000000456        0.22887523132228754
28.280000000000005        0.24169550570927642
28.299999999999592        0.25937717999054305
28.320000000000064        0.28286198680688907
28.340000000000497        0.3130662262472409
28.360000000000046        0.3500175043136413
28.379999999999583        0.39083437712843283
28.399999999999967        0.42825703925813347
28.420000000000325        0.4548176014571001
28.439999999999955        0.4697836241590406
28.459999999999532        0.4770885763065073
28.479999999999926        0.4803210661312439
28.500000000000387        0.48132177195644243
28.520000000000035        0.4806043412375143
28.539999999999647        0.4776499595184787
28.560000000000045        0.47061846192528495
28.58000000000039         0.45590762152915676
28.599999999999874        0.42956210685226986
28.619999999999358        0.39229558154851984
28.63999999999978         0.35158738252292787
28.66000000000027         0.31472926744625507
28.679999999999904        0.28460947484098464
28.69999999999954         0.26126142351322085
28.72000000000001         0.24373222136283879
28.74000000000043         0.2310886091935262
28.75999999999997         0.22259772575065837
28.77999999999957         0.217757045070657
28.80000000000001         0.21627821804093675
28.82000000000043         0.2180698394966153
28.839999999999975        0.2232312672586901
28.859999999999555        0.23205978209749023
28.880000000000003        0.24506921118565372
28.900000000000414        0.2630080972136643
28.91999999999993         0.28683152138264545
28.939999999999493        0.3174688821619962
28.95999999999995         0.3549487378415169
28.980000000000405        0.3963505623649891
29.000000000000018        0.43442625390048967
29.019999999999673        0.4613278287486828
29.04000000000003         0.47646861944314817
29.060000000000453        0.4838801746114138
29.080000000000062        0.4871708966227276
29.099999999999607        0.48819271028069444
29.119999999999948        0.4874702723709398
29.140000000000324        0.48447698106527093
29.159999999999858        0.47734539958118527
29.1799999999994          0.4624216387660825
29.19999999999982         0.4356973165564235
29.220000000000212        0.3979092863070378
29.23999999999983         0.35655375591606947
29.259999999999476        0.31919663210442073
29.279999999999944        0.2887020349930442
29.300000000000384        0.2650278767647407
29.319999999999965        0.24725506168867412
29.339999999999566        0.23443719608204416
29.359999999999992        0.22583127819911092
29.380000000000408        0.22092822892617323
29.399999999999974        0.21943614471813122
29.419999999999565        0.22126266298683842
29.439999999999998        0.226508604821225
29.460000000000402        0.23547563115395526
29.479999999999983        0.24868520979551528
29.499999999999563        0.2668970043391938
29.51999999999996         0.29106242298818136
29.54000000000027         0.3221780600873403
29.559999999999725        0.3601537675774585
29.579999999999302        0.40224998420569197
29.599999999999845        0.44089420379837696
29.620000000000378        0.4682115396181488
29.640000000000036        0.4835927934947164
29.65999999999964         0.4911258255705263
29.680000000000046        0.49447310947648027
29.70000000000041         0.49551529199805305
29.719999999999963        0.494785222815891
29.739999999999583        0.4917478105511678
29.760000000000037        0.48450623668242704
29.780000000000406        0.46941340134470566
29.79999999999995         0.442334865103711
29.819999999999578        0.4038665748814475
29.840000000000018        0.3618994085804427
29.86000000000039         0.32399228044422157
29.87999999999993         0.2930496137631671
29.899999999999554        0.2690284237836361
29.920000000000005        0.25099620583905874
29.94000000000038         0.23799273001302917
29.959999999999937        0.2292640661520335
29.97999999999956         0.22429365017073188
30.00000000000002         0.22278553845286475
30.020000000000387        0.22464641477812705
30.03999999999994         0.22997901276458688
30.05999999999956         0.23908967243395005
30.08000000000002         0.2525077019269463
30.100000000000392        0.2710041867848977
30.119999999999944        0.2955447533417297
30.13999999999957         0.32709289375369643
30.16000000000002         0.3657007598062752
30.18000000000039         0.4084473811047282
30.199999999999942        0.4476996317118675
30.219999999999565        0.47546211728586596
30.240000000000016        0.4911037718617019
30.260000000000392        0.49876855807440446
30.279999999999937        0.5021765263799581
30.299999999999557        0.5032397448192298
30.32000000000001         0.5024981762098025
30.340000000000376        0.4994102071085248
30.35999999999993         0.49205919505791196
30.379999999999562        0.4767126977030177
30.400000000000016        0.44920148098107066
30.420000000000396        0.4101345378906008
30.439999999999944        0.36752397051863495
30.459999999999557        0.32903882935224366
30.480000000000008        0.2976251483293664
30.50000000000038         0.2732388917224995
30.51999999999994         0.25493353489669335
30.539999999999562        0.2417344119505719
30.560000000000002        0.23287623165538396
30.580000000000382        0.22783463944254867
30.59999999999993         0.22630924034372357
30.61999999999955         0.22820541952778886
30.64                     0.23362912645661832
30.660000000000373        0.2428894911979826
30.679999999999936        0.2565239446282833
30.699999999999566        0.2753127426399884
30.72000000000001         0.3002485790918027
30.740000000000393        0.3322976607241287
30.759999999999934        0.3715171609860097
30.77999999999956         0.41494407011353895
30.80000000000001         0.4548322762945162
30.820000000000384        0.483060240779866
30.839999999999932        0.4989740966096174
30.859999999999566        0.5067796282001974
30.880000000000017        0.5102482653043918
30.900000000000393        0.5113296381834762
30.919999999999945        0.5105754737783001
30.939999999999568        0.5074325388592192
30.960000000000015        0.499951252066209
30.980000000000384        0.4843386970468943
30.99999999999993         0.456368362710523
31.01999999999955         0.41667458070803626
31.040000000000013        0.373394786593945
31.060000000000375        0.3343092803521041
31.079999999999927        0.3024057625711769
31.099999999999554        0.2776393097597682
31.119999999999997        0.25904911961146954
31.14000000000038         0.24564564488522603
31.15999999999993         0.23665183686603158
31.17999999999955         0.2315352723501918
31.200000000000006        0.2299909137219886
31.220000000000383        0.2319235514821548
31.239999999999934        0.23743872410123346
31.25999999999955         0.24685251772267136
31.279999999999994        0.2607101061392378
31.30000000000037         0.2798038181700739
31.319999999999926        0.30514154709461216
31.339999999999563        0.3377042707352525
31.360000000000007        0.37755110701453887
31.380000000000393        0.4216790421630462
31.399999999999928        0.4622321680092789
31.419999999999554        0.490895812053149
31.44000000000001         0.5071640350060166
31.460000000000377        0.5151272203473886
31.479999999999933        0.5186633778452155
31.49999999999955         0.5197652817799003
31.520000000000014        0.5189958861945003
31.54000000000038         0.515791539292097
31.559999999999928        0.5081659012169909
31.579999999999547        0.4922621222287648
31.60000000000001         0.46380005382384604
31.620000000000385        0.4234507617164774
31.639999999999926        0.37948115743822936
31.659999999999563        0.33977929317353395
31.68                     0.3073724420028314
31.700000000000365        0.2822140903316362
31.719999999999914        0.26332940868939975
31.739999999999547        0.24971206506768015
31.759999999999998        0.2405773571957275
31.78000000000037         0.23538238179921459
31.799999999999933        0.23381696449895353
31.819999999999542        0.2357833693108162
31.840000000000007        0.24138924776388068
31.86000000000037         0.25095515949886094
31.879999999999914        0.2650341477321987
31.899999999999554        0.28442984658573145
31.92000000000002         0.3101643410855761
31.940000000000378        0.34323232046477875
31.959999999999926        0.383767238826299
31.979999999999542        0.42852757401660785
31.999999999999986        0.4696878375647002
32.020000000000366        0.4990492285885425
32.03999999999993         0.5156793223842264
32.05999999999955         0.5238217325641108
32.07999999999999         0.5274348314051036
32.100000000000364        0.5285590392906785
32.11999999999992         0.5277716842061616
32.13999999999953         0.5244972729500218
32.15999999999999         0.5167085468079547
32.18000000000036         0.5004813053354283
32.19999999999991         0.47148803259865824
32.219999999999544        0.43045239372944594
32.23999999999999         0.38577438800793723
32.26000000000036         0.3454442254387397
32.27999999999993         0.31252421629392646
32.29999999999955         0.2869692647887208
32.31999999999999         0.2677777272994921
32.34000000000037         0.25394401832123337
32.359999999999914        0.24466460672776652
32.37999999999954         0.23938953699372073
32.399999999999984        0.23780401701064743
32.420000000000364        0.2398090119983103
32.43999999999991         0.24551411145216037
32.45999999999954         0.25524514794440784
32.47999999999999         0.2695638549450707
32.50000000000036         0.2892899614145864
32.51999999999991         0.3154686489793272
32.53999999999955         0.3491165279801146
32.559999999999995        0.3902774691557967
32.58000000000037         0.43578727742668477
32.599999999999916        0.4776495604714412
32.61999999999954         0.5075387993722658
32.64                     0.5244921104744693
32.66000000000038         0.5328058424109282
32.67999999999993         0.5364968463149268
32.69999999999955         0.5376451282617143
32.72000000000001         0.5368401050729722
32.740000000000386        0.5334915763117528
32.759999999999934        0.5255262133771131
32.779999999999546        0.5089490338517096
32.80000000000001         0.4793910070097089
32.82000000000037         0.4376374876724954
32.839999999999925        0.3923134033482054
32.85999999999953         0.35132396620168266
32.879999999999995        0.31785135350636506
32.90000000000036         0.29186959138441504
32.919999999999916        0.2723698368844949
32.93999999999953         0.2583127529713351
32.95999999999999         0.24888367527916294
32.980000000000366        0.2435246205245759
32.999999999999915        0.24191603226558092
33.01999999999953         0.24395739967820315
33.03999999999999         0.24976010391028913
33.06000000000036         0.2596532379685709
33.07999999999991         0.2742120604631879
33.09999999999953         0.2942666960027355
33.11999999999998         0.32087660793544676
33.140000000000356        0.35507235193578063
33.159999999999926        0.39689528910071376
33.17999999999954         0.44315332346558256
33.199999999999996        0.4857521267435594
33.22000000000036         0.516235581005377
33.23999999999991         0.533565313529397
33.25999999999955         0.542074829169325
33.27999999999999         0.5458540971857576
33.30000000000035         0.5470302432910951
33.3199999999999          0.5462076680017779
33.33999999999953         0.5427828246414002
33.35999999999997         0.534638346264154
33.38000000000035         0.5176393106960061
33.399999999999906        0.48745288284586824
33.419999999999526        0.445086802154058
33.439999999999976        0.399010224418507
33.460000000000356        0.3573544372009186
33.47999999999991         0.32333871153985444
33.49999999999954         0.2969337156099143
33.519999999999996        0.27711417964491764
33.540000000000376        0.26282505935259304
33.55999999999992         0.2532396048801754
33.579999999999536        0.24779185084308034
33.6                      0.2461574651659464
33.62000000000036         0.24823348226202943
33.63999999999992         0.2541337734595786
33.65999999999954         0.2641947114703858
33.679999999999986        0.2789966564186993
33.700000000000365        0.2993836601893367
33.719999999999914        0.3264307137185
33.73999999999954         0.361183423911881
33.75999999999999         0.4036866972681852
33.78000000000036         0.4507156021568434
33.79999999999991         0.49407735140236403
33.819999999999546        0.5251752751042775
33.84                     0.5428943177798174
33.86000000000037         0.55160291897381
33.879999999999924        0.5554753778001098
33.899999999999544        0.5566817674931248
33.920000000000016        0.5558397070821341
33.94000000000038         0.5523289436627838
33.95999999999992         0.5439686865960044
33.979999999999556        0.5265805358590882
34                        0.4957732131199437
34.02000000000039         0.4526493273947969
34.03999999999993         0.40581723080018595
34.05999999999953         0.3634991731779231
34.079999999999984        0.32894362870485594
34.10000000000036         0.30211770844288516
34.11999999999991         0.2819811100879308
34.139999999999525        0.26746231505988144
34.15999999999998         0.2577237466203697
34.180000000000355        0.2521875563260464
34.1999999999999          0.2505279853136689
34.21999999999952         0.25264199806673543
34.23999999999998         0.2586446881436642
34.260000000000346        0.2688778129050269
34.2799999999999          0.2839307970346168
34.29999999999954         0.3046605814303819
34.31999999999998         0.332158159153378
34.340000000000344        0.36748464974227585
34.3599999999999          0.41068874001551336
34.37999999999953         0.4585122203896127
34.39999999999998         0.5026618440659292
34.42000000000036         0.5343964117369661
34.4399999999999          0.5525209480285075
34.45999999999953         0.5614462657754632
34.47999999999998         0.5654130643313535
34.50000000000037         0.5666525896059357
34.51999999999991         0.5657935982881966
34.53999999999954         0.562200113021039
34.55999999999999         0.5536410283662335
34.58000000000036         0.5358607187046617
34.5999999999999          0.5044287909735757
34.61999999999953         0.46052719000924913
34.63999999999999         0.41290895501601255
34.66000000000036         0.36989744835500615
34.67999999999991         0.3347752458359165
34.69999999999952         0.3075027763980635
34.719999999999985        0.2870386880168374
34.740000000000364        0.2722822251372331
34.759999999999906        0.26238304756994923
34.77999999999953         0.2567579779916724
34.79999999999999         0.2550737641817846
34.82000000000036         0.25722668204433424
34.839999999999904        0.2633347655854893
34.85999999999952         0.27374568321440784
34.879999999999974        0.289058326218786
34.900000000000354        0.3101430027742914
34.9199999999999          0.33810729176559196
34.93999999999953         0.37402839046515607
34.95999999999999         0.41795887830978923
34.980000000000345        0.4666059886173735
34.999999999999915        0.5115724576259634
35.019999999999534        0.5440374017251143
35.03999999999998         0.5625219694482995
35.06000000000037         0.5716557747925856
35.07999999999992         0.5757250848362011
35.09999999999954         0.5769960992369195
35.11999999999997         0.5761197242384225
35.14000000000035         0.5724415476239726
35.1599999999999          0.563672303843045
35.17999999999952         0.545472440814586
35.19999999999999         0.5133779479847963
35.220000000000354        0.46866675238771893
35.2399999999999          0.42016469594380895
35.25999999999953         0.3764692625398877
35.27999999999998         0.34080301977842226
35.30000000000036         0.31309823366155276
35.31999999999991         0.29229123191754985
35.339999999999534        0.27728663723183206
35.359999999999985        0.26722263759544024
35.38000000000035         0.2615073465780722
35.3999999999999          0.25980114842599866
35.419999999999526        0.261997597682298
35.439999999999976        0.2682165415531449
35.460000000000356        0.2788122610776038
35.47999999999991         0.29439415035444094
35.49999999999954         0.31584663860316375
35.51999999999998         0.34429454721819647
35.54000000000036         0.3808317177255314
35.55999999999991         0.42551482851332095
35.579999999999536        0.47501570263701504
35.59999999999999         0.5209514652375938
35.62000000000036         0.5539869145750856
35.63999999999991         0.5729115981449494
35.65999999999954         0.5822752270082283
35.68000000000001         0.5864482081114067
35.70000000000037         0.5877556702192228
35.719999999999914        0.5868679255858358
35.73999999999954         0.5831130185548385
35.75999999999999         0.57414482449883
35.78000000000037         0.5555393095258413
35.79999999999991         0.5229086856372347
35.819999999999524        0.4772395425645082
35.839999999999975        0.4278822090556822
35.86000000000035         0.38343068198913544
35.879999999999896        0.3471472477633706
35.899999999999515        0.31896099933739647
35.91999999999998         0.2977905204241577
35.940000000000346        0.28252207000913915
35.9599999999999          0.27228003371524506
35.97999999999952         0.2664637738648238
35.99999999999998         0.2647291491187219
36.020000000000344        0.26696793535999314
36.03999999999991         0.273301002601332
36.05999999999953         0.2840874181675964
36.07999999999999         0.2999461844535799
36.10000000000036         0.3217762897776773
36.11999999999991         0.3506997963268116
36.139999999999525        0.38783480493396616
36.15999999999999         0.43326626729706924
36.180000000000355        0.48372626964869625
36.1999999999999          0.5305545485882767
36.21999999999953         0.5643301618531884
36.23999999999999         0.583735796776399
36.26000000000036         0.5933574431124276
36.279999999999916        0.5976528756318988
36.29999999999952         0.59900431291274
36.319999999999986        0.5980990831790095
36.34000000000035         0.5942431617331319
36.35999999999991         0.5850547773392953
36.37999999999954         0.5660557642989841
36.39999999999999         0.5326325024015649
36.42000000000035         0.48608659873785837
36.4399999999999          0.4358585356023676
36.459999999999525        0.39064411601393983
36.47999999999997         0.35373755787467204
36.50000000000035         0.3250638484772704
36.519999999999904        0.3035260160274479
36.53999999999952         0.287993549867159
36.55999999999999         0.2775760737888027
36.580000000000354        0.2716621727901851
36.5999999999999          0.26990225190643846
36.61999999999952         0.272187612215711
36.63999999999998         0.278642857184161
36.660000000000345        0.2896338524293365
36.67999999999991         0.3057913013914801
36.699999999999534        0.32802112901152725
36.719999999999985        0.35748026779752495
36.740000000000364        0.3952922639821505
36.759999999999906        0.4415513763698642
36.77999999999952         0.49295026711872836
36.79999999999998         0.5407086257314271
36.82000000000037         0.5752347532545204
36.83999999999992         0.5951205938748808
36.85999999999952         0.6049981606350114
36.87999999999998         0.6094167696610944
36.900000000000354        0.6108138417267344
36.9199999999999          0.6099019451080253
36.93999999999952         0.6059704105025395
36.95999999999998         0.5965667754867423
36.98000000000036         0.5771241196066443
36.99999999999991         0.5429793496341714
37.019999999999534        0.49552186690834304
37.03999999999998         0.4443649032215854
37.060000000000365        0.398328816932424
37.07999999999991         0.3607512692085911
37.09999999999954         0.33155418418525673
37.11999999999998         0.3096220430453092
37.14000000000035         0.2938050982482915
37.15999999999992         0.2831982408546167
37.17999999999953         0.277180290225338
37.19999999999998         0.2753954437964676
37.220000000000354        0.27773297269203207
37.2399999999999          0.2843181940941293
37.259999999999536        0.29552357371343885
37.27999999999998         0.31198965275405544
37.300000000000345        0.33464371364860557
37.319999999999894        0.36466060804366446
37.33999999999951         0.4031831921997732
37.35999999999998         0.4503111980031854
37.380000000000344        0.5026996197129568
37.399999999999906        0.5514505070982874
37.41999999999954         0.586793800418213
37.43999999999999         0.607203849623784
37.460000000000356        0.6173879044528906
37.479999999999905        0.621948288231102
37.49999999999953         0.6234059158246316
37.519999999999996        0.6224880414002127
37.54000000000036         0.6184644487403274
37.55999999999992         0.6088187674490194
37.579999999999536        0.5888866281089302
37.599999999999994        0.553958431325962
37.62000000000037         0.5055305197159233
37.63999999999991         0.4533979731762752
37.65999999999953         0.40650300960174374
37.67999999999998         0.36822391458709086
37.70000000000035         0.33848316690413804
37.7199999999999          0.31613381605195146
37.73999999999952         0.30001818586820905
37.75999999999998         0.28921610402167147
37.78000000000035         0.2830925513693591
37.7999999999999          0.28128458401251666
37.819999999999524        0.28367944760025443
37.83999999999999         0.2904064543298377
37.860000000000376        0.3018455556164689
37.87999999999992         0.3186488306990826
37.89999999999954         0.3417602961816721
37.919999999999995        0.37237626065174634
37.94000000000037         0.4116607977134107
37.9599999999999          0.45972057217534484
37.979999999999535        0.5131781305155079
37.99999999999999         0.5628729278444061
38.020000000000366        0.5991485443065082
38.03999999999991         0.620217344876912
38.059999999999526        0.6307239262365973
38.079999999999984        0.6354462792437847
38.100000000000364        0.63697434602527
38.119999999999905        0.6360569385836998
38.13999999999954         0.6319413159385767
38.15999999999998         0.6220402319685822
38.180000000000355        0.6015843452651767
38.199999999999896        0.5658164400440002
38.219999999999516        0.5163490302358648
38.239999999999974        0.46317119998055295
38.260000000000346        0.4153548138936385
38.27999999999989         0.3763217416141853
38.29999999999951         0.34598664171551524
38.31999999999996         0.3231970299540588
38.34000000000035         0.306761607452413
38.3599999999999          0.29574792842136016
38.37999999999953         0.28950900228712884
38.39999999999998         0.28767569598112286
38.42000000000035         0.29013353999713504
38.4399999999999          0.29701465225102147
38.45999999999951         0.3087062971128342
38.47999999999998         0.32587377077439295
38.50000000000035         0.3494801889332197
38.51999999999989         0.3807672278172096
38.53999999999951         0.42091447266628446
38.559999999999974        0.47001280091070846
38.580000000000354        0.5245424993526601
38.5999999999999          0.5753998293167513
38.61999999999952         0.6126422906344061
38.63999999999998         0.6343549590626021
38.66000000000036         0.6452251124612768
38.6799999999999          0.6501375614085333
38.69999999999953         0.6517513574987649
38.71999999999999         0.6508354466609573
38.740000000000364        0.6466182679444111
38.75999999999992         0.6364437290076863
38.779999999999525        0.6154316024716697
38.79999999999998         0.578768037021438
38.820000000000356        0.5281809302324532
38.839999999999904        0.47386941791949677
38.85999999999952         0.4251122046913969
38.87999999999996         0.3852262599072564
38.90000000000037         0.3542378042985616
38.919999999999916        0.3309654215288451
38.939999999999515        0.31418958617746395
38.95999999999997         0.3029507307278601
38.980000000000345        0.2965915203691132
38.99999999999989         0.2947365133273274
39.01999999999952         0.297269960051663
39.03999999999998         0.3043270719491954
39.06000000000034         0.31630396069640915
39.0799999999999          0.3338794099005577
39.09999999999952         0.35804577399607873
39.11999999999997         0.39005359901086806
39.140000000000356        0.43112221483708907
39.159999999999904        0.48134682148432273
39.17999999999953         0.5371619206958826
39.199999999999974        0.5893160914462673
39.22000000000035         0.6276408905836295
39.2399999999999          0.6500763969159365
39.25999999999953         0.6613546846367935
39.27999999999998         0.6664815487032779
39.30000000000036         0.6681986642911734
39.3199999999999          0.6672998116838051
39.33999999999953         0.6629855276608382
39.35999999999998         0.6525126175743531
39.38000000000036         0.630871925221242
39.399999999999906        0.5930700365151699
39.41999999999952         0.5413769716598509
39.43999999999997         0.48590466832818563
39.46000000000034         0.435971050837248
39.4799999999999          0.3951972185200962
39.4999999999995          0.3635185828688069
39.51999999999998         0.3397310752745587
39.54000000000035         0.32259099072190445
39.5599999999999          0.311119016330922
39.57999999999951         0.30464358489929955
39.59999999999997         0.30278119895506206
39.62000000000036         0.3054132750187759
39.63999999999991         0.3126799333436744
39.65999999999951         0.3249886634606143
39.67999999999997         0.34303839187141427
39.700000000000344        0.3678410992901582
39.7199999999999          0.40067960178880224
39.739999999999526        0.44280289184456023
39.75999999999997         0.4943167424515397
39.78000000000035         0.5516049829226524
39.7999999999999          0.6052501212906727
39.81999999999952         0.6448265616933669
39.83999999999998         0.6681067874000225
39.86000000000036         0.6798718239449575
39.8799999999999          0.6852641867016395
39.89999999999953         0.6871196751900528
39.91999999999997         0.6862601425867162
39.940000000000374        0.6818533504066703
39.95999999999992         0.6710423233846016
39.97999999999953         0.6486232845771551
39.99999999999998         0.6097597413365802
40.02000000000035         0.5566469838585895
40.03999999999989         0.49974423819759684
40.05999999999951         0.44854880925639284
40.07999999999996         0.40674404377915063
40.100000000000335        0.3742616109315898
40.1199999999999          0.34987168610766795
40.139999999999525        0.33230298925081403
40.15999999999996         0.3205557365862058
40.18000000000035         0.313937376418142
40.19999999999989         0.3120582465132489
40.21999999999951         0.3147984209517994
40.23999999999998         0.3223023363106872
40.26000000000033         0.33498876653648263
40.27999999999989         0.353575738160226
40.299999999999514        0.37910245370030676
40.319999999999965        0.41288627049388266
40.34000000000034         0.4562109047515409
40.359999999999886        0.5091958796800125
40.37999999999951         0.5681701227144562
40.39999999999996         0.6235299188322497
40.42000000000034         0.6645557986110483
40.439999999999884        0.6888227988727037
40.45999999999951         0.7011615138411568
40.47999999999997         0.7068667206628986
40.50000000000035         0.7088902513890721
40.5199999999999          0.7080819582988475
40.539999999999516        0.7035722490758358
40.55999999999997         0.6923834900346927
40.58000000000034         0.669153191591659
40.59999999999989         0.6289751154165157
40.619999999999514        0.5742391130196112
40.639999999999965        0.5157062146946375
40.66000000000036         0.46307437141282165
40.67999999999991         0.42009563334595695
40.69999999999952         0.38669686991421526
40.71999999999997         0.36161978933510364
40.74000000000034         0.3435599016228308
40.7599999999999          0.33148846002567
40.77999999999952         0.3247011112862429
40.79999999999997         0.32279572339968293
40.82000000000034         0.3256504729218106
40.83999999999989         0.33341588584281867
40.85999999999952         0.34652431209219
40.879999999999974        0.3657157239950823
40.90000000000034         0.39206044911590915
40.919999999999895        0.42691525991587326
40.93999999999952         0.4716038529563637
40.95999999999997         0.5262627634364261
40.98000000000034         0.5871616439135021
40.99999999999991         0.6444876756681843
41.01999999999952         0.6871820888445477
41.03999999999997         0.7125862570290272
41.06000000000036         0.7255820036949314
41.07999999999989         0.7316558976196462
41.09999999999952         0.7338738891122981
41.119999999999976        0.7331287625325321
41.14000000000036         0.7285090581208513
41.159999999999904        0.7169034456897037
41.17999999999952         0.6927596222831657
41.199999999999974        0.6511023105526239
41.220000000000354        0.5945372626053875
41.23999999999989         0.5341640310874888
41.25999999999951         0.4798441395861563
41.27999999999997         0.43558195933557803
41.30000000000033         0.401171887264421
41.31999999999988         0.37532757652933524
41.339999999999506        0.35671736870503007
41.359999999999964        0.34428817246965077
41.380000000000344        0.33731615880303856
41.399999999999885        0.3353887687119434
41.419999999999504        0.3383823164507259
41.43999999999996         0.34645385056749994
41.46000000000034         0.3600522475374063
41.479999999999876        0.3799434149066932
41.49999999999951         0.4072343909069706
41.51999999999995         0.4433281251021561
41.54000000000034         0.4895956138991358
41.55999999999989         0.546194222055145
41.579999999999515        0.6093260910342694
41.599999999999966        0.6690615062090527
41.620000000000346        0.7136785823924529
41.639999999999894        0.7403632818439649
41.65999999999951         0.7541493481220839
41.67999999999997         0.7606813277782627
41.700000000000365        0.7631593295165063
41.71999999999991         0.7625241875446445
41.73999999999951         0.7578134339391954
41.75999999999997         0.7457596714340452
41.78000000000034         0.7205869847757296
41.79999999999988         0.6773759624331005
41.81999999999949         0.6185667661219725
41.839999999999954        0.5560078402630569
41.86000000000033         0.4999278148316535
41.879999999999875        0.45414076293046984
41.899999999999494        0.4185332490524616
41.91999999999996         0.3917800900952293
41.94000000000033         0.37250905417371516
41.95999999999987         0.3596348889842212
41.97999999999951         0.3524108061254571
41.999999999999964        0.3504109883604615
42.02000000000034         0.3535081500993547
42.03999999999988         0.36186622904160876
42.059999999999505        0.37595129275983363
42.079999999999956        0.39655875429296733
42.100000000000335        0.4248381491089677
42.11999999999988         0.462246398316174
42.1399999999995          0.5101474968461858
42.159999999999954        0.5688238256301988
42.180000000000334        0.634492759270416
42.199999999999875        0.6968105589273783
42.219999999999494        0.7436556326928083
42.23999999999996         0.7719100264961221
42.26000000000034         0.786658438752301
42.27999999999988         0.7937662139318034
42.2999999999995          0.7965978476648866
42.31999999999997         0.7961440976455758
42.34000000000034         0.7913762083951386
42.359999999999886        0.778849760834217
42.3799999999995          0.7525638385155418
42.39999999999996         0.7072309408515637
42.42000000000034         0.6458259922184679
42.4399999999999          0.5804972394660983
42.459999999999496        0.5217379355732576
42.47999999999995         0.47345093768337865
42.500000000000334        0.43550549283240253
42.519999999999875        0.40652209318101656
42.53999999999949         0.3850644026293936
42.55999999999996         0.36998605257970835
42.58000000000035         0.3604819040291804
42.59999999999987         0.35606849488404685
42.61999999999949         0.3565630954823973
42.63999999999996         0.3620723057195204
42.66000000000034         0.3730077834843999
42.67999999999987         0.39011411392740053
42.699999999999505        0.41448897064951057
42.71999999999995         0.4475597068763051
42.74000000000036         0.49076706788909225
42.7599999999999          0.5444421218152091
42.7799999999995          0.6051088954117777
42.79999999999996         0.6629227033878309
42.82000000000034         0.7063589194830934
42.839999999999876        0.7325991225583792
42.85999999999949         0.7464904508809665
42.87999999999995         0.7534786161338421
42.90000000000034         0.7566831506505212
42.91999999999987         0.7571475000045514
42.939999999999486        0.7541080710510575
42.959999999999944        0.7443781898170895
42.980000000000324        0.7219215200564391
42.999999999999865        0.6807902375618184
43.01999999999948         0.6224679108176876
43.039999999999964        0.5578120140796363
43.060000000000336        0.49706972320790754
43.07999999999987         0.4445256358566364
43.09999999999949         0.4004821370591455
43.11999999999995         0.3638321479273814
43.14000000000033         0.333243662855595
43.159999999999876        0.30753246961382574
43.17999999999949         0.2857356225108199
43.2                      0.26709369181446085
