% Model:              ModelBHUp.mph
% Version:            COMSOL 5.6.0.280
% Date:               Oct 20 2021, 19:12
% Dimension:          1
% Nodes:              998
% Expressions:        1
% Description:        线图
% cln1x                   Height
47.60000000000181         0.17657221848124158
47.62000000000182         0.1824607494083509
47.640000000001805        0.1888890111731945
47.660000000001816        0.19593714480739483
47.680000000001804        0.20370252970067979
47.7000000000018          0.21230452391784105
47.720000000001804        0.22189077172294028
47.74000000000179         0.23264558624161402
47.760000000001796        0.2448012219149105
47.780000000001785        0.2586524558209767
47.80000000000178         0.2745757459574086
47.82000000000178         0.29304838663503846
47.84000000000179         0.3147055854857496
47.860000000001754        0.3403474483584483
47.88000000000177         0.37100685375571807
47.90000000000177         0.40797356283277697
47.92000000000174         0.45273752340500506
47.94000000000172         0.506622819556242
47.96000000000171         0.5695488652684237
47.98000000000169         0.6373442867513447
48.00000000000167         0.69983715330916
48.02000000000166         0.7459461735245844
48.04000000000164         0.7730136926112817
48.06000000000164         0.786125143008411
48.08000000000163         0.7912263803128708
48.100000000001636        0.7917905314292955
48.12000000000163         0.7889077552545467
48.14000000000163         0.781640724893315
48.16000000000164         0.766632901218098
48.18000000000166         0.7379605983325986
48.20000000000167         0.6905946769777748
48.22000000000168         0.6276664368997934
48.2400000000017          0.5608839445722741
48.26000000000172         0.5003989557288359
48.28000000000172         0.4499420066987981
48.30000000000172         0.4091919611334505
48.32000000000171         0.3765681332788404
48.34000000000171         0.35042996602868187
48.36000000000171         0.32940396813996786
48.380000000001715        0.31240440852772894
48.400000000001704        0.2986061261856401
48.420000000001714        0.28737905152096943
48.44000000000171         0.27824458892232173
48.46000000000172         0.27083792129728523
48.48000000000171         0.26488018963664217
48.500000000001705        0.26016028942295977
48.5200000000017          0.25652070315879355
48.5400000000017          0.2538472964108735
48.56000000000171         0.25205980442207987
48.58000000000169         0.2511055378318661
48.60000000000169         0.25095524178187983
48.62000000000168         0.2516037730671142
48.6400000000017          0.2530711330069953
48.66000000000169         0.2554034864577924
48.68000000000169         0.25867345384135143
48.700000000001694        0.26298210382341747
48.72000000000168         0.2684619704598935
48.740000000001686        0.27528931586215666
48.76000000000169         0.2836964951331131
48.78000000000168         0.2939878131561711
48.80000000000168         0.30655617272090546
48.82000000000169         0.3219080918829292
48.84000000000167         0.3407005349349989
48.86000000000168         0.3637889789677432
48.88000000000168         0.39227784935821586
48.90000000000168         0.427554914911601
48.920000000001664        0.47127988700473533
48.94000000000165         0.5249440673711129
48.96000000000165         0.5887084604424977
48.98000000000163         0.6585019401742388
49.00000000000162         0.7237015522694702
49.020000000001595        0.7721918384482468
49.0400000000016          0.8007081429491035
49.06000000000161         0.8145368497449605
49.080000000001604        0.8200095840975681
49.1000000000016          0.8208049650192514
49.12000000000161         0.8180222647011047
49.14000000000161         0.8105965470306983
49.1600000000016          0.7949346781401146
49.180000000001606        0.7648439821096163
49.20000000000162         0.7150389156446187
49.22000000000165         0.6487452852617224
49.240000000001636        0.5784495682094337
49.26000000000164         0.5144356971840954
49.28000000000165         0.46066469149965084
49.30000000000165         0.41690232033444646
49.320000000001656        0.38158810500961576
49.34000000000164         0.3530702746366705
49.36000000000164         0.32994897468036416
49.380000000001644        0.3111162249940831
49.400000000001654        0.29571574856206134
49.42000000000163         0.2830907599463074
49.44000000000163         0.2727379352703355
49.460000000001635        0.26427132025030275
49.48000000000163         0.257392915592703
49.50000000000163         0.25187553725131717
49.52000000000163         0.24754634655281146
49.540000000001626        0.24427697600992834
49.56000000000162         0.2419751658254275
49.58000000000164         0.2405784431321835
49.60000000000162         0.2400505634249959
49.620000000001625        0.24038020265656176
49.64000000000162         0.24158092986613003
49.66000000000163         0.24369170203697582
49.68000000000163         0.24677832855823603
49.70000000000162         0.25093635224917565
49.720000000001626        0.256295787017388
49.740000000001615        0.2630298372672752
49.76000000000165         0.2713664925170756
49.78000000000163         0.28160392337291645
49.800000000001624        0.2941313682691869
49.82000000000161         0.30944662317585336
49.84000000000161         0.32820137788679343
49.86000000000161         0.3512390024246961
49.88000000000161         0.3796464773563217
49.900000000001604        0.41478843782553354
49.92000000000161         0.45825819802587076
49.9400000000016          0.5115314861937321
49.96000000000158         0.5747655623061902
49.98000000000157         0.6440182569897217
50.000000000001556        0.7085708010853411
50.02000000000156         0.7565033300149461
50.04000000000153         0.7847146266887645
50.06000000000154         0.7984967002239057
50.080000000001526        0.8040937669895043
50.10000000000152         0.8051062609597599
50.120000000001525        0.8026047660762781
50.140000000001535        0.7955455199631716
50.160000000001524        0.7804012293462007
50.18000000000154         0.7510528735088069
50.200000000001566        0.7021939958475012
50.220000000001576        0.6369095982674475
50.24000000000158         0.5673194249929037
50.26000000000159         0.5039672556562395
50.280000000001586        0.45066508466683913
50.30000000000159         0.4071915390634183
50.3200000000016          0.37203874450521635
50.340000000001595        0.3435997672397095
50.360000000001584        0.3205031505263665
50.38000000000158         0.3016683269568351
50.40000000000158         0.28624926853679483
50.42000000000158         0.2735977492353297
50.440000000001575        0.2632156923716992
50.46000000000158         0.25472000810520623
50.480000000001574        0.24781626106325924
50.50000000000158         0.24227889043114567
50.52000000000157         0.23793655190347565
50.54000000000158         0.23466119758773557
50.560000000001565        0.23236024981635015
50.58000000000159         0.23097090513704893
50.60000000000157         0.23045665675006394
50.62000000000157         0.2308057289491572
50.64000000000156         0.2320308237697981
50.66000000000157         0.23416976473396575
50.68000000000158         0.23728713759104417
50.70000000000158         0.24147766681603836
50.720000000001555        0.24687123496197225
50.740000000001565        0.2536399828952587
50.76000000000156         0.262009376907477
50.78000000000157         0.2722730507677142
50.80000000000155         0.28481285260508693
50.82000000000156         0.30012411206570694
50.84000000000155         0.31884935898221883
50.86000000000155         0.34182162736290506
50.880000000001566        0.3701136609269233
50.90000000000155         0.40506474439011714
50.92000000000155         0.4482433060425455
50.94000000000153         0.5010990212563424
50.96000000000153         0.5637729828610724
50.98000000000152         0.632345373564426
51.00000000000149         0.6963362023527194
51.02000000000148         0.7436729977480075
51.04000000000148         0.7714846912024447
51.06000000000148         0.7851642446260275
51.080000000001476        0.7908297609981468
51.10000000000147         0.7919913412261701
51.12000000000146         0.7896888806544363
51.1400000000015          0.7829009320470293
51.16000000000148         0.7681563570797695
51.18000000000149         0.7394072241967576
51.200000000001495        0.6913515443946427
51.220000000001505        0.6269130555678607
51.24000000000151         0.5581277994935423
51.26000000000152         0.4953847656328494
51.280000000001536        0.4425222578555795
51.30000000000152         0.3993501110053564
51.320000000001514        0.36439614807228
51.3400000000015          0.33608393630006295
51.36000000000152         0.31306814990846077
51.38000000000152         0.29427852483100336
51.40000000000151         0.278883958075795
51.420000000001515        0.26624378744147575
51.44000000000151         0.25586450946136363
51.46000000000152         0.24736874065623066
51.48000000000152         0.24046403927788276
51.500000000001506        0.23492679219646354
51.52000000000151         0.23058646919735945
51.540000000001505        0.22731501281356284
51.56000000000151         0.22501970664179047
51.5800000000015          0.2236380267564961
51.6000000000015          0.22313430858356348
51.620000000001504        0.2234974534173127
51.640000000001514        0.2247401426683125
51.6600000000015          0.2268991823935697
51.6800000000015          0.2300378586183993
51.7000000000015          0.23424895621827543
51.7200000000015          0.2396606434502195
51.7400000000015          0.24644402916743915
51.760000000001504        0.2548233796539197
51.78000000000149         0.26509014186936125
51.800000000001496        0.27762176469879934
51.82000000000151         0.29290723671943764
51.84000000000149         0.3115810105227671
51.8600000000015          0.33446601494413813
51.88000000000149         0.36262137941876765
51.900000000001484        0.3973683640586823
51.92000000000148         0.44025338089822413
51.94000000000147         0.49270391960740956
51.96000000000146         0.5549639184398482
51.98000000000143         0.622819329025035
52.00000000000143         0.6860081116142583
52.02000000000143         0.7329822652338973
52.04000000000142         0.7605226964189071
52.06000000000141         0.7741317347200402
52.08000000000143         0.7798493384286319
52.10000000000141         0.7811297705579408
52.120000000001426        0.7789996491140266
52.1400000000014          0.7724444243506969
52.16000000000142         0.7580155195319471
52.18000000000142         0.7296862436444681
52.200000000001424        0.6824020124631629
52.22000000000146         0.6186971556594147
52.240000000001444        0.5505753076959082
52.26000000000147         0.4883605673070404
52.280000000001465        0.43588791292502344
52.30000000000146         0.3929905475146503
52.320000000001464        0.35822418553849983
52.34000000000147         0.3300364127681854
52.36000000000146         0.3071003079208221
52.380000000001466        0.28835926531209116
52.400000000001484        0.2729924061435304
52.42000000000145         0.2603670381060076
52.440000000001454        0.24999602960739592
52.46000000000145         0.24150395028723184
52.480000000001446        0.23460129860260998
52.50000000000145         0.22906556452665117
52.520000000001446        0.22472709834713933
52.54000000000144         0.22145947895111823
52.560000000001445        0.21917089514056604
52.580000000001455        0.21779944146074243
52.600000000001444        0.21730929701141893
52.62000000000144         0.21768841709104128
52.640000000001436        0.21894815986250935
52.660000000001446        0.22112432170915847
52.680000000001435        0.22427965848770082
52.700000000001424        0.22850697065989042
52.720000000001434        0.23393389469104245
52.74000000000143         0.24072936568918746
52.76000000000144         0.24911596725909702
52.78000000000142         0.2593811334738434
52.80000000000144         0.2718983334120948
52.82000000000143         0.28715209238774486
52.840000000001424        0.3057709889925809
52.860000000001435        0.32856923463204324
52.880000000001424        0.356593788395263
52.90000000000142         0.3911586713003113
52.92000000000142         0.433799794349713
52.940000000001405        0.48593285442417306
52.96000000000139         0.5476451161154426
52.98000000000141         0.6149492705994292
53.00000000000137         0.6775796073536319
53.020000000001374        0.7240016011341905
53.04000000000137         0.7513749731273104
53.060000000001374        0.7649212160509486
53.08000000000136         0.7706638136839951
53.10000000000135         0.7720251305134278
53.120000000001355        0.7700132848649675
53.14000000000136         0.7636260676316974
53.160000000001354        0.7494573923232499
53.180000000001364        0.7215361046483555
53.200000000001396        0.6746800741732903
53.220000000001384        0.6117602652854105
53.2400000000014          0.5443018743376242
53.26000000000139         0.4825206288139194
53.280000000001394        0.4303543270843498
53.300000000001404        0.387679070044654
53.320000000001386        0.35309055998238564
53.3400000000014          0.3250252835946172
53.36000000000139         0.30217221359588053
53.38000000000139         0.28348639124598607
53.40000000000139         0.2681551407206581
53.420000000001366        0.25555164167719263
53.44000000000138         0.2451931982248809
53.46000000000138         0.23670788253832126
53.480000000001375        0.2298085793408092
53.50000000000138         0.2242756042048661
53.520000000001396        0.21993929020977301
53.54000000000137         0.21667341798265322
53.56000000000139         0.21438633970542462
53.58000000000138         0.21301636377844693
53.60000000000137         0.21252802042924376
53.620000000001376        0.21291001130811738
53.64000000000138         0.21417428060435278
53.660000000001375        0.216356681819192
53.68000000000138         0.21951906917338432
53.70000000000139         0.2237528629726114
53.72000000000138         0.22918445044070765
53.74000000000138         0.23598228282336914
53.76000000000138         0.24436681060063528
53.78000000000137         0.2546239223123661
53.80000000000137         0.2671234068579635
53.82000000000137         0.28234431939070875
53.84000000000138         0.30090518992969667
53.860000000001364        0.3236180742219874
53.88000000000136         0.35151717946207983
53.900000000001356        0.38590334649886027
53.92000000000137         0.4282963657212354
53.94000000000135         0.4800958088443627
53.960000000001344        0.541380980134809
53.98000000000133         0.6081822480594761
54.000000000001336        0.6702983704899722
54.02000000000131         0.716295922055218
54.040000000001314        0.743407292246722
54.06000000000131         0.7568487600174472
54.080000000001306        0.7625753623135857
54.100000000001316        0.7639718637657972
54.120000000001305        0.7620354034564973
54.14000000000133         0.7557788895401508
54.16000000000132         0.7418557067853983
54.18000000000132         0.7142810547292318
54.200000000001324        0.6679271089020993
54.22000000000131         0.6055696985341162
54.24000000000132         0.5386342944885676
54.26000000000132         0.4772821637845088
54.28000000000131         0.42544377867565497
54.300000000001305        0.3830171727197585
54.32000000000132         0.34859282590882074
54.34000000000132         0.3206472935863284
54.360000000001314        0.2978789407291441
54.38000000000132         0.2792537974784271
54.400000000001306        0.26396121876684897
54.420000000001316        0.2513833085712044
54.440000000001305        0.2410417025593673
54.4600000000013          0.23256744705880672
54.48000000000132         0.22567592877343076
54.500000000001315        0.22014812387462968
54.5200000000013          0.21581655642115213
54.54000000000129         0.21255509385216537
54.56000000000131         0.21027230798726734
54.58000000000131         0.20890652211836902
54.6000000000013          0.2084224972548412
54.620000000001305        0.208809009416597
54.6400000000013          0.21007810322571738
54.6600000000013          0.21226539607233777
54.680000000001314        0.2154323006387345
54.70000000000129         0.21966917872266936
54.7200000000013          0.2251014720779438
54.74000000000131         0.23189548705797422
54.760000000001305        0.24027011985852592
54.7800000000013          0.2505090602716415
54.800000000001305        0.26297934307150184
54.820000000001315        0.2781563385879053
54.84000000000129         0.2966564181632447
54.860000000001314        0.31927790147536145
54.8800000000013          0.3470461535812173
54.9000000000013          0.3812452644973176
54.92000000000129         0.4233717505909318
54.94000000000128         0.47488090947903194
54.96000000000127         0.5357560076073261
54.980000000001255        0.6020759149413321
55.00000000000125         0.6637017741132085
55.02000000000123         0.709300705089477
55.04000000000124         0.7361707268711021
55.06000000000124         0.7495075409086268
55.080000000001256        0.7552125833778315
55.10000000000124         0.7566342293412917
55.12000000000124         0.7547611563510555
55.14000000000124         0.748611193166365
55.16000000000124         0.7348499484058137
55.180000000001236        0.7076011391753692
55.200000000001246        0.6618334192135857
55.220000000001285        0.5998413979759529
55.24000000000127         0.5333130140647103
55.26000000000127         0.4724810749893522
55.28000000000126         0.4209621062998726
55.30000000000127         0.3787740247655131
55.320000000001265        0.34452372320402036
55.34000000000127         0.31670310252869427
55.36000000000127         0.29402328677308137
55.38000000000127         0.27545809549963274
55.40000000000127         0.26020987506045623
55.42000000000127         0.24766310246930812
55.44000000000126         0.2373432611876939
55.460000000001266        0.2288841782012361
55.48000000000126         0.22200338713349113
55.50000000000125         0.21648189246021646
55.52000000000126         0.2121537022205045
55.540000000001264        0.20889403214832247
55.56000000000125         0.20661289999469307
55.58000000000127         0.2052494806860111
55.600000000001266        0.20476861504638147
55.62000000000126         0.20515892291215268
55.64000000000126         0.20643202170141842
55.66000000000125         0.20862281934681107
55.68000000000125         0.21179180002997647
55.70000000000125         0.21602891798869367
55.72000000000124         0.22145779426775897
55.74000000000125         0.22824519531689763
55.76000000000127         0.23660778363940826
55.78000000000124         0.24682672980965795
55.80000000000124         0.2592676873066672
55.82000000000123         0.27439887298843213
55.840000000001226        0.2928328277380204
55.860000000001236        0.3153609787777417
55.88000000000124         0.34299950322647405
55.90000000000122         0.3770210731622714
55.92000000000123         0.4189086769228452
55.94000000000122         0.47002660589237877
55.960000000001216        0.530473194964702
55.9800000000012          0.5964190977472764
56.00000000000118         0.6577289728634168
56.020000000001204        0.7027952508514143
56.04000000000117         0.7294150669756729
56.06000000000118         0.7426327907817256
56.080000000001185        0.7483011959910122
56.10000000000117         0.7497327370590767
56.12000000000117         0.7479012421772643
56.14000000000117         0.7418394826096798
56.160000000001176        0.7282677785943293
56.18000000000118         0.7013943635820324
56.2000000000012          0.6559573667949261
56.22000000000121         0.5944620636431321
56.240000000001224        0.5284068309648041
56.26000000000121         0.467897851463599
56.280000000001216        0.4167373366353277
56.30000000000121         0.3748107716867722
56.32000000000121         0.34074629347197605
56.340000000001226        0.313057932034256
56.3600000000012          0.29046946187886746
56.3800000000012          0.27197201838334123
56.40000000000121         0.25677173065711806
56.4200000000012          0.2442582081013661
56.4400000000012          0.23396078863704117
56.4600000000012          0.2255162558573569
56.4800000000012          0.21864428672350508
56.500000000001194        0.2131291204308755
56.5200000000012          0.2088060097298733
56.540000000001186        0.2055512875405897
56.5600000000012          0.20327514072480496
56.580000000001185        0.2019163654347531
56.60000000000119         0.20143874780854995
56.62000000000118         0.2018301093168084
56.64000000000117         0.20310171850872175
56.66000000000118         0.20528929177294086
56.68000000000117         0.20845416815404794
56.70000000000118         0.2126863848593305
56.72000000000118         0.21810959816874073
56.74000000000118         0.22488785720054058
56.76000000000117         0.23323529186876185
56.780000000001166        0.24343008273568129
56.80000000000118         0.2558331956425623
56.82000000000117         0.2709127472228598
56.840000000001154        0.2892753590180988
56.86000000000116         0.31170595401044854
56.88000000000115         0.33921321763820056
56.90000000000114         0.3730545794362925
56.92000000000115         0.41470109193659815
56.94000000000114         0.4655047357353499
56.96000000000114         0.5255568895483735
56.98000000000111         0.5910419095208783
57.000000000001116        0.6518786732199743
57.02000000000109         0.6966501476864647
57.040000000001086        0.7229328064561362
57.060000000001075        0.7360022856009857
57.080000000001085        0.7416254498217655
57.10000000000109         0.7430595166022664
57.12000000000109         0.7412620815667645
57.14000000000109         0.7352796395903491
57.160000000001084        0.7218660238486411
57.180000000001115        0.6952743636951226
57.2000000000011          0.6502539950582383
57.2200000000011          0.5892455927968125
57.24000000000111         0.5236586793809653
57.26000000000109         0.4635480833572164
57.28000000000111         0.4127043000589455
57.300000000001106        0.3710208999641718
57.320000000001116        0.33713977061066297
57.340000000001105        0.3095882603556964
57.360000000001115        0.287104240964814
57.380000000001104        0.2686808732716677
57.4000000000011          0.25353456163024457
57.42000000000109         0.24106011185087323
57.4400000000011          0.23079066785898966
57.460000000001095        0.2223652854512799
57.480000000001084        0.21550699486579858
57.500000000001094        0.21000078451234588
57.52000000000109         0.20568304500254603
57.5400000000011          0.20243093667001796
57.560000000001075        0.20015530847645396
57.58000000000108         0.19879573611241588
57.60000000000108         0.19831724751868007
57.62000000000107         0.19870844647556385
57.640000000001066        0.1999808362316497
57.66000000000107         0.2021690364243737
57.68000000000107         0.205332679338617
57.700000000001076        0.20955968364838848
57.72000000000108         0.2149718592596737
57.74000000000107         0.22173257057122747
57.76000000000107         0.23005573665921708
57.780000000001074        0.24021872215790535
57.800000000001056        0.2525800221188666
57.82000000000105         0.2676030527099023
57.84000000000106         0.28588832805545933
57.860000000001044        0.30821386827205105
57.880000000001054        0.33558036588769374
57.900000000001064        0.36924313385097096
57.920000000001046        0.41066766068265165
57.94000000000106         0.4611984254941086
57.96000000000103         0.5208862160664652
57.98000000000103         0.5858208483114379
58.00000000000101         0.6461663692620546
58.020000000001005        0.6905402043441249
58.040000000001015        0.7165605218054032
58.06000000000099         0.729493277586834
58.08000000000101         0.7350612396612594
58.10000000000102         0.7364876819426651
58.12000000000101         0.7347219272183808
58.140000000001           0.7288159864384586
58.16000000000103         0.7155355584648817
58.18000000000101         0.6891401449898832
58.20000000000101         0.6444935798683716
58.220000000001           0.5841076495327265
58.24000000000099         0.5189922877767769
58.26000000000099         0.45928590223420157
58.28000000000099         0.40876631833232907
58.300000000000985        0.3673344098797792
58.32000000000099         0.33364523212472486
58.340000000000984        0.306239048373125
58.36000000000099         0.28386454809730216
58.38000000000099         0.265523427848227
58.40000000000097         0.2504386614810029
58.42000000000098         0.23801005774931613
58.440000000000964        0.22777455206458533
58.46000000000097         0.21937460680289403
58.48000000000097         0.21253413851996075
58.500000000000966        0.20704053081924018
58.52000000000099         0.2027313386978726
58.54000000000097         0.19948446577208764
58.56000000000098         0.19721154771640056
58.58000000000097         0.19585235583175467
58.60000000000096         0.1953720643654323
58.62000000000097         0.1957592564471927
58.64000000000096         0.19702532116752489
58.66000000000096         0.1992050407122288
58.680000000000966        0.20235840973594968
58.700000000000955        0.20657380977250367
58.72000000000095         0.211972694696208
58.74000000000097         0.21871607782856747
58.760000000000936        0.2270134285222099
58.78000000000096         0.23713968718421255
58.80000000000096         0.24944966399824198
58.820000000000945        0.264404137094632
58.840000000000956        0.282599798556218
58.86000000000095         0.30480822049524486
58.88000000000095         0.3320206581808847
58.90000000000095         0.36548070948555356
58.920000000000954        0.4066411032412129
58.94000000000093         0.4568339812638713
58.960000000000946        0.5161038783944784
58.98000000000093         0.5805550866824983
59.00000000000092         0.6402703602762118
59.02000000000089         0.6842753849185342
59.04000000000091         0.7101163140422543
59.0600000000009          0.7229361800136866
59.0800000000009          0.7284471903319123
59.1000000000009          0.7298601160068688
59.12000000000089         0.7281198656640777
59.14000000000091         0.7222862669913327
59.1600000000009          0.709158962385411
59.1800000000009          0.6830435846233276
59.2000000000009          0.6388168790970036
59.22000000000091         0.5789471332433355
59.24000000000091         0.5144063430421341
59.26000000000091         0.45508837580788714
59.2800000000009          0.40486442455891214
59.30000000000091         0.36366761502274114
59.32000000000092         0.3301839338384163
59.34000000000089         0.3029354959177225
59.3600000000009          0.28068176071694934
59.3800000000009          0.2624329034810436
59.40000000000089         0.24741838476322478
59.420000000000904        0.23504299367682963
59.44000000000089         0.22484752636658054
59.46000000000091         0.21647744460329205
59.48000000000089         0.2096589615351798
59.500000000000895        0.20418115177740373
59.520000000000884        0.19988278352708236
59.54000000000088         0.19664271258585544
59.560000000000876        0.19437295025319296
59.58000000000088         0.19301378153200385
59.600000000000875        0.19253054340700065
59.62000000000088         0.1929118320553149
59.64000000000089         0.19416877056202878
59.66000000000086         0.19633574274286456
59.68000000000089         0.19947212522767951
59.70000000000086         0.2036654776676903
59.72000000000087         0.20903638285284357
59.74000000000086         0.21574528784318367
59.76000000000086         0.22400184755439798
59.78000000000086         0.23407745304161348
59.80000000000086         0.24632316099432083
59.82000000000085         0.261193851871313
59.840000000000856        0.2792802259886488
59.86000000000085         0.30134405499261147
59.88000000000085         0.3283753075896119
59.90000000000086         0.36160355679640427
59.92000000000086         0.40246758238650343
59.94000000000084         0.45228613682370983
59.96000000000083         0.5110979417091461
59.980000000000814        0.5750241834630956
60.000000000000824        0.6342073489880992
60.0200000000008          0.6777682145215794
60.04000000000079         0.7033179209193098
60.06000000000079         0.7159845676332366
60.0800000000008          0.7214297323856432
60.10000000000079         0.722827814920555
60.12000000000078         0.7211086560957043
60.14000000000078         0.7153488586897896
60.16000000000079         0.7024040745686165
60.180000000000774        0.6766686768714832
60.200000000000784        0.632934887121959
60.2200000000008          0.5734674828641216
60.24000000000081         0.5094562496599042
60.260000000000815        0.45059982005645216
60.28000000000082         0.40075323797523554
60.30000000000081         0.35986382209023765
60.3200000000008          0.3266063651421999
60.3400000000008          0.2995390951800959
60.3600000000008          0.27742849503227823
60.3800000000008          0.25929181722736605
60.400000000000816        0.24436651634018475
60.42000000000079         0.23205853323950407
60.4400000000008          0.22191505489919192
60.46000000000079         0.21358457015311336
60.480000000000814        0.20679560601334793
60.500000000000796        0.20133908720223895
60.52000000000079         0.19705527099504663
60.54000000000079         0.19382408763199463
60.560000000000784        0.19155822380549598
60.580000000000766        0.19019829318663944
60.60000000000079         0.1897097453751842
60.62000000000078         0.19008106681617518
60.64000000000078         0.19132316547420747
60.66000000000079         0.1934699289721106
60.68000000000079         0.19658000311245746
60.70000000000079         0.20073993831269646
60.720000000000766        0.2060689710110717
60.74000000000078         0.2127258513269498
60.76000000000077         0.2209191834298105
60.780000000000776        0.2309171748950893
60.800000000000765        0.2430690385588509
60.82000000000076         0.257825243722168
60.84000000000075         0.27576939565686454
60.86000000000075         0.2976570725840647
60.88000000000076         0.3244599670091631
60.90000000000076         0.3573953069867593
60.920000000000755        0.39788031056427764
60.94000000000074         0.4472889864469397
60.96000000000073         0.5055681342116726
60.98000000000073         0.5688909997623973
61.0000000000007          0.6274684398095763
61.02000000000072         0.6705251495932218
61.04000000000071         0.6957420315657041
61.0600000000007          0.708231903153116
61.08000000000072         0.7136003551809397
61.10000000000072         0.714980720379736
61.12000000000071         0.7132898168421408
61.14000000000071         0.7076175348588473
61.1600000000007          0.6948595633355392
61.18000000000071         0.669371940555637
61.2000000000007          0.626109260611014
61.2200000000007          0.5673750795584824
61.240000000000705        0.5038846619763183
61.26000000000071         0.44559563504000205
61.28000000000072         0.3962676356738549
61.3000000000007          0.355736378387465
61.320000000000704        0.322764838414673
61.3400000000007          0.2959253727297674
61.360000000000696        0.2739962885864111
61.3800000000007          0.2560044534737477
61.400000000000695        0.24119317804905505
61.42000000000069         0.2289782398521985
61.440000000000694        0.21890892842867057
61.460000000000704        0.2106371846924377
61.4800000000007          0.20389415074028527
61.50000000000071         0.19847291179559173
61.520000000000685        0.19421455257548176
61.5400000000007          0.19100041999185796
61.560000000000684        0.18874408364280873
61.58000000000067         0.1873869285854683
61.60000000000068         0.18689482971649618
61.62000000000068         0.18725631453047667
61.64000000000067         0.18848194591896125
61.660000000000686        0.19060502343840635
61.680000000000696        0.1936833846698518
61.70000000000068         0.19780253746545198
61.720000000000674        0.20308061663337143
61.74000000000067         0.20967492169925928
61.760000000000666        0.21778927616716257
61.78000000000066         0.2276903247124407
61.800000000000665        0.23972350187658628
61.82000000000065         0.2543382643158311
61.84000000000066         0.27210863534373037
61.860000000000674        0.2937837796807879
61.88000000000065         0.32032357367057757
61.90000000000066         0.35293098608748197
61.92000000000065         0.3930086243972848
61.940000000000644        0.4418417207799148
61.960000000000626        0.49949240025414243
61.980000000000615        0.562231572042567
62.00000000000061         0.6202871798295242
62.020000000000614        0.6627451964644913
62.0400000000006          0.6875096817335824
62.06000000000059         0.6998140352678348
62.08000000000059         0.7051034594676615
62.10000000000058         0.7064666566983548
62.120000000000594        0.7048067177878095
62.14000000000058         0.6992271088226815
62.160000000000586        0.6866675533088374
62.18000000000058         0.6616434463143543
62.2000000000006          0.6189899624225776
62.22000000000058         0.5608034217444302
62.2400000000006          0.4979919771507228
62.26000000000062         0.44037889501111943
62.280000000000605        0.3914507720943515
62.300000000000615        0.35136182849893227
62.320000000000604        0.31872314122543627
62.34000000000061         0.2921520823572844
62.360000000000596        0.2704427034512317
62.380000000000585        0.2526234810841031
62.40000000000059         0.23795482989795383
62.42000000000059         0.22585594524638114
62.44000000000058         0.21588103097374353
62.46000000000059         0.20768580924679003
62.4800000000006          0.20100432330677745
62.50000000000058         0.19563163177446347
62.520000000000586        0.19141102837934812
62.54000000000058         0.188224692180714
62.56000000000057         0.18598694799193058
62.580000000000595        0.1846395663768305
62.60000000000054         0.18414856568995985
62.62000000000055         0.18450267649807411
62.64000000000054         0.18571264560779607
62.66000000000058         0.18781170549674606
62.680000000000554        0.19085716401380934
62.70000000000057         0.1949333864360056
62.72000000000055         0.20015661700165122
62.74000000000054         0.2066817604191015
62.760000000000566        0.21471164345902663
62.78000000000053         0.22451090799585205
62.800000000000566        0.23641852104210326
62.82000000000051         0.2508743604951034
62.840000000000565        0.2684546692301134
62.860000000000554        0.28989862049057896
62.880000000000535        0.31615833489649625
62.90000000000054         0.3484198439238159
62.92000000000053         0.3880704086102938
62.94000000000052         0.4363809475034515
62.96000000000049         0.49340948307172877
62.98000000000051         0.5554517591960074
63.0000000000005          0.6128129056799291
63.02000000000051         0.6546996878693605
63.0400000000005          0.6791093885276662
63.06000000000049         0.6912021448331371
63.08000000000051         0.6964125240442561
63.100000000000506        0.6977632645598937
63.12000000000052         0.6961408413304846
63.1400000000005          0.6906562726563932
63.16000000000051         0.6783049293683354
63.18000000000048         0.6536653993106474
63.20000000000049         0.6115977165455944
63.22000000000047         0.554117689325454
63.240000000000464        0.49201218997997553
63.26000000000047         0.4349550271214167
63.28000000000048         0.38663087828379017
63.30000000000048         0.34696942797467445
63.32000000000046         0.3146931955205731
63.34000000000048         0.2884117505640467
63.360000000000454        0.2669334087876961
63.38000000000048         0.24930783536713036
63.400000000000425        0.23479552120758437
63.420000000000464        0.22282525299202688
63.44000000000044         0.2129562506560344
63.46000000000045         0.2048475343477516
63.48000000000044         0.19823738648495404
63.50000000000045         0.19292237222189426
63.52000000000042         0.18874754402059363
63.54000000000043         0.1855963867566874
63.560000000000436        0.18338416370970592
63.58000000000041         0.18205324424637848
63.600000000000435        0.18157001847160548
63.62000000000041         0.1819231380510184
63.640000000000434        0.1831229362803202
63.66000000000042         0.18520198464134274
63.68000000000042         0.18821667331428957
63.70000000000042         0.1922509550463823
63.72000000000042         0.19742019127085295
63.74000000000042         0.2038779778356603
63.76000000000039         0.21182503878138467
63.78000000000042         0.22152164606359823
63.800000000000395        0.23330482432663935
63.82000000000042         0.2476113893463931
63.84000000000038         0.26500762032133074
63.86000000000042         0.2862279081726968
63.88000000000041         0.3122062340726454
63.90000000000042         0.3441326959121868
63.920000000000435        0.3833881678963424
63.9400000000004          0.43123536766354376
63.96000000000039         0.48769388161958066
63.98000000000037         0.548976601211273
64.00000000000038         0.6055230142521616
64.02000000000038         0.6469110331862026
64.04000000000036         0.6710650577802769
64.06000000000037         0.6829803312332471
64.08000000000038         0.6881194125576804
64.10000000000035         0.6894601708048921
64.12000000000036         0.6878746240333724
64.14000000000038         0.6824935178565208
64.16000000000037         0.6703289910010981
64.18000000000035         0.645986974875973
64.20000000000034         0.6044425580558398
64.22000000000037         0.5477819947525003
64.24000000000035         0.4863605165189413
64.26000000000036         0.42991481614913185
64.28000000000038         0.3821064531339418
64.30000000000035         0.3428690128246369
64.32000000000033         0.31093849617449204
64.34000000000037         0.28493933748399863
64.36000000000035         0.2636925523898455
64.38000000000034         0.24625782497448273
64.40000000000035         0.231903382009064
64.42000000000031         0.22006406571095571
64.44000000000035         0.21030383102454928
64.46000000000036         0.20228592787385283
64.48000000000032         0.1957502192285488
64.50000000000037         0.19049625281682014
64.52000000000032         0.18637075867039163
64.54000000000033         0.1832585034035019
64.56000000000033         0.18107564648052776
64.58000000000031         0.17976536839132773
64.60000000000032         0.17929442663139053
64.6200000000003          0.17965176297468813
64.64000000000031         0.18084779234524276
64.66000000000031         0.18291483914596818
64.68000000000032         0.18590881837300385
64.7000000000003          0.18991228864889023
64.72000000000031         0.19503910027627466
64.7400000000003          0.20144092874844566
64.7600000000003          0.2093163601818874
64.7800000000003          0.21892217484328325
64.8000000000003          0.2305946221371095
64.82000000000029         0.2447657253398861
64.84000000000029         0.261996304697439
64.8600000000003          0.283012233104401
64.8800000000003          0.3087467332505313
64.9000000000003          0.3403715782441005
64.92000000000029         0.3792555811007909
64.9400000000003          0.42665198896026
64.96000000000026         0.482579126304056
64.98000000000027         0.543273316558754
65.00000000000028         0.5992409061737122
65.02000000000027         0.6401594206719408
65.04000000000026         0.6640026312187869
65.06000000000026         0.6757891955187154
65.08000000000031         0.6808723152283537
65.10000000000028         0.6822103288165361
65.12000000000027         0.6806686790930438
65.14000000000027         0.6753873610132326
65.16000000000027         0.6634163845435557
65.18000000000026         0.6394147200429074
65.20000000000026         0.5983752478485338
65.22000000000024         0.5423313975706272
65.24000000000024         0.48160230633624534
65.26000000000022         0.4256649065111014
65.28000000000021         0.378266091206652
65.30000000000021         0.3393778039706691
65.32000000000022         0.3077434685629917
65.34000000000019         0.2819932058550659
65.36000000000018         0.26095094394543633
65.38000000000022         0.24368503321527707
65.40000000000022         0.22947073430526382
65.42000000000021         0.2177483265921313
65.4400000000002          0.20808591403590562
65.46000000000018         0.2001498622548986
65.48000000000019         0.19368244574351437
65.50000000000018         0.1884850992063581
65.52000000000022         0.18440602122219396
65.5400000000002          0.18133110828221188
65.56000000000019         0.17917742727085648
65.58000000000018         0.177888651659827
65.60000000000018         0.177432037454833
65.6200000000002          0.17779663370224197
65.64000000000019         0.17899270066462286
65.66000000000018         0.1810523464654986
65.68000000000018         0.18403091603210675
65.70000000000017         0.18801049316934038
65.72000000000017         0.19310415515585538
65.74000000000021         0.1994625751808372
65.76000000000016         0.20728300641875627
65.78000000000019         0.2168213592945574
65.80000000000017         0.2284087625326364
65.82000000000019         0.24247384702998157
65.84000000000016         0.25957225382798593
65.86000000000017         0.28042077286493355
65.88000000000015         0.30595275013451456
65.90000000000018         0.3373292580350507
65.92000000000016         0.3759104691138434
65.94000000000014         0.42294107246163937
65.96000000000016         0.47843839870916227
65.98000000000013         0.5386589073143951
66.00000000000014         0.5941644063235755
66.02000000000014         0.6347136086917908
66.04000000000015         0.6583300366238806
66.06000000000016         0.670014076143126
66.08000000000014         0.6750726820253025
66.10000000000018         0.6764321787787808
66.12000000000016         0.6749438262151082
66.14000000000016         0.6697604028697964
66.16000000000017         0.6579788729790194
66.18000000000015         0.6343381396242014
66.20000000000012         0.59361774215756
66.22000000000011         0.5380527420904749
66.24000000000008         0.4777927670479885
66.2600000000001          0.42226582964261444
66.2800000000001          0.37520616651239863
66.3000000000001          0.33659132008015735
66.32000000000006         0.30517445271271787
66.34000000000009         0.27959506878211376
66.36000000000007         0.2586894761423311
66.38000000000007         0.24153141457429744
66.40000000000009         0.22740073617418852
66.42000000000007         0.21574249653417193
66.44000000000007         0.20612467353401945
66.4600000000001          0.19821739250092146
66.48000000000008         0.19176446483984702
66.50000000000007         0.18656836383695444
66.52000000000007         0.18247790165089478
66.5400000000001          0.1793792148660122
66.56000000000007         0.17718929295162392
66.58000000000007         0.17585142950692312
66.60000000000007         0.1753322085379581
66.62000000000006         0.17561978088374522
66.64000000000006         0.17672327875062765
66.66000000000005         0.1786733046661139
66.68000000000006         0.1815235685877397
66.70000000000006         0.18535380634654633
66.72000000000001         0.19027425720930172
66.74000000000005         0.19643260207199587
66.76000000000008         0.20402095580622634
66.78000000000006         0.21329039912994985
66.80000000000007         0.2245656119688706
66.82000000000005         0.23826712598574243
66.84000000000003         0.25494039420919246
66.86000000000004         0.2752924215899561
66.88000000000004         0.3002324737269256
66.90000000000003         0.3309013727198079
66.92000000000004         0.3686306378100275
66.94000000000005         0.4146428666403072
66.96000000000004         0.46909113815463827
66.98000000000005         0.5281016615550705
67.00000000000004         0.5824445132956247
67.02000000000004         0.622069456180286
67.04000000000002         0.6451126928901593
67.06000000000002         0.6565209202891983
67.08000000000003         0.6614811398901678
67.10000000000002         0.6628306042323341
67.12000000000006         0.6613736301160817
67.14000000000006         0.6562407664462768
67.16000000000004         0.6445164957201893
67.18000000000002         0.6208914518979334
67.2                      0.5800882269235241
67.21556812990985         0.5384685116823086
67.22502291344209         0.5075449157425055
67.23039156820477         0.4921541358502065
67.24340650640507         0.45098892298484555
67.26095031875079         0.40390117838956857
67.27435899782814         0.3693394680441591
67.31232552092564         0.29498141654619464
67.31338637646068         0.2941408293931984
67.31699591383884         0.28990773954269194
67.36104642283861         0.23072125864423876
67.37356057187299         0.21815628599461098
67.42171660283078         0.1795951968373779
67.45151844060833         0.1617526918459598
67.49913489852227         0.1396343960757963
67.55138529525053         0.12136921068997175
67.59844702032824         0.10860683705270935
67.60000000000002         0.10829191154586355
