% Model:              Untitled.mph
% Version:            COMSOL 5.6.0.280
% Date:               Sep 14 2021, 17:11
% Dimension:          1
% Nodes:              1301
% Expressions:        1
% Description:        线图
% cln2x                   Height
15.600000000000001        0.11730701668268716
15.619999999999978        0.11763453718475197
15.63999999999997         0.1186024513505026
15.659999999999972        0.12023465564127471
15.679999999999982        0.1225723349180995
15.699999999999985        0.12567620229444068
15.719999999999985        0.12962990062146545
15.739999999999979        0.13454486547171166
15.759999999999982        0.1405670845125795
15.779999999999982        0.1478863609951273
15.799999999999981        0.1567488998073286
15.81999999999999         0.16747425368723637
15.839999999999993        0.18048014990958114
15.859999999999996        0.1963015552732662
15.879999999999985        0.21563607388334716
15.89999999999998         0.2393599567773469
15.919999999999982        0.268499208824441
15.939999999999996        0.30398838391722666
15.959999999999988        0.34579648005996566
15.979999999999993        0.39087150136012094
15.999999999999979        0.4315227197015824
16.01999999999998         0.45993746399231666
16.03999999999998         0.47581798067054143
16.059999999999974        0.4835231551362839
16.079999999999977        0.4868718326287097
16.099999999999984        0.48781739309292016
16.119999999999987        0.4869116362885222
16.139999999999986        0.4836023847290741
16.159999999999982        0.4759353854492162
16.17999999999997         0.4600897263384434
16.199999999999967        0.43170263002298787
16.21999999999996         0.3910684006412509
16.23999999999996         0.34600168694856626
16.259999999999952        0.30419805776631825
16.27999999999995         0.2687129187475151
16.29999999999994         0.23957884597182807
16.31999999999994         0.21586185955218196
16.33999999999995         0.19653612052897682
16.35999999999995         0.18072534644069888
16.379999999999942        0.16773182473034298
16.399999999999945        0.15702052181070147
16.419999999999952        0.14817363524744848
16.43999999999995         0.14087158469299296
16.45999999999995         0.1348681512665886
16.479999999999958        0.1299734922451111
16.499999999999957        0.126041588226635
16.519999999999953        0.12296100834301217
16.53999999999995         0.1206481824249793
16.559999999999953        0.11904252351131704
16.57999999999996         0.11810301611316473
16.59999999999996         0.11780597652717106
16.61999999999996         0.11814378565082553
16.639999999999958        0.11912448350991818
16.659999999999947        0.12077210563548976
16.679999999999957        0.12312825560367366
16.699999999999964        0.12625397766136237
16.719999999999963        0.13023340199953803
16.73999999999996         0.1351785845228154
16.759999999999966        0.1412363016042308
16.779999999999955        0.1485973612887321
16.79999999999996         0.1575092534955373
16.819999999999958        0.1682931820389021
16.839999999999968        0.18136662203541618
16.85999999999997         0.19727207460847976
16.879999999999967        0.21671010162332
16.899999999999967        0.24056469844677145
16.919999999999963        0.2698484680810891
16.93999999999997         0.3055205149412598
16.959999999999965        0.34754315311057793
16.979999999999972        0.3928489097113515
16.999999999999975        0.43370820367818513
17.01999999999997         0.46226878553406386
17.039999999999967        0.47823114405234846
17.05999999999997         0.4859762198665566
17.079999999999966        0.4893423919918713
17.099999999999966        0.49029312072225123
17.11999999999997         0.48938513703330433
17.139999999999965        0.4860612244220947
17.15999999999996         0.47834488578147494
17.179999999999968        0.4623569212468954
17.199999999999957        0.43389384597022984
17.21999999999995         0.3930538260538402
17.23999999999994         0.3477592603056625
17.259999999999945        0.30574448587616077
17.279999999999934        0.2700802645754373
17.299999999999933        0.24079931587724904
17.31999999999993         0.21696294267775637
17.33999999999993         0.19754011448778286
17.359999999999932        0.18165011079056437
17.379999999999935        0.1685935988714826
17.399999999999935        0.15782845862278558
17.419999999999938        0.1489373008370989
17.439999999999934        0.14159893664079415
17.459999999999933        0.13556589860348436
17.47999999999994         0.13064709120857115
17.499999999999936        0.12669648879491632
17.519999999999936        0.12360163162584868
17.53999999999993         0.12127851326630823
17.559999999999942        0.11966623936340524
17.579999999999934        0.11872359517870477
17.599999999999945        0.11842679038544274
17.61999999999994         0.11876818417971574
17.63999999999994         0.11975587777083115
17.659999999999936        0.12141413811574914
17.679999999999932        0.12378468834821688
17.69999999999995         0.1269289751326797
17.719999999999953        0.1309316094278563
17.739999999999945        0.1359048230053726
17.759999999999945        0.1419969251887206
17.779999999999944        0.14939946535458032
17.79999999999994         0.1583612936779845
17.81999999999994         0.16920537726098048
17.839999999999943        0.18235148126144338
17.859999999999943        0.19834508137436832
17.87999999999995         0.2178905799576482
17.899999999999952        0.24187681464660848
17.919999999999956        0.2713471109335011
17.939999999999948        0.3072501593679487
17.959999999999955        0.34952180543463507
17.979999999999947        0.3949864877754118
17.99999999999996         0.4359519825651591
18.019999999999957        0.46480306802033644
18.039999999999953        0.4808551034647308
18.059999999999956        0.4886444924178174
18.07999999999995         0.4920306901209104
18.099999999999955        0.492988019122925
18.11999999999995         0.49207629749065945
18.13999999999995         0.4887352064560003
18.15999999999995         0.480977278151632
18.179999999999943        0.46490191586338964
18.199999999999935        0.43615059958734387
18.219999999999928        0.3952063370769553
18.239999999999917        0.3497542381302532
18.259999999999916        0.30749147213573
18.279999999999923        0.27159729017044865
18.29999999999992         0.24213095652948857
18.319999999999915        0.2181643831229778
18.33999999999991         0.19863565993656196
18.359999999999914        0.1826592337349936
18.379999999999924        0.16953191916648253
18.399999999999917        0.15870859847176122
18.419999999999913        0.14976957822388656
18.43999999999991         0.14239189518790632
18.459999999999923        0.13632671834150062
18.479999999999922        0.13138225092802844
18.499999999999915        0.12741099490116858
18.519999999999918        0.12430036320987382
18.539999999999914        0.12196587338877868
18.559999999999917        0.1203462126444759
18.579999999999917        0.11940006036820985
18.599999999999916        0.11910341624176066
18.619999999999926        0.11944861319115109
18.639999999999926        0.12044381756146028
18.65999999999992         0.12211345496931428
18.67999999999992         0.12449950846908725
18.69999999999993         0.12766379954539842
18.719999999999928        0.13169144947409722
18.739999999999927        0.1366958258990865
18.759999999999927        0.14282541633580664
18.779999999999937        0.15027324475477777
18.79999999999993         0.15928965834088615
18.819999999999922        0.17019952612062392
18.83999999999993         0.18342254962731244
18.859999999999932        0.1995118323912847
18.87999999999993         0.21917401521694976
18.899999999999938        0.2433031984158762
18.919999999999934        0.27294886027433496
18.93999999999993         0.30906530217842365
18.95999999999994         0.35158806075048893
18.979999999999933        0.39732308210695994
18.999999999999936        0.43853301648223453
19.01999999999994         0.4674888140024051
19.039999999999935        0.48370072475138326
19.05999999999994         0.49154893907672365
19.079999999999934        0.4949550607082124
19.099999999999937        0.49591756785397695
19.119999999999944        0.4950019212705431
19.139999999999937        0.49164225647245924
19.159999999999936        0.4838391955143972
19.179999999999932        0.46766887164171184
19.19999999999992         0.43874708630981235
19.219999999999914        0.39756014687438646
19.239999999999903        0.3518388315265329
19.259999999999906        0.3093258243543473
19.279999999999898        0.2732191718716277
19.299999999999898        0.24358504928720182
19.3199999999999          0.21946972171525794
19.339999999999907        0.19982385483425308
19.359999999999896        0.1837533139770589
19.3799999999999          0.17055133809231965
19.399999999999903        0.15966466468148086
19.419999999999895        0.15067352086459002
19.4399999999999          0.14325301447572494
19.459999999999905        0.1371528267983229
19.4799999999999          0.13218001234735233
19.4999999999999          0.12818621474543515
19.51999999999991         0.12505824264653548
19.53999999999991         0.12271116538978356
19.559999999999906        0.1210833776594518
19.57999999999991         0.12013315767174108
19.59999999999991         0.11983643461601938
19.61999999999991         0.12018549855206007
19.639999999999908        0.1211885770171998
19.659999999999915        0.12287034525595633
19.679999999999918        0.12527293714676876
19.699999999999914        0.12845862703185126
19.719999999999914        0.1325130854813449
19.739999999999917        0.13755040741479463
19.759999999999913        0.1437200293598172
19.77999999999991         0.15121620597919966
19.799999999999915        0.1602908782169956
19.819999999999908        0.17127098130539462
19.83999999999992         0.18458132250490414
19.85999999999992         0.20077362861958042
19.879999999999924        0.22055962709604243
19.899999999999924        0.24483571666982898
19.919999999999916        0.2746514003973032
19.939999999999912        0.3110232894979909
19.95999999999992         0.35381668147819223
19.97999999999993         0.3998430834252026
19.999999999999925        0.4413164801559008
20.01999999999993         0.4704587003350001
20.03999999999993         0.4867761569245194
20.059999999999924        0.4946764280392287
20.079999999999924        0.49810604846653944
20.09999999999992         0.49907630331789543
20.119999999999923        0.4981541207211203
20.139999999999922        0.4947723208895396
20.15999999999992         0.48693113382293574
20.179999999999914        0.47072117994739054
20.19999999999991         0.4415461187871232
20.219999999999906        0.40009745706023375
20.23999999999989         0.3540858267739421
20.259999999999888        0.31130297113411615
20.279999999999887        0.2749671932529995
20.299999999999883        0.24514510368471687
20.319999999999883        0.2208769292580244
20.33999999999988         0.20110668214043692
20.35999999999988         0.1849345695027859
20.379999999999885        0.1716474021208595
20.399999999999896        0.1606928439205496
20.41999999999988         0.1516458475153313
20.439999999999888        0.14417941647065455
20.459999999999887        0.13804164864964966
20.47999999999989         0.13303870562525585
20.499999999999886        0.12902055529514475
20.51999999999989         0.12587375612460727
20.539999999999893        0.12351287864289151
20.559999999999903        0.12187598777169975
20.5799999999999          0.12092114037919639
20.599999999999895        0.12062411353363015
20.619999999999894        0.12097713233166765
20.639999999999894        0.1219884783494934
20.659999999999897        0.12368291372496955
20.679999999999904        0.12610298856139437
20.699999999999903        0.1293113484140051
20.719999999999914        0.13339423938498432
20.739999999999906        0.13846651850061223
20.7599999999999          0.1446793088425442
20.779999999999912        0.15222708980804017
20.79999999999991         0.16136397640186517
20.819999999999904        0.1724191148251163
20.839999999999907        0.18582018390963145
20.859999999999904        0.20212263913980938
20.879999999999907        0.22204301424966247
20.899999999999917        0.24648374086818725
20.919999999999913        0.27650137006577497
20.93999999999991         0.3130583164630743
20.95999999999991         0.3561228739285417
20.9799999999999          0.4025529580738174
20.999999999999904        0.44442971506785595
21.0199999999999          0.4736371088852547
21.039999999999903        0.49006739522672793
21.059999999999892        0.4980232313035299
21.079999999999902        0.5014778375155091
21.0999999999999          0.5024562127923069
21.119999999999898        0.5015291604905667
21.1399999999999          0.4981256072129029
21.1599999999999          0.4902321083303572
21.17999999999989         0.4739127250295431
21.199999999999886        0.4446749376271326
21.219999999999885        0.4028242439900472
21.23999999999988         0.35640972297393503
21.25999999999987         0.3133564915052166
21.27999999999987         0.2768110436214987
21.29999999999987         0.24681359958865157
21.31999999999986         0.22238189594358007
21.33999999999986         0.20247856640281933
21.35999999999987         0.1861977436594603
21.379999999999864        0.17282143832373054
21.399999999999864        0.16179360883602745
21.419999999999867        0.15268633528231532
21.43999999999987         0.14517039199661907
21.45999999999988         0.13899215087377131
21.479999999999873        0.13395613415978672
21.499999999999865        0.12991203886304048
21.51999999999986         0.12674519113011837
21.539999999999864        0.12436958666978432
21.559999999999874        0.12272288843655456
21.579999999999874        0.12176295290719535
21.59999999999987         0.12146538224034942
21.619999999999873        0.12182243816382078
21.63999999999988         0.1228424555557044
21.659999999999883        0.12455036224212447
21.67999999999988         0.12698901175195557
21.699999999999882        0.13022150218460357
21.719999999999878        0.1343347023159367
21.739999999999878        0.1394442961458119
21.75999999999988         0.14570179535608405
21.779999999999877        0.15330414935166095
21.79999999999989         0.16250680152830502
21.819999999999887        0.17364126806082505
21.83999999999988         0.1871408900587819
21.859999999999882        0.20356061368238837
21.879999999999885        0.22362406153324674
21.899999999999885        0.24824007757737163
21.91999999999989         0.2784727331983567
21.93999999999989         0.31529130363686714
21.959999999999894        0.3586639840249038
21.97999999999989         0.40542661006719183
21.99999999999989         0.44760430683704217
22.019999999999897        0.477093084390554
22.039999999999907        0.49357992366810965
22.059999999999892        0.501584064230667
22.079999999999902        0.5050671314764963
22.099999999999895        0.5060561346929375
22.119999999999905        0.5051236619969454
22.1399999999999          0.5016967209066076
22.15999999999989         0.493747277519153
22.179999999999886        0.4773111212143304
22.19999999999988         0.4478639077325035
22.219999999999864        0.40571399759919197
22.239999999999856        0.3589680699336242
22.25999999999986         0.31560759155623835
22.27999999999985         0.27880141170368744
22.29999999999985         0.24858337278551257
22.319999999999848        0.2239848031151302
22.339999999999847        0.20394170720271868
22.35999999999986         0.1875451715390843
22.379999999999846        0.17407345234108954
22.399999999999856        0.16296556822568825
22.419999999999856        0.1537940551350679
22.439999999999852        0.14622534959660752
22.459999999999862        0.14000399842855904
22.479999999999865        0.13493310365344466
22.49999999999986         0.13086127948855145
22.519999999999865        0.127673032355602
22.53999999999986         0.12528174401125994
22.559999999999864        0.12362462937426717
22.579999999999863        0.12265921468318397
22.59999999999986         0.12236102433660377
22.619999999999866        0.12272226823716328
22.639999999999866        0.12375140381335752
22.65999999999987         0.12547348828811383
22.679999999999872        0.1279318177403233
22.69999999999987         0.13118990655949694
22.719999999999867        0.13533527861511213
22.73999999999987         0.14048449400321783
22.75999999999987         0.14679021168282022
22.779999999999873        0.1544508708586835
22.799999999999873        0.16372384524645187
22.819999999999876        0.17494315439359942
22.839999999999886        0.18854292100434733
22.859999999999882        0.20508727074589633
22.879999999999878        0.22530466004733474
22.899999999999878        0.2501141822600911
22.91999999999988         0.2805946379376651
22.939999999999877        0.31766517264432426
22.959999999999873        0.36136527476734714
22.97999999999987         0.40848126947634544
22.999999999999872        0.4509787650133577
23.019999999999868        0.4806926449970723
23.039999999999868        0.49730653627223603
23.059999999999864        0.5053732167851752
23.07999999999986         0.5088842479803309
23.099999999999866        0.509882086489866
23.119999999999862        0.5089459237817341
23.13999999999987         0.5054959943294968
23.159999999999865        0.49747604519461963
23.179999999999865        0.4808514036571857
23.199999999999854        0.45111580094471454
23.219999999999857        0.40878447178477395
23.239999999999853        0.36168637480801563
23.259999999999835        0.31799941517036656
23.279999999999834        0.2809161794287658
23.299999999999827        0.25047076814017694
23.319999999999837        0.22568724462258025
23.339999999999826        0.20549360654642282
23.35999999999983         0.18897408744646987
23.379999999999836        0.17540149609800915
23.399999999999835        0.16421208572424073
23.419999999999845        0.1549718011451492
23.439999999999834        0.1473466137461803
23.459999999999834        0.1410791379716046
23.479999999999837        0.13597063843396012
23.499999999999844        0.13186930308011002
23.51999999999984         0.1286582752851221
23.539999999999843        0.12625028546377595
23.55999999999984         0.12458208054098864
23.579999999999846        0.1236108718770083
23.59999999999985         0.12331200177611658
23.61999999999985         0.12367762503869117
23.639999999999848        0.12471629230974686
23.659999999999847        0.126453393029124
23.67999999999985         0.12893248586584197
23.69999999999985         0.13221766468289559
23.71999999999985         0.13639714927642832
23.739999999999856        0.1415884328658487
23.75999999999986         0.1479446987477586
23.779999999999852        0.15566707787619669
23.799999999999855        0.16501450977337534
23.81999999999986         0.1763236665833136
23.839999999999858        0.19003211631631106
23.859999999999857        0.20670845266881208
23.87999999999986         0.22708687766809324
23.89999999999986         0.25209374173503735
23.919999999999867        0.28281636956655914
23.939999999999856        0.3202436364970052
23.959999999999855        0.36430937215048953
23.97999999999986         0.4117057318598363
23.999999999999854        0.45441775340448554
24.01999999999985         0.48443610881865906
24.03999999999985         0.5012556204647692
24.05999999999985         0.5093884298569578
24.079999999999846        0.5129289352727887
24.099999999999852        0.5139359758150986
24.119999999999845        0.5129934196393336
24.139999999999855        0.5095168440826724
24.15999999999985         0.5014334747788272
24.179999999999843        0.48467647313833717
24.199999999999847        0.4547042482250717
24.219999999999832        0.41202399309006976
24.239999999999828        0.36464712164205976
24.259999999999817        0.3205955704669522
24.279999999999816        0.28318257783411427
24.299999999999812        0.25246995793435717
24.319999999999823        0.2274904693699173
24.33999999999981         0.2071373126291101
24.359999999999815        0.19048746851954995
24.37999999999981         0.1768079762931438
24.399999999999817        0.1655306125431588
24.419999999999817        0.15621787424561429
24.439999999999817        0.14853308708626342
24.45999999999982         0.14221685089329317
24.479999999999823        0.13706920507614515
24.49999999999982         0.1329363762486937
24.519999999999825        0.1297010355751032
24.53999999999982         0.12727519809680224
24.55999999999982         0.12559510259185153
24.579999999999814        0.12461759709320865
24.599999999999824        0.12431791133181361
24.619999999999823        0.12468809457982316
24.639999999999834        0.12573677528906504
24.65999999999983         0.12748955659335506
24.679999999999826        0.12999037724871176
24.69999999999983         0.13330389624123448
24.71999999999983         0.1375191001694653
24.739999999999828        0.1427544713375767
24.75999999999983         0.14916517246655087
24.77999999999983         0.1569528985109417
24.79999999999983         0.16637923979573008
24.81999999999984         0.1777836487757321
24.839999999999836        0.1916071867991156
24.859999999999832        0.20842014798829855
24.879999999999832        0.22896835767101367
24.89999999999983         0.2541832984183
24.919999999999835        0.28516131238194214
24.939999999999834        0.3228995010570046
24.959999999999837        0.36733126953528256
24.979999999999848        0.4151217744365206
24.999999999999837        0.4581902546385553
25.019999999999843        0.48846085920107407
25.039999999999843        0.5054163146156095
25.059999999999842        0.5136299123162639
25.079999999999846        0.5171993882995708
25.09999999999984         0.5182138233321159
25.11999999999984         0.5172644379614368
25.13999999999984         0.5137595931764186
25.15999999999984         0.5056090680397214
25.179999999999836        0.4887120717463586
25.199999999999832        0.45848984067171933
25.219999999999818        0.41545481550739083
25.23999999999981         0.3676849973221316
25.259999999999806        0.32326838733926716
25.2799999999998          0.28554541520547905
25.299999999999795        0.2545851866696517
25.3199999999998          0.2293914008526758
25.339999999999808        0.20886780686494433
25.3599999999998          0.19208024669703994
25.379999999999797        0.1782882700182774
25.399999999999803        0.16691993546465234
25.419999999999803        0.15753053350515245
25.439999999999802        0.14978262608617868
25.459999999999805        0.143414657734866
25.479999999999805        0.1382250246755282
25.499999999999805        0.1340587067582387
25.519999999999808        0.13079741565332062
25.539999999999818        0.12835243077022548
25.559999999999803        0.12665944593935347
25.579999999999814        0.12567497436886216
25.599999999999813        0.12537396901811315
25.619999999999813        0.12574847500962144
25.639999999999812        0.1268072018244038
25.659999999999823        0.1285759760135354
25.67999999999981         0.13109925335109335
25.699999999999825        0.13444203234227914
25.71999999999982         0.13869416142812474
25.739999999999814        0.14397515768551677
25.75999999999982         0.15044153896160053
25.779999999999827        0.15829674346889758
25.79999999999982         0.1678046074267108
25.819999999999812        0.1793074878570349
25.839999999999826        0.1932502117722273
25.859999999999822        0.21021047641052393
25.87999999999983         0.23093345910998492
25.899999999999828        0.2563576467337662
25.919999999999824        0.287581873287298
25.93999999999982         0.325670645238686
25.959999999999827        0.370483782466194
25.97999999999982         0.4186850678024199
25.999999999999822        0.46212531181529337
26.019999999999822        0.49265930638122535
26.03999999999983         0.5097638020355978
26.059999999999825        0.5180504473307915
26.079999999999814        0.5216522990536452
26.099999999999824        0.5226766955048224
26.11999999999982         0.5217177976665235
26.139999999999816        0.5181812494509994
26.15999999999982         0.5099716417153258
26.179999999999815        0.4929942010147545
26.199999999999815        0.4625783901530751
26.219999999999803        0.4190338744486087
26.239999999999792        0.37085524391012253
26.259999999999792        0.3260591995261469
26.279999999999784        0.2880143601025148
26.299999999999784        0.25679030341495845
26.31999999999978         0.23138216659273578
26.33999999999978         0.21068432695221267
26.35999999999979         0.19375464693676236
26.379999999999782        0.1798463463472028
26.399999999999782        0.16838107183011847
26.41999999999979         0.1589137550850252
26.4399999999998          0.15110198903309927
26.45999999999978         0.14468199193612588
26.47999999999979         0.13945045591972582
26.49999999999979         0.13525128784794876
26.51999999999979         0.13196471626801942
26.539999999999786        0.12950162684641559
26.559999999999793        0.1277971821626749
26.579999999999792        0.12680752489503494
26.5999999999998          0.1265074044134047
26.6199999999998          0.1268888240223762
26.639999999999805        0.12796060508829085
26.659999999999798        0.12974884239401216
26.6799999999998          0.13229828739097999
26.6999999999998          0.13567477619087112
26.7199999999998          0.13996891213781415
26.739999999999803        0.1453013272150792
26.75999999999981         0.1518307179482436
26.779999999999802        0.15976129299933792
26.79999999999981         0.16935985546502746
26.819999999999805        0.18097196531468984
26.839999999999804        0.19504660237067736
26.859999999999808        0.21216685113049996
26.879999999999804        0.23308483676574399
26.899999999999803        0.25874778514580693
26.919999999999824        0.2902647505349345
26.939999999999813        0.3286461131727979
26.95999999999981         0.37385930407830703
26.97999999999981         0.42260837727247486
26.999999999999805        0.466584492144608
27.0199999999998          0.4973400689516129
27.0399999999998          0.5145351800637356
27.059999999999807        0.5229019000148288
27.079999999999803        0.5265391342125011
27.099999999999802        0.5275742929205774
27.11999999999981         0.5266072257825081
27.1399999999998          0.5230378834047265
27.159999999999812        0.514750901354186
27.179999999999797        0.49761298676637633
27.19999999999979         0.46691072946754825
27.219999999999786        0.42297152237201524
27.239999999999778        0.3742461297359036
27.25999999999977         0.3290513044573096
27.27999999999977         0.2906886126549319
27.299999999999763        0.259193121242081
27.319999999999776        0.2335546714249207
27.339999999999772        0.21266347962666124
27.359999999999765        0.19557560863416887
27.379999999999765        0.18153734395598656
27.39999999999976         0.16996495486623495
27.41999999999977         0.16040921726564358
27.439999999999763        0.15252452029507682
27.45999999999977         0.14604461177104913
27.479999999999762        0.14076427787530632
27.499999999999766        0.13652573535265905
27.51999999999977         0.13320861701453224
27.53999999999977         0.13072266546971964
27.559999999999768        0.1290024718683916
27.57999999999977         0.12800381740037586
27.599999999999774        0.12770113706747924
27.619999999999777        0.12808640099914897
27.639999999999773        0.1291685075296005
27.659999999999787        0.13097379703157608
27.67999999999978         0.13354744420484652
27.699999999999775        0.1369559073966364
27.719999999999775        0.1412906453255145
27.739999999999778        0.14667342787792423
27.75999999999979         0.1532637155145984
27.77999999999978         0.1612687703653484
27.79999999999978         0.17095739172399418
27.819999999999784        0.18267840741880498
27.839999999999787        0.19688516099751427
27.859999999999783        0.21416929963506692
27.879999999999782        0.23528430236422263
27.899999999999785        0.2611888853050111
27.919999999999785        0.29300250998480326
27.939999999999785        0.33174504716689224
27.959999999999795        0.3773837467591818
27.979999999999794        0.4265923119445641
27.999999999999794        0.47098488570043373
28.019999999999797        0.5020343203229433
28.0399999999998          0.5194023094809654
28.0599999999998          0.5278393272700849
28.0799999999998          0.5315147130623953
28.0999999999998          0.5325630741482597
28.119999999999795        0.5315898916772398
28.139999999999798        0.5279846760831045
28.1599999999998          0.5196186267509159
28.179999999999794        0.5023169076645042
28.199999999999783        0.47132268582648396
28.21999999999977         0.42696842758533055
28.239999999999768        0.37778456452756076
28.259999999999756        0.3321650876071976
28.279999999999745        0.29344207981016013
28.29999999999975         0.26165085563983054
28.319999999999748        0.2357723629991663
28.339999999999748        0.2146872319099538
28.35999999999975         0.19743921169520737
28.379999999999747        0.18326896018496
28.399999999999753        0.17158625167354116
28.419999999999753        0.16194132155709287
28.439999999999753        0.15398321128955786
28.459999999999752        0.1474431572217123
28.479999999999755        0.14211400921297523
28.499999999999755        0.13783649527946767
28.519999999999754        0.13448911229093902
28.53999999999976         0.13198075137631113
28.559999999999757        0.1302453953815815
28.579999999999753        0.12923841143292158
28.59999999999976         0.12893410452395088
28.619999999999752        0.12932433652894718
28.639999999999763        0.1304180962541853
28.659999999999762        0.13224198295178408
28.67999999999976         0.13484147508739716
28.699999999999765        0.13828390558353135
28.71999999999977         0.14266153661392772
28.73999999999977         0.1480973270025682
28.75999999999977         0.1547522910700819
28.779999999999774        0.16283570753753196
28.799999999999773        0.17261898784180818
28.819999999999776        0.18445434616974987
28.839999999999776        0.19879952285046762
28.859999999999776        0.21624929375858296
28.879999999999786        0.23757165684641718
28.899999999999785        0.2637356024819681
28.919999999999785        0.29587850077497346
28.93999999999979         0.3350347917877047
28.95999999999979         0.38105105641887754
28.97999999999978         0.43073771889140083
28.99999999999979         0.47556368808579785
29.019999999999794        0.5069190319834503
29.0399999999998          0.5244598210629038
29.059999999999793        0.5329814750993735
29.0799999999998          0.5366941675189665
29.099999999999795        0.5377538058637642
29.119999999999795        0.5367719572073409
29.139999999999795        0.5331364579840357
29.159999999999794        0.5246767605737161
29.179999999999794        0.5071369237428272
29.199999999999783        0.475769918971278
29.219999999999786        0.4311277911185846
29.239999999999778        0.3814671890168681
29.259999999999767        0.33540620610199473
29.27999999999977         0.29630862827638527
29.29999999999977         0.2642100173118357
29.31999999999976         0.2380814786635882
29.339999999999765        0.2167928183890384
29.359999999999765        0.19937850258952222
29.37999999999977         0.185071802381684
29.399999999999768        0.17327832796459308
29.41999999999978         0.1635404200670713
29.439999999999774        0.15550587045326575
29.459999999999777        0.148903290868235
29.479999999999777        0.14352349309420792
29.499999999999773        0.13920540673046658
29.51999999999978         0.13582686957387563
29.539999999999775        0.13329554605216754
29.559999999999782        0.13154477947907592
29.579999999999792        0.1305295076483526
29.59999999999979         0.13022380481191448
29.619999999999784        0.1306194887261537
29.63999999999979         0.13172566946635964
29.659999999999794        0.1335692259120382
29.679999999999794        0.13619623556064342
29.699999999999793        0.13967449036211696
29.719999999999803        0.1440972862454162
29.739999999999803        0.14958883602210987
29.7599999999998          0.1563117936886477
29.77999999999979         0.1644764761327263
29.799999999999805        0.17435874515486335
29.819999999999805        0.18631359180831725
29.839999999999808        0.20080332935352133
29.859999999999808        0.21842866991748985
29.879999999999818        0.2399652702679951
29.899999999999817        0.2663917776357147
29.91999999999981         0.29885689238619223
29.939999999999817        0.33840537776840734
29.959999999999823        0.38496817902476654
29.97999999999982         0.4350541231317116
29.999999999999822        0.4802007935907799
30.019999999999822        0.5119446886836633
30.03999999999983         0.5297409556034728
30.059999999999828        0.538351186978171
30.079999999999828        0.5421033205893805
30.099999999999827        0.5431754844719304
30.119999999999827        0.5421855243602693
30.13999999999982         0.5385147477023022
30.159999999999826        0.5299700028245206
30.179999999999822        0.5122520929963101
30.199999999999815        0.4805675597771637
30.21999999999981         0.4354629018897621
30.239999999999807        0.3854043736024739
30.259999999999796        0.33886298789469976
30.2799999999998          0.29933643444599733
30.299999999999795        0.2668965954972912
30.319999999999794        0.24050012100401677
30.339999999999794        0.21899921301904618
30.359999999999797        0.20141152203599944
30.379999999999797        0.1869626224109982
30.3999999999998          0.17505213922978943
30.419999999999806        0.16521783637756526
30.439999999999802        0.15710400447547848
30.459999999999802        0.1504365674498812
30.4799999999998          0.14500424987572072
30.499999999999805        0.14064459994057915
30.51999999999981         0.1372336905496063
30.539999999999804        0.1346785989891321
30.559999999999814        0.13291199745895022
30.579999999999817        0.1318883728311307
30.59999999999982         0.1315815409778188
30.619999999999816        0.13198327708268237
30.639999999999816        0.13310278816620508
30.659999999999823        0.13496726750780252
30.679999999999822        0.137623298651065
30.69999999999982         0.14113938706769355
30.71999999999983         0.1456097985467477
30.739999999999835        0.151160040991612
30.75999999999983         0.15795446484304568
30.77999999999983         0.16620667534482628
30.799999999999827        0.1761936722751394
30.819999999999833        0.1882748668927677
30.83999999999984         0.20291721476877572
30.859999999999843        0.22072446370605397
30.879999999999836        0.24248615418934077
30.89999999999985         0.26918833969068007
30.919999999999842        0.30199153822574815
30.93999999999984         0.3419512838382669
30.959999999999845        0.38899806411389126
30.979999999999848        0.439605615256642
30.999999999999854        0.485225398590119
31.01999999999985         0.5173057492672276
31.039999999999868        0.5352860431196187
31.059999999999864        0.5440018809801961
31.079999999999856        0.5477943430027029
31.09999999999986         0.5488787435208802
31.11999999999986         0.5478795459749547
31.13999999999986         0.5441755331626208
31.15999999999985         0.5355422051966297
31.179999999999854        0.5176371254054712
31.19999999999985         0.4856184094102163
31.21999999999984         0.44004147051712994
31.23999999999982         0.38946140037640703
31.259999999999817        0.342436143192509
31.279999999999824        0.30249893909477105
31.299999999999827        0.2697222388387072
31.319999999999826        0.24305127105189708
31.339999999999826        0.22132546924904922
31.35999999999984         0.20355581290745126
31.37999999999984         0.18895833053928873
31.39999999999983         0.1769258562040595
31.41999999999983         0.16699226255468136
31.439999999999838        0.15879554781499114
31.45999999999984         0.15206038243288314
31.47999999999984         0.14657332933496353
31.499999999999847        0.14217026212876424
31.519999999999847        0.13872597062724534
31.539999999999853        0.13614657333649297
31.559999999999846        0.1343640545339605
31.57999999999984         0.133332445422142
31.599999999999856        0.13302531475491056
31.61999999999985         0.13343435150210117
31.639999999999848        0.13456891819924657
31.65999999999986         0.1364565369979769
31.67999999999987         0.13914449815628582
31.699999999999854        0.14270188831083394
31.71999999999986         0.1472241585760799
31.739999999999874        0.1528382436660919
31.75999999999986         0.15971035622413976
31.77999999999987         0.16805652454659167
31.799999999999855        0.17815689113305003
31.819999999999883        0.1903749434622348
31.839999999999883        0.20518292989158937
31.859999999999875        0.22319412088511406
31.879999999999875        0.2451995321757088
31.89999999999988         0.2721952988065066
31.919999999999877        0.305347644946514
31.939999999999877        0.3457190298788038
31.95999999999987         0.39336349589377867
31.979999999999883        0.44454247760197885
31.999999999999883        0.4906802421157224
32.019999999999875        0.5231287877757975
32.03999999999987         0.5413178598127045
32.059999999999874        0.5501353548349562
32.07999999999988         0.5539711908531053
32.09999999999988         0.5550661409477443
32.11999999999988         0.5540522583009045
32.13999999999988         0.5502972194707125
32.159999999999876        0.5415728615162303
32.17999999999988         0.5235296454500507
32.19999999999987         0.4912165281103778
32.219999999999864        0.44499146732345857
32.23999999999987         0.3938317326780337
32.259999999999856        0.3462816842840027
32.27999999999985         0.3058993847518393
32.29999999999986         0.27275785874657094
32.319999999999844        0.2457905365796348
32.339999999999854        0.22382387373860113
32.35999999999986         0.20585777002418185
32.37999999999986         0.19109945938724124
32.399999999999864        0.17893495725886352
32.41999999999985         0.16889176072186166
32.43999999999986         0.16060635504592544
32.459999999999866        0.15379872528743557
32.479999999999855        0.14825308040576937
32.499999999999886        0.14380352119559844
32.51999999999986         0.14032363591036723
32.539999999999864        0.1377181492623379
32.55999999999987         0.13591853187581993
32.57999999999987         0.134878314646058
32.59999999999987         0.13457078886497942
32.61999999999988         0.13498757339850745
32.63999999999989         0.13613816322486302
32.659999999999876        0.13805042085374858
32.679999999999886        0.14077205230607445
32.699999999999875        0.144373193831309
32.719999999999885        0.14895033188154358
32.73999999999988         0.1546318967112076
32.75999999999989         0.16158603979768593
32.77999999999988         0.17003241529105903
32.79999999999989         0.18025265087955847
32.819999999999894        0.19261525178287384
32.8399999999999          0.20759797798952445
32.8599999999999          0.22582124631481884
32.8799999999999          0.2480852725462068
32.899999999999906        0.2753977488055015
32.919999999999895        0.30893839551433916
32.9399999999999          0.34978198832771934
32.959999999999916        0.3978948873354344
32.97999999999991         0.44977572882496974
32.999999999999915        0.49659365056627136
33.019999999999925        0.5293589476270034
33.03999999999993         0.5476984788095277
33.059999999999924        0.5566166252761853
33.07999999999991         0.5604996374914911
33.09999999999993         0.5616082463551735
33.119999999999926        0.560582241696748
33.13999999999993         0.5567815002910038
33.15999999999992         0.5479509184009826
33.179999999999914        0.5296897891058304
33.1999999999999          0.4969919099596468
33.2199999999999          0.4502243634874463
33.23999999999989         0.39838048713771856
33.259999999999884        0.35029989654660265
33.27999999999988         0.3094900452254023
33.29999999999988         0.27598712135628894
33.31999999999988         0.2487170311228501
33.3399999999999          0.22649728412111786
33.3599999999999          0.20832539644754883
33.379999999999875        0.19339877402557826
33.399999999999885        0.18109629506959238
33.41999999999989         0.17093996332219458
33.439999999999884        0.16256202950903068
33.459999999999894        0.1556791886950185
33.4799999999999          0.15007310692793552
33.499999999999886        0.14557596198143583
33.519999999999904        0.14205975793869566
33.53999999999991         0.13942853567767904
33.5599999999999          0.13761277280829448
33.57999999999989         0.13656549626174377
33.5999999999999          0.13625972786817392
33.619999999999905        0.13668700504541217
33.6399999999999          0.13785701252831856
33.65999999999991         0.1397979980830471
33.67999999999992         0.14255829562263014
33.69999999999992         0.14620894349088795
33.719999999999914        0.15084765324643454
33.73999999999992         0.15660447846897455
33.75999999999991         0.16364968929369594
33.77999999999993         0.1722045570615877
33.79999999999992         0.18255600700910443
33.81999999999992         0.19507634303949814
33.839999999999925        0.2102493730460607
33.859999999999935        0.22870369671843724
33.879999999999924        0.25125154406583516
33.89999999999993         0.27890754282542346
33.91999999999993         0.31286876258863044
33.939999999999934        0.3542234514334711
33.95999999999993         0.4029382245596791
33.97999999999993         0.4554700971380867
33.99999999999995         0.5028810548523105
34.019999999999946        0.5360687073208904
34.03999999999996         0.5546497921174216
34.05999999999995         0.5636837847060581
34.07999999999995         0.5676236555249804
34.09999999999995         0.5687522926740466
34.11999999999994         0.5677175273417925
34.139999999999944        0.5638707964780383
34.15999999999995         0.554921144095027
34.17999999999994         0.5364240640761747
34.19999999999993         0.5033089131087269
34.21999999999992         0.4559532990140994
34.23999999999992         0.40346383164770394
34.25999999999992         0.35478763595368984
34.27999999999991         0.3134738672291604
34.29999999999991         0.2795584095730266
34.319999999999915        0.2519535954528278
34.33999999999991         0.22946496382655743
34.359999999999914        0.21107207648519993
34.37999999999992         0.19596455485738662
34.39999999999992         0.18351411946887014
34.41999999999992         0.17323585833135016
34.43999999999993         0.1647601478912274
34.459999999999916        0.15779854976031457
34.47999999999992         0.15213002303057746
34.499999999999936        0.1475846430572794
34.51999999999994         0.1440328385426232
34.53999999999994         0.14137751937861265
34.559999999999924        0.1395484036209896
34.57999999999993         0.1384980380363594
34.59999999999994         0.13819921254672
34.61999999999993         0.13864351254217425
34.63999999999995         0.1398408680245461
34.65999999999995         0.14182006644914952
34.67999999999996         0.14463027516571583
34.699999999999946        0.1483434644949307
34.71999999999995         0.15305927817664905
34.73999999999995         0.15890966241779347
34.759999999999955        0.1660675471084204
34.77999999999996         0.1747576442018337
34.799999999999955        0.18527132651244485
34.81999999999996         0.19798665449559807
34.83999999999996         0.21339489065822878
34.859999999999964        0.23213428149988732
34.87999999999996         0.2550288355725231
34.89999999999997         0.28311804341351554
34.919999999999966        0.317621826269446
34.93999999999996         0.35964972300052805
34.959999999999965        0.4091296935568686
34.979999999999954        0.46237356552344
34.99999999999998         0.5105143308227984
35.01999999999997         0.5442203169357438
35.039999999999964        0.5630959475407372
35.05999999999996         0.5722742944657605
35.07999999999996         0.5762771386959004
35.09999999999997         0.5774238905945477
35.11999999999997         0.5763730570095583
35.139999999999965        0.5724658321690875
35.15999999999996         0.5633675049617235
35.17999999999998         0.544508160216288
35.19999999999995         0.5108082885837819
35.219999999999956        0.46287209771020044
35.23999999999996         0.409605205657297
35.25999999999994         0.360198835592886
35.279999999999944        0.3182676666968658
35.29999999999993         0.2838477299033081
35.31999999999993         0.2558348434344928
35.33999999999995         0.23301639176571717
35.35999999999994         0.21435637007753217
35.37999999999994         0.19903200566991078
35.39999999999995         0.1864053949304852
35.419999999999945        0.17598536833719386
35.43999999999995         0.1673939604990964
35.45999999999995         0.16033998388349194
35.479999999999954        0.15459902953944232
35.49999999999995         0.14999859660115944
35.519999999999946        0.14640698337522615
35.53999999999997         0.14372600921438908
35.55999999999996         0.14188414174853478
35.579999999999956        0.1408333261340781
35.599999999999966        0.14054609878059088
35.61999999999996         0.14101407975783384
35.639999999999965        0.14224752694463189
35.65999999999997         0.1442758725880735
35.679999999999964        0.14714927988067583
35.69999999999997         0.15094135720950694
35.71999999999998         0.15575326650195798
35.73999999999998         0.1617195874504629
35.75999999999997         0.16901646060111922
35.77999999999998         0.17787273793856515
35.799999999999976        0.18858344225298188
35.81999999999998         0.20153620845503875
35.83999999999998         0.21722999353792044
35.86                     0.23631452820392904
35.87999999999999         0.2596285917678139
35.89999999999999         0.2882302290820718
35.91999999999999         0.32336103424201856
35.93999999999998         0.3661501953198978
35.95999999999999         0.41652469244415785
35.97999999999999         0.47071865973508015
36.000000000000014        0.5195963382174248
36.02                     0.554001517388183
36.04                     0.573305558369293
36.06                     0.5826645734194547
36.080000000000005        0.5867420698258411
36.1                      0.5879105790270832
36.12000000000001         0.5868422440532272
36.13999999999999         0.5828652791448788
36.160000000000004        0.5735997710988131
36.17999999999999         0.5543918881096316
36.19999999999999         0.5200761215908948
36.21999999999999         0.4712772781891555
36.239999999999974        0.41715509037301934
36.25999999999998         0.36685336623229203
36.27999999999997         0.32414307652566143
36.29999999999996         0.28909869591586
36.31999999999997         0.26059084045559555
36.339999999999975        0.23738015512982755
36.359999999999964        0.21840236102049387
36.37999999999999         0.20282053497772715
36.39999999999999         0.18998531413708666
36.41999999999997         0.17939670858569173
36.43999999999999         0.1706699787995514
36.45999999999999         0.16350874083309297
36.47999999999998         0.1576846094678793
36.499999999999986        0.1530220617228063
36.51999999999998         0.14938729182597427
36.540000000000006        0.14668008033562507
36.55999999999999         0.14482795048230251
36.57999999999999         0.14378209889041632
36.6                      0.1435147441143935
36.61999999999999         0.14401763920764896
36.64                     0.14530152313840028
36.66                     0.1473967211123132
36.68000000000001         0.15035472210607573
36.70000000000001         0.15425096881120987
36.72000000000001         0.15918906653741724
36.74000000000001         0.1653067849735813
36.760000000000005        0.17278438915972177
36.780000000000015        0.18185604522607393
36.80000000000002         0.19282530016304544
36.820000000000014        0.206085892154868
36.84000000000001         0.22214924147182508
36.86000000000003         0.24167932670470993
36.88000000000002         0.2655316974176209
36.900000000000034        0.2947941055068053
36.920000000000016        0.33073315241092827
36.940000000000026        0.3745033068273828
36.96000000000002         0.42603034797145617
36.980000000000025        0.48146658392667446
37.000000000000014        0.5314754071765219
37.02000000000002         0.566692076843815
37.04000000000003         0.5864615757021735
37.060000000000024        0.5960556005455968
37.08000000000001         0.6002328309408929
37.10000000000003         0.6014288245954404
37.120000000000026        0.600331737159937
37.14000000000002         0.5962545536126679
37.160000000000025        0.5867693691045408
37.18000000000002         0.567104529466825
37.20000000000002         0.5319908747585008
37.22000000000003         0.4820812491474737
37.24000000000001         0.4267439371852308
37.26                     0.3753220897030382
37.28                     0.3316667451240304
37.3                      0.2958523457651782
37.32                     0.26672350752825186
37.339999999999996        0.2430097192836819
37.36                     0.22362826705779149
37.37999999999999         0.20772089006697508
37.40000000000002         0.194622904849744
37.42                     0.1838228344442059
37.44000000000001         0.17492805332628167
37.46000000000002         0.1676336088579839
37.48000000000002         0.16170721612886219
37.50000000000002         0.15696947733893993
37.52000000000001         0.15328368977195747
37.54000000000002         0.15054753358546982
37.56000000000001         0.14868709869298333
37.58000000000002         0.1476527170442891
37.60000000000003         0.14741623387939262
37.62000000000003         0.14796949000893014
37.64000000000004         0.14932388662795798
37.66000000000003         0.15151094606057094
37.68000000000004         0.15458395250553472
37.70000000000004         0.15862105690704212
37.72000000000005         0.1637287093109818
37.74000000000004         0.17004907639192401
37.76000000000005         0.17776787721479284
37.780000000000044        0.18712629575923312
37.80000000000005         0.19843691288737283
37.82000000000005         0.21210512052799108
37.84000000000004         0.22865740456632527
37.860000000000056        0.24877721626413832
37.880000000000045        0.2733457518161566
37.900000000000055        0.3034722354727066
37.92000000000005         0.34045470057266
37.940000000000055        0.3854754042860026
37.96000000000006         0.43849932176688994
37.980000000000054        0.49567214948929644
38.00000000000006         0.5471763382795544
38.020000000000046        0.5834693942645479
38.04000000000006         0.6038575771749486
38.060000000000045        0.6137566618063144
38.080000000000055        0.6180678858785289
38.100000000000044        0.6193029818371292
38.120000000000054        0.6181721764010697
38.14000000000006         0.6139673343930561
38.16000000000006         0.6041943172303027
38.18000000000004         0.5840018538233838
38.200000000000045        0.5479100077931708
38.220000000000056        0.4963861897347888
38.24000000000003         0.43933881593030294
38.26000000000003         0.3865432413214804
38.28000000000003         0.34164791070493683
38.30000000000003         0.30482440680334794
38.32000000000003         0.2748829531874064
38.34000000000003         0.25051571739766876
38.360000000000035        0.23060822157598904
38.380000000000045        0.21427702072823657
38.400000000000034        0.200837938013712
38.420000000000044        0.18976454203670332
38.44000000000004         0.1806519281598376
38.460000000000036        0.173188294278482
38.48000000000004         0.1671334714846893
38.50000000000004         0.16230299398950856
38.520000000000046        0.15855654228037785
38.54000000000004         0.15578866794796797
38.56000000000005         0.15392385193341315
38.580000000000055        0.15291133444523786
38.600000000000044        0.15272257085584812
38.62000000000006         0.15334967191610624
38.64000000000006         0.15480495140656655
38.66000000000005         0.1571215535661637
38.68000000000006         0.16035519232436204
38.70000000000006         0.16458713256242555
38.72000000000008         0.16992867606310225
38.74000000000006         0.17652758023642193
38.76000000000007         0.18457698031102945
38.780000000000065        0.19432759229076996
38.80000000000006         0.20610611056727518
38.82000000000007         0.22033078256968144
38.840000000000074        0.23754985806164777
38.86000000000008         0.2584732172230131
38.880000000000074        0.2840159345347805
38.90000000000009         0.3153295966291783
38.92000000000007         0.35376144748427724
38.94000000000008         0.40053839023518445
38.960000000000086        0.4556255331023806
38.98000000000008         0.51504513471514
39.000000000000085        0.5687475914033088
39.02000000000008         0.6064446309667624
39.04000000000009         0.6276117539573481
39.06000000000009         0.6379217523920347
39.0800000000001          0.6424241890673268
39.100000000000094        0.6437128136207502
39.12000000000009         0.6425343506628439
39.140000000000086        0.6381511765534335
39.16000000000008         0.6279659388140636
39.180000000000085        0.6069376558446263
39.20000000000008         0.5693988133381149
39.22000000000006         0.5158784397153231
39.240000000000066        0.4566690758423077
39.26000000000007         0.40182070243081824
39.28000000000006         0.355307321180974
39.30000000000005         0.31715889144264814
39.32000000000006         0.28614434036744807
39.34000000000006         0.26091044289745563
39.360000000000056        0.24031002400988433
39.38000000000007         0.22342473152030093
39.400000000000055        0.20954391976882428
39.42000000000005         0.19812082555109956
39.44000000000007         0.18873498252357024
39.46000000000006         0.18106268956965674
39.480000000000075        0.17485471349219872
39.50000000000008         0.1699197306810447
39.52000000000008         0.16611216171671134
39.54000000000008         0.16332330361661013
39.56000000000007         0.16147496368574488
39.58000000000009         0.16051502813810967
39.60000000000009         0.16041457425548267
39.62000000000008         0.16116623576799857
39.640000000000086        0.16278387643475073
39.6600000000001          0.16530314318377906
39.68000000000009         0.16878338956577882
39.70000000000009         0.17331082587320829
39.72000000000011         0.1790032751680049
39.740000000000094        0.18601692969490297
39.7600000000001          0.19455575373430195
39.7800000000001          0.2048843406512411
39.80000000000011         0.21734534435552838
39.82000000000011         0.23238290787979915
39.840000000000096        0.2505736319848377
39.860000000000106        0.27266594650786713
39.88000000000011         0.29962513787380307
39.90000000000012         0.3326586577184987
39.92000000000011         0.37318431126714685
39.94000000000012         0.42249263693778255
39.96000000000011         0.48055138241727097
39.98000000000011         0.5432019368949947
40.00000000000012         0.5999172775372292
40.02000000000011         0.6398544943074563
40.04000000000011         0.6623505892972787
40.0600000000001          0.6733278937569717
40.08000000000011         0.6781202582975832
40.10000000000011         0.6794948244863478
40.12000000000011         0.6782426759874822
40.140000000000114        0.6735795640607994
40.16000000000011         0.6627405754348892
40.1800000000001          0.6404195819949933
40.200000000000095        0.6007036219847304
40.22000000000009         0.5442676140671391
40.24000000000009         0.4819583894384319
40.2600000000001          0.42429621318754646
40.28000000000009         0.3754275814508485
40.30000000000008         0.33537338417736945
40.32000000000009         0.30283547759952717
40.34000000000008         0.2763917907764734
40.36000000000008         0.2548275020125232
40.380000000000095        0.23717772698327272
40.40000000000009         0.2226944106246794
40.42000000000008         0.2108017255303245
40.440000000000104        0.201055910881193
40.4600000000001          0.1931181428506416
40.480000000000096        0.18672480558175072
40.50000000000009         0.18167471170926772
40.520000000000095        0.1778149929476423
40.54000000000011         0.175031766586378
40.56000000000011         0.17324344337241943
40.580000000000126        0.17239607933688117
40.60000000000011         0.17246036736294584
40.62000000000011         0.1734300198356845
40.640000000000114        0.17532135701090212
40.66000000000012         0.17817406954410275
40.68000000000011         0.1820532058323285
40.700000000000124        0.18705261308725962
40.720000000000134        0.19329962842172052
40.740000000000116        0.20096407202083852
40.76000000000013         0.21026609158332701
40.78000000000012         0.22149136422870166
40.80000000000012         0.23500948660362603
40.82000000000013         0.25129908301454834
40.84000000000014         0.27098092288963965
40.86000000000013         0.2948598903663748
40.88000000000012         0.32397271808644224
40.900000000000155        0.3596235868347636
40.92000000000013         0.40333825535107887
40.94000000000014         0.4565029316033696
40.96000000000014         0.5190534784425755
40.980000000000146        0.5864940164403366
41.00000000000015         0.6479473556566631
41.02000000000015         0.6916174780659301
41.040000000000134        0.7164406427443499
41.06000000000015         0.7286171364435179
41.080000000000155        0.733939124201524
41.10000000000014         0.7354664913802741
41.12000000000015         0.7340848221213944
41.14000000000014         0.7289330779790596
41.16000000000014         0.7169684565485551
41.180000000000135        0.6923980206414903
41.20000000000013         0.6491589921297175
41.22000000000012         0.5885858241837729
41.24000000000012         0.5220654914208286
41.26000000000011         0.4605247341506912
41.28000000000012         0.40863497159079193
41.30000000000011         0.36626619450170805
41.320000000000114        0.332015986796702
41.34000000000012         0.3043589664296509
41.36000000000012         0.28198789265455637
41.38000000000012         0.26386598150179336
41.40000000000013         0.24917304049591005
41.42000000000013         0.2373003922695813
41.44000000000014         0.22778062211872768
41.46000000000013         0.22025245480039948
41.48000000000013         0.21443923091333789
41.50000000000013         0.2101309163200641
41.52000000000013         0.20717052426031263
41.54000000000012         0.2054441671926777
41.56000000000013         0.2048742974861856
41.58000000000013         0.205414484680012
41.6                      0.2070468327273364
