% Model:              Untitled.mph
% Version:            COMSOL 5.6.0.280
% Date:               Sep 14 2021, 17:14
% Dimension:          1
% Nodes:              1062
% Expressions:        1
% Description:        线图
% cln1x                   Height
49.45000000000001         0.20742379877870973
49.46000000000005         0.20661250138489543
49.480000000000054        0.20559109641552267
49.50000000000005         0.20537194924090713
49.52000000000006         0.205971375855797
49.54000000000005         0.20742426826266905
49.56000000000005         0.20978608124019002
49.58000000000006         0.21313588450068244
49.60000000000005         0.21758066441798093
49.62000000000006         0.2232613039940917
49.640000000000065        0.23036067674734143
49.66000000000006         0.23911474379648553
49.68000000000007         0.24982747923502702
49.700000000000074        0.2628909876372988
49.72000000000006         0.2788123077017205
49.74000000000007         0.29825206514688174
49.760000000000076        0.32205568845058574
49.78000000000007         0.35132310259641275
49.800000000000075        0.38743309185533464
49.82000000000008         0.4319987851976877
49.84000000000009         0.4865020672394293
49.860000000000085        0.5509852847523528
49.880000000000074        0.6209855092120808
49.90000000000008         0.6849669255267777
49.92000000000008         0.7305732096076075
49.940000000000076        0.7562181508996348
49.96000000000008         0.767927190409292
49.98000000000009         0.7711535012473385
50.000000000000085        0.7677649690727111
50.0200000000001          0.755859724543702
50.04000000000009         0.7299479014014545
50.06000000000009         0.6839728566200725
50.080000000000105        0.6194991536389329
50.10000000000011         0.5488758071332904
50.120000000000104        0.48365496160688015
50.14000000000011         0.428327737733151
50.160000000000124        0.38287662744118267
50.18000000000011         0.34583651139707955
50.20000000000013         0.3156038420697046
50.22000000000012         0.2908044956919969
50.240000000000116        0.2703431778269705
50.260000000000126        0.25336727113459473
50.28000000000012         0.2392157013441713
50.300000000000146        0.2273813041681402
50.32000000000013         0.21746526094074664
50.34000000000013         0.2091580989231413
50.36000000000014         0.2022175187117621
50.38000000000013         0.19645345251181584
50.400000000000134        0.19171694707670764
50.420000000000144        0.18789196000601077
50.44000000000014         0.1848892506460951
50.460000000000136        0.1826417621677857
50.48000000000015         0.18110143162514047
50.50000000000015         0.18023697033264255
50.52000000000016         0.18003249923731765
50.54000000000015         0.18048676812589814
50.560000000000166        0.1816131062330814
50.58000000000016         0.1834401815037947
50.600000000000165        0.1860131366451397
50.62000000000017         0.18939582580139583
50.64000000000016         0.19367389751232808
50.660000000000174        0.19895913568944246
50.68000000000018         0.20539540907633388
50.70000000000016         0.21316663251917944
50.72000000000018         0.22250756226207666
50.74000000000018         0.2337182272433148
50.7600000000002          0.24718346253304846
50.78000000000019         0.26339892492962047
50.80000000000018         0.283005282654443
50.82000000000019         0.3068315117693334
50.840000000000195        0.33594495703321187
50.86000000000019         0.37167512155115257
50.880000000000194        0.41558612586888194
50.90000000000018         0.4691040326913258
50.92000000000019         0.5322381469351186
50.940000000000204        0.6005792823437505
50.960000000000186        0.6628207104885709
50.98000000000018         0.706980515628874
51.00000000000018         0.731710790942417
51.02000000000018         0.7429775023447455
51.04000000000018         0.7460874281570676
51.0600000000002          0.742860126761161
51.0800000000002          0.73144637903941
51.10000000000019         0.7065769376885278
51.1200000000002          0.6622527757459679
51.1400000000002          0.5998295104004276
51.16000000000021         0.5312838638579547
51.180000000000206        0.4679204220928621
51.200000000000216        0.41415211025124776
51.22000000000021         0.3699752856976643
51.24000000000022         0.333968925338141
51.26000000000022         0.3045761149373041
51.28000000000022         0.2804630478717208
51.300000000000225        0.2605668246531574
51.32000000000023         0.24406026196295935
51.34000000000023         0.23030355997138324
51.36000000000023         0.21880143425852636
51.38000000000023         0.20916840591882807
51.400000000000254        0.20110592174743372
51.420000000000236        0.19437798200534823
51.440000000000225        0.18880028990919626
51.46000000000024         0.18422844837359395
51.48000000000024         0.18054997653234503
51.50000000000025         0.17767839815796577
51.520000000000245        0.17554888754138942
51.54000000000026         0.17411508245444282
51.56000000000025         0.17334698740314844
51.580000000000254        0.17322958277010891
51.60000000000024         0.1737621654820052
51.62000000000025         0.17495829244164607
51.64000000000026         0.17684641441448462
51.66000000000026         0.17947109269854622
51.68000000000027         0.18289545750441177
51.70000000000026         0.18720377673992764
51.720000000000276        0.19250602160100624
51.74000000000026         0.19894359566547276
51.760000000000254        0.20669717411045513
51.78000000000027         0.21599728535870572
51.80000000000028         0.22713854100433173
51.82000000000028         0.24049874935050183
51.84000000000028         0.2565644121524159
51.8600000000003          0.27596427819947716
51.880000000000294        0.29951183731508096
51.90000000000029         0.3282536948375171
51.920000000000286        0.3634966059394037
51.94000000000029         0.4067727608935808
51.9600000000003          0.4594796973520968
51.98000000000029         0.5216140353318997
52.00000000000029         0.5888080323265996
52.0200000000003          0.6498990395163572
52.040000000000305        0.6931266053727145
52.0600000000003          0.7172737076142431
52.080000000000304        0.7282584914564437
52.10000000000031         0.7312901320809583
52.12000000000032         0.7281487501669438
52.14000000000031         0.7170293768159972
52.160000000000316        0.6926681304654849
52.180000000000334        0.6492357563105158
52.200000000000315        0.5881962794347749
52.220000000000326        0.5208812048431969
52.24000000000032         0.4586180211713634
52.26000000000033         0.4057717038279151
52.28000000000034         0.36234674309637843
52.30000000000034         0.32694851556233184
52.32000000000035         0.29804797966850133
52.34000000000034         0.27433535469613274
52.36000000000034         0.25476706117671216
52.380000000000344        0.2385310498149455
52.40000000000033         0.22499927198455508
52.42000000000035         0.21368555781510556
52.44000000000033         0.2042122160399296
52.46000000000037         0.19628459708126839
52.480000000000345        0.18967170205839196
52.50000000000036         0.18419336948796078
52.52000000000036         0.17970742115175278
52.54000000000037         0.17610348288968847
52.56000000000037         0.1732966916694391
52.58000000000037         0.17122344364250597
52.60000000000039         0.1698383361987225
52.620000000000374        0.16911205760363968
52.640000000000384        0.16903000989001923
52.66000000000038         0.16959168204143116
52.68000000000039         0.17081061649582388
52.70000000000037         0.17271504094549803
52.72000000000039         0.17534917317517976
52.740000000000386        0.17877512271823007
52.760000000000396        0.18307640195232366
52.7800000000004          0.1883614419461727
52.80000000000039         0.19476983827444755
52.8200000000004          0.20247993168959574
52.84000000000041         0.21171923608489357
52.860000000000404        0.222778486546356
52.88000000000041         0.23603032186093534
52.9000000000004          0.251954599066368
52.920000000000435        0.2711714124888353
52.94000000000041         0.29448326959760235
52.96000000000042         0.3229226461444896
52.980000000000416        0.35778786558912834
53.00000000000041         0.400598432505049
53.020000000000415        0.4526520737738964
53.04000000000042         0.5140361028952823
53.06000000000041         0.5803790201794425
53.080000000000396        0.6406241522860229
53.10000000000041         0.6831708885146319
53.1200000000004          0.7068941389356367
53.14000000000041         0.7176750899060295
53.160000000000394        0.7206514341482636
53.180000000000405        0.717574578072665
53.20000000000042         0.7066719400518794
53.22000000000042         0.6827542251530427
53.240000000000414        0.6400273874413092
53.26000000000044         0.5798597373988202
53.28000000000044         0.513551139908749
53.30000000000045         0.45196753943499945
53.32000000000044         0.399787509936873
53.34000000000045         0.3569073263399766
53.36000000000045         0.3219509237841187
53.38000000000047         0.2934089389352077
53.40000000000047         0.26998862649371524
53.420000000000464        0.2506601506919277
53.44000000000046         0.23462225513401497
53.460000000000456        0.22125528827794413
53.48000000000047         0.2100796038600375
53.50000000000047         0.2007225892427561
53.52000000000046         0.19289356210663708
53.540000000000475        0.18636495693498703
53.560000000000485        0.18095808902803037
53.58000000000048         0.17653367134417539
53.60000000000048         0.1729825282683249
53.620000000000466        0.17022099382278028
53.64000000000048         0.1681863792994945
53.66000000000048         0.16683393831371277
53.68000000000049         0.16613478717094507
53.70000000000051         0.16607460369582636
53.7200000000005          0.16665300622403936
53.7400000000005          0.16788352935300357
53.760000000000495        0.1697942246544484
53.7800000000005          0.17242891804686183
53.80000000000051         0.17584926266640005
53.82000000000051         0.18013775689804865
53.84000000000052         0.18540163176552946
53.86000000000052         0.191779611716398
53.88000000000052         0.19944800342238753
53.90000000000052         0.20863198043978365
53.92000000000052         0.21961923553578477
53.9400000000005          0.23277861638350233
53.96000000000052         0.2485850362833596
53.98000000000052         0.2676522597131454
54.00000000000051         0.29077442368492773
54.020000000000536        0.31897332741409984
54.04000000000053         0.3535340104232148
54.06000000000053         0.3959604751557545
54.080000000000545        0.44762100164707386
54.10000000000053         0.5084557675038739
54.12000000000054         0.5740339225443727
54.140000000000526        0.633634812613226
54.16000000000055         0.6756654515475448
54.18000000000053         0.6990685161390774
54.20000000000054         0.7096957704387412
54.22000000000054         0.7126300908162275
54.24000000000054         0.7096004011418059
54.260000000000545        0.6988573863048656
54.28000000000054         0.6752676295030346
54.30000000000055         0.6330671668774523
54.32000000000055         0.573560487877422
54.34000000000057         0.507928638184943
54.36000000000057         0.44703828886661284
54.38000000000058         0.39528428862463394
54.400000000000574        0.35282189887819876
54.420000000000584        0.3182045405041564
54.44000000000058         0.2899379042572404
54.4600000000006          0.2667422555475562
54.4800000000006          0.24759823675953666
54.50000000000057         0.2317128091917598
54.52000000000059         0.21847270908406763
54.540000000000596        0.2074032498290863
54.56000000000059         0.1981356783993229
54.5800000000006          0.19038232665410157
54.6000000000006          0.1839179913207899
54.62000000000062         0.1785660617826787
54.64000000000061         0.174188203932407
54.66000000000062         0.17067659973446356
54.68000000000061         0.16794870122782746
54.70000000000062         0.1659423676580308
54.720000000000624        0.16461338589262278
54.74000000000063         0.1639332530750885
54.760000000000645        0.1638878671625964
54.78000000000062         0.16447689515959055
54.80000000000062         0.16571378978612564
54.82000000000064         0.16762641117909552
54.84000000000063         0.17025830321243257
54.860000000000625        0.17367071555073124
54.88000000000063         0.1779455639076879
54.90000000000066         0.18318955600238562
54.92000000000065         0.1895398171743494
54.94000000000065         0.19717080129182013
54.96000000000065         0.2063069750062878
54.98000000000065         0.21723324828173987
55.00000000000064         0.23031550147534352
55.020000000000664        0.24602480057955758
55.04000000000065         0.2649699163667413
55.06000000000066         0.2879385282530438
55.08000000000068         0.31594419149018343
55.10000000000067         0.350261673671059
55.12000000000067         0.392383012667408
55.14000000000066         0.4436650842962203
55.16000000000065         0.5040445351857011
55.180000000000646        0.5691056641656776
55.20000000000064         0.628210133771944
55.22000000000064         0.6698397875703188
55.240000000000634        0.6929951241447824
55.260000000000645        0.7035039833488128
55.28000000000065         0.7064064654664467
55.300000000000644        0.7034141565905345
55.32000000000065         0.6927960114277032
55.34000000000066         0.6694621958141672
55.36000000000066         0.6276718961760362
55.38000000000067         0.5686794002379134
55.40000000000069         0.5035735140886096
55.42000000000069         0.44315570996286624
55.440000000000694        0.3918347203689404
55.46000000000069         0.34967131757151
55.4800000000007          0.3153088717624248
55.500000000000696        0.2872567807633257
55.520000000000685        0.26423621304321043
55.540000000000724        0.24523591368616135
55.560000000000706        0.2294692036821469
55.580000000000716        0.21632776580505914
55.60000000000071         0.20534075584755132
55.62000000000071         0.19614241180097072
55.64000000000073         0.1884474016278734
55.660000000000714        0.18203235273880514
55.6800000000007          0.17672209227224445
55.70000000000071         0.17237941535579768
55.720000000000724        0.16889748602845686
55.74000000000073         0.16619421215607022
55.76000000000074         0.164208078598125
55.78000000000073         0.16289535361973492
55.80000000000073         0.16222774500836842
55.82000000000073         0.16219133320076937
55.84000000000074         0.16278588005746336
55.86000000000075         0.16402481081173165
55.880000000000734        0.16593581284689257
55.90000000000075         0.16856213088589994
55.92000000000074         0.17196460741350242
55.940000000000744        0.1762246410626769
55.96000000000074         0.18144826081721857
55.98000000000076         0.18777170252953276
56.00000000000077         0.19536895753803094
56.02000000000075         0.2044609405087798
56.04000000000076         0.21533271904178244
56.060000000000755        0.2283470354256533
56.08000000000076         0.2439718087073016
56.10000000000076         0.26281173819630127
56.12000000000077         0.2856492379659695
56.14000000000079         0.31349110886282716
56.16000000000077         0.3476037149992622
56.180000000000774        0.38946934022687696
56.20000000000078         0.4404356337944405
56.22000000000077         0.5004366398287432
56.24000000000077         0.5650745089961532
56.26000000000076         0.623591800149261
56.28000000000076         0.66497249365883
56.30000000000077         0.6880179265738878
56.32000000000077         0.6984303276223794
56.34000000000077         0.7013073857464893
56.36000000000078         0.6983467256331681
56.38000000000078         0.6878327353148914
56.40000000000078         0.6647115879819816
56.42000000000079         0.6232604455970601
56.440000000000786        0.5646904219555997
56.46000000000082         0.5000147784367385
56.48000000000081         0.4399829524362714
56.50000000000081         0.3889867288680357
56.52000000000082         0.34708933352306015
56.540000000000816        0.31294225490475885
56.56000000000083         0.28506313051547305
56.58000000000081         0.26218917578448525
56.600000000000826        0.24330642356785565
56.62000000000083         0.22763670091540494
56.64000000000082         0.21457571510078535
56.66000000000083         0.20365575324982102
56.68000000000083         0.1945134930140308
56.700000000000834        0.18686550824958686
56.72000000000083         0.1804899176579579
56.74000000000083         0.17521271849351125
56.760000000000844        0.1708976239601969
56.780000000000854        0.16743851522180028
56.80000000000084         0.16475385451566854
56.82000000000084         0.16278258599070475
56.840000000000856        0.16148116608127028
56.86000000000085         0.1608216273806817
56.88000000000085         0.16079012933013345
56.90000000000086         0.16138647161353134
56.92000000000087         0.1626240474980153
56.94000000000087         0.16453044554382742
56.96000000000087         0.16714870065340603
56.980000000000864        0.17053929879989965
57.00000000000087         0.17478313023443534
57.02000000000088         0.17998557545549795
57.040000000000866        0.186282075269106
57.06000000000088         0.19384561020965405
57.080000000000865        0.20289679408978906
57.10000000000089         0.21371746377747722
57.12000000000088         0.2266669085048122
57.140000000000896        0.24221357624816564
57.160000000000885        0.2609571748295544
57.18000000000089         0.28367553049595656
57.200000000000905        0.31136957235599483
57.220000000000894        0.34529833691830547
57.24000000000089         0.38693560972975155
57.260000000000886        0.4376210573446051
57.28000000000088         0.49728665579522635
57.30000000000088         0.5615506163529326
57.320000000000874        0.6197033894172227
57.34000000000087         0.660795507086049
57.360000000000866        0.6836560213868598
57.38000000000086         0.6939970680739516
57.40000000000088         0.696845062387745
57.4200000000009          0.6939107528965144
57.440000000000886        0.6834850740029893
57.460000000000896        0.6605454241464663
57.48000000000091         0.619386690488298
57.5000000000009          0.5611855994933707
57.52000000000092         0.49688902742435176
57.54000000000093         0.43719837358488994
57.56000000000094         0.3864891766441292
57.58000000000093         0.3448265944877784
57.60000000000094         0.3108700082231607
57.620000000000935        0.2831454838325062
57.64000000000095         0.26039412238511395
57.660000000000935        0.24161793203263981
57.680000000000945        0.2260331935767885
57.70000000000096         0.21304253555749772
57.72000000000095         0.2021810036145332
57.74000000000095         0.19308742305434903
57.76000000000096         0.18548004779915475
57.78000000000093         0.1791383169026132
57.80000000000096         0.17388926071123187
57.82000000000095         0.1695973974322599
57.840000000000984        0.16615723117965242
57.860000000000966        0.1634877039316652
57.880000000000976        0.16152812167786618
57.90000000000097         0.16023522279817917
57.92000000000096         0.15958115593257072
57.94000000000097         0.15955221870759792
57.96000000000098         0.16014822253382624
57.98000000000098         0.16138249657232373
58.00000000000099         0.1632824962507013
58.020000000001           0.16589105265439272
58.04000000000098         0.16926837291260907
58.06000000000099         0.17349493617363484
58.080000000000986        0.17867553449432894
58.100000000000996        0.18494482395362138
58.12000000000099         0.19247480399658187
58.14000000000099         0.20148487287895647
58.160000000001006        0.21225531921589458
58.18000000000101         0.22514545850367723
58.20000000000099         0.24061785453231438
58.220000000001015        0.259266775812563
58.24000000000102         0.2818719468852022
58.26000000000102         0.3094261456105306
58.28000000000101         0.3431816410478365
58.30000000000103         0.384604356291899
58.320000000001           0.43502659552617606
58.34000000000102         0.49437862378988484
58.360000000000994        0.5582941838738734
58.38000000000099         0.6161090524299774
58.40000000000099         0.6569353633290185
58.420000000001004        0.6796328324052625
58.440000000001           0.6898963624086183
58.460000000000996        0.6927234343029514
58.48000000000101         0.6898126426245406
58.500000000001           0.6794666038772523
58.52000000000102         0.6566913656879694
58.54000000000102         0.6157996787780975
58.56000000000103         0.5579389780532588
58.58000000000104         0.49399460493773667
58.60000000000105         0.4346217796875328
58.62000000000106         0.38418000672246805
58.64000000000106         0.3427360719215451
58.660000000001055        0.3089567588087073
58.680000000001044        0.28137602638616993
58.70000000000106         0.2587417722146851
58.72000000000107         0.24005874316768058
58.74000000000106         0.22455362030193815
58.76000000000109         0.21163020522101875
58.780000000001074        0.20082284396409328
58.80000000000108         0.19177434570815513
58.82000000000106         0.18420451580293754
58.84000000000108         0.177894004155753
58.86000000000108         0.1726707952683401
58.880000000001075        0.16840016346679354
58.90000000000108         0.16497720508052816
58.92000000000108         0.16232131287347334
58.94000000000109         0.16037212338788048
58.96000000000108         0.15908661018012252
58.9800000000011          0.15843707654039066
59.000000000001094        0.15840989182001614
59.02000000000111         0.15900487929198126
59.04000000000109         0.1602353525754835
59.060000000001104        0.16212856811974724
59.08000000000111         0.16472716642901544
59.1000000000011          0.1680910546967418
59.12000000000111         0.1723003245009511
59.14000000000111         0.177459270822366
59.160000000001105        0.18370186524665524
59.18000000000111         0.19119918566044108
59.20000000000111         0.2001694318897997
59.220000000001136        0.21089140142056656
59.24000000000112         0.223722525336519
59.26000000000113         0.23912294612586063
59.28000000000113         0.25768718520095407
59.300000000001134        0.28018083028275714
59.32000000000114         0.30760162872385666
59.34000000000113         0.34119211008761147
59.360000000001136        0.3824108038749123
59.38000000000113         0.4325831001876248
59.400000000001135        0.49163774256070364
59.42000000000113         0.5552234037072867
59.44000000000112         0.6127190275973781
59.46000000000111         0.6532949037947158
59.480000000001105        0.6758391643626039
59.500000000001116        0.6860301294360708
59.52000000000111         0.6888380021234026
59.5400000000011          0.6859442968318545
59.56000000000113         0.6756879672529297
59.58000000000112         0.6530640052582566
59.600000000001124        0.6124271237423903
59.62000000000112         0.5548884059245754
59.64000000000113         0.4912752570863905
59.66000000000115         0.43220081099803076
59.68000000000114         0.3820102543874707
59.70000000000115         0.3407720011408259
59.72000000000116         0.3071596846010077
59.74000000000116         0.2797145810727483
59.76000000000115         0.2571908984751032
59.78000000000116         0.23859847036299842
59.80000000000118         0.22316796991057475
59.820000000001166        0.21030489317083256
59.84000000000117         0.19954924173869928
59.86000000000118         0.19054440264274916
59.88000000000118         0.18301012157217778
59.90000000000117         0.17672916264332786
59.92000000000118         0.17153039906660844
59.94000000000118         0.16727979520522512
59.96000000000116         0.16387298812714357
59.98000000000119         0.16122979797400414
60.00000000000121         0.15929019243196146
60.02000000000119         0.15801137991375305
60.04000000000121         0.15736580759528893
60.0600000000012          0.15733991283378898
60.08000000000121         0.15793352113167383
60.100000000001224        0.15915983969228129
60.120000000001205        0.1610461193055811
60.14000000000124         0.16363466225821727
60.16000000000123         0.16698512091371975
60.18000000000123         0.17117718951375216
60.20000000000124         0.1763146530895029
60.22000000000124         0.1825308466143656
60.24000000000124         0.18999602187135484
60.26000000000125         0.19892727550601974
60.28000000000127         0.20960195389778985
60.30000000000127         0.2223756312101843
60.32000000000126         0.23770610472391043
60.340000000001275        0.25618488455573696
60.36000000000127         0.27857698855899876
60.380000000001274        0.3058659710389418
60.40000000000128         0.33929598776175024
60.420000000001295        0.3803171807721972
60.44000000000129         0.430247549805486
60.46000000000128         0.4890146013330249
60.48000000000127         0.5522824985024783
60.50000000000126         0.6094735946143516
60.52000000000125         0.6498140017977679
60.540000000001235        0.6722159713650487
60.56000000000125         0.6823400521645584
60.58000000000124         0.6851304548636795
60.600000000001245        0.6822585695985389
60.62000000000125         0.6720738680317002
60.64000000000127         0.6496882189190281
60.66000000000127         0.6093727325156806
60.68000000000127         0.5519696342133134
60.70000000000129         0.48867464931951016
60.7200000000013          0.42988764430164156
60.74000000000132         0.37993919574452617
60.760000000001284        0.3388991183872281
60.780000000001316        0.30544766047204125
60.80000000000132         0.27813318230124
60.82000000000131         0.2557159956006446
60.840000000001304        0.2372108441088598
60.860000000001314        0.22185224661875835
60.88000000000132         0.2090486843445304
60.90000000000131         0.19834247369129984
60.92000000000134         0.1893781308181754
60.94000000000133         0.1818788119678662
60.96000000000134         0.1756263712351899
60.980000000001326        0.17045120730941812
61.00000000000133         0.1662199535525157
61.02000000000134         0.16282876320435005
61.04000000000132         0.1601978462163545
61.06000000000135         0.15826746312163895
61.08000000000132         0.15699504535202513
61.10000000000135         0.15635320162887345
61.120000000001326        0.1563284570144094
61.140000000001365        0.15692064480581933
61.16000000000136         0.15814290733733286
61.18000000000137         0.16002229749475916
61.200000000001374        0.16260101520082032
61.22000000000136         0.1659385289384907
61.24000000000137         0.17011391598466324
61.26000000000138         0.17523056328819933
61.28000000000137         0.18142116805899497
61.30000000000138         0.18885518284345645
61.320000000001386        0.1977486981945168
61.340000000001396        0.2083777307078795
61.360000000001385        0.22109611282989222
61.380000000001395        0.23635937086676106
61.40000000000139         0.25475613438026573
61.420000000001394        0.277047739877878
61.440000000001405        0.30421304947596195
61.460000000001415        0.33748136579946375
61.480000000001404        0.3782883684337093
61.50000000000141         0.4280228740610379
61.520000000001424        0.48651607966337457
61.54000000000141         0.549480977468558
61.5600000000014          0.6063801566381797
61.5800000000014          0.6464929757094356
61.6000000000014          0.6687564748934812
61.620000000001404        0.6788150998676754
61.6400000000014          0.6815879057381438
61.66000000000143         0.6787360511774506
61.68000000000141         0.6686185716219224
61.70000000000141         0.6463720211744227
61.72000000000141         0.6062848396387855
61.74000000000141         0.5491849754394599
61.76000000000143         0.48618594998958004
61.780000000001436        0.42767542915173695
61.800000000001454        0.37795994985982667
61.82000000000145         0.33711055966479053
61.84000000000145         0.3038138771035153
61.86000000000146         0.27662508479064
61.88000000000146         0.2543103787991487
61.90000000000147         0.23588922941524207
61.92000000000147         0.22059985231231347
61.94000000000149         0.2078535961667117
61.96000000000147         0.19719499986484612
61.98000000000148         0.18827030625552596
62.000000000001485        0.18080356048633187
62.02000000000148         0.17457872762191476
62.04000000000149         0.16942659398810506
62.06000000000147         0.1652139591331185
62.08000000000151         0.1618377870592193
62.100000000001494        0.15921866976177143
62.12000000000151         0.1572971497993451
62.14000000000151         0.15603085222744437
62.1600000000015          0.15539250869237564
62.18000000000151         0.15536871935874563
62.20000000000152         0.15595934666982894
62.22000000000152         0.1571774963591417
62.24000000000152         0.15905010278401485
62.26000000000154         0.1616191663871962
62.28000000000153         0.164943728156966
62.30000000000153         0.1691027219650619
62.320000000001535        0.17419925764912395
62.340000000001545        0.18036490704453492
62.36000000000154         0.1877685453728428
62.380000000001544        0.19662526051741705
62.40000000000157         0.20720980775727296
62.42000000000155         0.2198743744350598
62.44000000000156         0.23507233401210173
62.460000000001564        0.25338949084630996
62.48000000000157         0.2755835707181134
62.500000000001585        0.30262885320625316
62.52000000000159         0.3357489392777039
62.540000000001584        0.3763728987067505
62.56000000000156         0.4258009393430793
62.58000000000154         0.48411016350249947
62.60000000000156         0.5467818421360907
62.62000000000153         0.6034017158462951
62.64000000000154         0.6433004519943645
62.66000000000152         0.6654355813920989
62.68000000000154         0.6754341790361857
62.700000000001545        0.6781914205522557
62.72000000000154         0.6753592529285848
62.74000000000156         0.6653061649833739
62.760000000001575        0.6431925452799391
62.780000000001586        0.603323864712181
62.800000000001575        0.5465061456356642
62.82000000000161         0.48369225045182146
62.840000000001616        0.42547385213192956
62.86000000000161         0.37606448688381666
62.880000000001615        0.33539863551255406
62.90000000000159         0.30225097454051164
62.920000000001615        0.2751832457605874
62.940000000001604        0.25296730475194884
62.96000000000164         0.23462716429027455
62.98000000000163         0.21940459169663326
63.00000000000161         0.20671369042174298
63.020000000001644        0.1961011346524597
63.04000000000162         0.18721482640804957
63.06000000000166         0.17978010444367587
63.08000000000163         0.1735819453370239
63.10000000000166         0.16845171571266415
63.120000000001674        0.16425732640658144
63.140000000001656        0.1608960182984863
63.160000000001645        0.1582885354433225
63.18000000000164         0.15637584069033714
63.20000000000167         0.1551157561194106
63.22000000000166         0.15448113719194076
63.240000000001686        0.15445863726196232
63.260000000001675        0.15504811286442777
63.28000000000164         0.15626262433584462
63.30000000000169         0.1581290170001071
63.32000000000168         0.16068913250475853
63.34000000000169         0.16400175676031142
63.36000000000166         0.16814546866333238
63.38000000000169         0.17322259908240709
63.40000000000169         0.17936507714280095
63.4200000000017          0.18674007266890322
63.44000000000169         0.19556202509758236
63.460000000001685        0.20610446592679738
63.480000000001716        0.21871803593998398
63.500000000001705        0.23385410782350222
63.52000000000173         0.2520958685134706
63.540000000001704        0.27419762602464626
63.560000000001715        0.3011293113703916
63.58000000000172         0.3341091526396926
63.60000000000173         0.3745600109729056
63.62000000000172         0.42377634241572465
63.640000000001706        0.48172580265933695
63.66000000000173         0.544238102617705
63.68000000000172         0.6005826013825681
63.700000000001715        0.6402770001945649
63.72000000000172         0.6622891690512956
63.740000000001714        0.6722300952317813
63.76000000000173         0.6749720135369282
63.78000000000172         0.6721576920954747
63.8000000000017          0.662164100443737
63.820000000001706        0.6401740525334755
63.840000000001744        0.6005102725382168
63.860000000001705        0.5439599100190471
63.88000000000173         0.48142620612981857
63.90000000000176         0.42346190316502264
63.92000000000175         0.3742322991459257
63.94000000000179         0.33376734312160833
63.96000000000178         0.3007709809744259
63.98000000000177         0.27381890969628253
64.00000000000178         0.25169731598156264
64.02000000000179         0.23343456216195427
64.0400000000018          0.2182758111828969
64.06000000000178         0.20563779743033156
64.08000000000179         0.19506923278837612
64.1000000000018          0.18621960148649677
64.1200000000018          0.17881547514541357
64.14000000000179         0.17264279404110944
64.1600000000018          0.16753367924390758
64.18000000000184         0.1633566314872826
64.20000000000181         0.16000925448367792
64.22000000000183         0.15741293254939454
64.24000000000183         0.15550860532238833
64.26000000000182         0.154254379964672
64.2800000000018          0.15362323487102394
64.3000000000018          0.15360188459823043
64.32000000000185         0.15419018483270888
64.34000000000181         0.15540112923332688
64.36000000000183         0.15726143989571356
64.38000000000183         0.15981279321431088
64.40000000000182         0.16311375507019663
64.42000000000185         0.16724259680195894
64.44000000000183         0.1723012155731085
64.46000000000187         0.17842051016483615
64.48000000000185         0.1857676352041455
64.50000000000188         0.1945567315669121
64.52000000000186         0.2050585996730681
64.54000000000187         0.21762304014624761
64.56000000000186         0.23269950533634448
64.58000000000186         0.2508687021829909
64.60000000000188         0.2728817006557078
64.62000000000188         0.2997042463336837
64.64000000000188         0.3325493559280557
64.66000000000187         0.37283387978986243
64.68000000000188         0.4218467183058916
64.70000000000188         0.4795546704541353
64.72000000000186         0.5418010210356188
64.74000000000187         0.5980639971782886
64.76000000000185         0.6374852714325349
64.78000000000185         0.6592941396593018
64.80000000000187         0.669182053237462
64.82000000000187         0.6719102952640956
64.84000000000187         0.6691132692842473
64.86000000000188         0.6591761834059614
64.88000000000187         0.6373033192737151
64.90000000000187         0.597834193664271
64.92000000000188         0.541538406398574
64.9400000000019          0.47927189369612494
64.96000000000191         0.4215500626629903
64.98000000000192         0.37252494731130315
65.00000000000193         0.3322274568160947
65.02000000000191         0.2993677886403586
65.04000000000192         0.2725255839702899
65.06000000000193         0.25049422961608725
65.08000000000196         0.23230554902250708
65.10000000000196         0.2172079422691747
65.12000000000195         0.2046206529068308
65.14000000000195         0.19409433110620275
65.16000000000196         0.18527996093897067
65.18000000000194         0.17790528282505422
65.20000000000195         0.1717571570416641
65.22000000000195         0.16666843078991658
65.24000000000198         0.1625081716041318
65.26000000000197         0.15917442207792218
65.28000000000196         0.1565888388482151
65.30000000000197         0.1546927631702504
65.32000000000198         0.15344441246764018
65.34000000000198         0.15281683094252124
65.36000000000199         0.15279683458178203
65.38000000000198         0.15338428689295439
65.40000000000201         0.15459213319976264
65.42000000000199         0.15644698452541975
65.440000000002           0.15899033505414462
65.460000000002           0.16228050852975728
65.480000000002           0.1663954779590012
65.50000000000202         0.17143676140947034
65.52000000000203         0.17753475207604122
65.540000000002           0.1848559266596698
65.56000000000199         0.19361258218382696
65.58000000000202         0.2040759210121859
65.60000000000203         0.21659558201623316
65.62000000000202         0.23161598608499315
65.64000000000203         0.24971689339957165
65.66000000000206         0.27164636277865273
65.68000000000201         0.2983662525528424
65.70000000000203         0.3310846923366099
65.72000000000205         0.3712128690033712
65.74000000000204         0.4200344695945747
65.76000000000205         0.4775154996522045
65.78000000000203         0.5395119817527165
65.80000000000206         0.5955376260392107
65.82000000000201         0.6347787037542699
65.84000000000201         0.6564870294822409
65.86000000000203         0.6663187593038217
65.88000000000201         0.6690340263132407
65.90000000000202         0.666252870303531
65.92000000000202         0.6563679538042494
65.94000000000202         0.6346035763080958
65.96000000000203         0.5953157536181121
65.98000000000206         0.5392590202896542
66.00000000000206         0.477244751537031
66.02000000000207         0.419752260673305
66.04000000000208         0.37092058234736536
66.06000000000209         0.3307814553217097
66.08000000000212         0.29805036255210154
66.1000000000021          0.2713158771977345
66.1200000000021          0.24936986923626472
66.14000000000209         0.2312479589099589
66.1600000000021          0.21620820787925996
66.18000000000211         0.20366894922270276
66.20000000000212         0.19318264624663498
66.22000000000214         0.18440169157047703
66.24000000000211         0.17705492787288807
66.26000000000212         0.17093007588067308
66.28000000000213         0.1658606559192189
66.30000000000214         0.16171627021943755
66.32000000000212         0.15839538990678703
66.34000000000215         0.1558200097298155
66.36000000000217         0.1539317191357258
66.38000000000216         0.15268888414809917
66.40000000000214         0.1520647097625723
66.42000000000213         0.15204602171720724
66.44000000000214         0.15263269353004139
66.46000000000214         0.15383763310118617
66.48000000000215         0.1556873548312653
66.50000000000215         0.15822319560761017
66.52000000000216         0.16150324774229483
66.54000000000218         0.1656051673245536
66.56000000000216         0.17063008357659254
66.58000000000217         0.17670791255211646
66.60000000000217         0.1840045248431623
66.62000000000218         0.19273141254438683
66.64000000000217         0.20315872545699065
66.66000000000217         0.21563279017305986
66.68000000000218         0.23060215483845578
66.70000000000219         0.2486384783534961
66.72000000000219         0.27048890221305427
66.74000000000218         0.29711160421188515
66.76000000000218         0.3297100860511061
66.78000000000219         0.36969010318520035
66.8000000000022          0.4183303235262787
66.8200000000022          0.4755961377421177
66.84000000000219         0.5373564970353983
66.8600000000022          0.5931602891218714
66.88000000000218         0.6322358820416459
66.90000000000218         0.6538475729056278
66.92000000000218         0.6636289338785156
66.94000000000217         0.6663392952044086
66.9600000000022          0.6635739229429644
66.98000000000216         0.6537388234528725
67.00000000000222         0.6320773982085346
67.0200000000022          0.5929608267357105
67.0400000000022          0.5371285919168651
67.06000000000222         0.47535031460003574
67.08000000000223         0.4180721437958034
67.10000000000224         0.3694212801052605
67.12000000000226         0.3294302843644673
67.14000000000227         0.29681955202508525
67.16000000000226         0.2701829554259018
67.18000000000225         0.24831693809664163
67.20000000000228         0.23026341604698455
67.22000000000226         0.2152773283368077
67.24000000000227         0.20278127115770442
67.26000000000226         0.19233259373877232
67.2800000000023          0.18358307865138163
67.30000000000226         0.17626260635651841
67.32000000000227         0.17015970812310408
67.34000000000226         0.16510853677587667
67.36000000000229         0.16097918491623958
67.38000000000228         0.15767049841891081
67.40000000000227         0.15510476042078641
67.42000000000232         0.1532237946095488
67.4400000000023          0.15198615825411668
67.4600000000023          0.1513651868506941
67.4800000000023          0.1513477763784903
67.5000000000023          0.15193377199228564
67.52000000000231         0.15313605724307416
67.54000000000231         0.15498104582622918
67.56000000000235         0.15750993065778143
67.58000000000231         0.16078059880871282
67.60000000000232         0.1648704250443008
67.62000000000232         0.16988016049710827
67.64000000000233         0.17593924032350947
67.66000000000234         0.18321295109522026
67.68000000000232         0.19191205306249504
67.70000000000235         0.20230574903672094
67.72000000000233         0.21473911731952863
67.74000000000233         0.22965644759227558
67.76000000000235         0.2476319678620441
67.78000000000236         0.2694120405607501
67.80000000000236         0.2959442722468046
67.82000000000235         0.3284311815352475
67.84000000000239         0.3682735786396169
67.86000000000234         0.41674551332059595
67.88000000000235         0.4738117266964354
67.90000000000235         0.5353526849171252
67.92000000000235         0.5909490372551988
67.94000000000236         0.6298683259928479
67.96000000000232         0.6513879595052094
67.98000000000233         0.66112670232117
68.00000000000233         0.6638260074185299
68.02000000000231         0.6610801794839762
68.04000000000232         0.6512776629617
68.06000000000236         0.6297157312301006
68.08000000000234         0.590756292663956
68.10000000000234         0.5351330946222662
68.12000000000238         0.4735765778587279
68.1400000000024          0.416500413105808
68.1600000000024          0.3680199678946426
68.18000000000241         0.32816846510668884
68.20000000000243         0.29567098151385407
68.22000000000241         0.26912644086981735
68.24000000000242         0.2473356277508441
68.2600000000024          0.2293438988451858
68.28000000000242         0.214408872523928
68.30000000000243         0.20195657880895548
68.32000000000242         0.1915428088892916
68.34000000000245         0.182821858314554
68.36000000000243         0.1755260700927961
68.38000000000243         0.16944378635509735
68.40000000000245         0.1644097566177698
68.42000000000245         0.16029453932688476
68.44000000000244         0.15699734100442136
68.46000000000245         0.15444071795654832
68.48000000000246         0.15256669087303687
68.50000000000246         0.15133395297678612
68.52000000000247         0.15071594873267777
68.54000000000245         0.15069965922692607
68.56000000000246         0.15128499129979497
68.58000000000246         0.15248477113237296
68.60000000000248         0.15432526191398246
68.6200000000025          0.15684761386410276
68.64000000000247         0.16010947855890587
68.66000000000247         0.16418797191617537
68.68000000000248         0.1691835042275822
68.70000000000248         0.1752250626549276
68.72000000000249         0.18247735696058684
68.7400000000025          0.19115044054443145
68.76000000000252         0.2015126227230042
68.78000000000249         0.21390783767520113
68.8000000000025          0.22877886890567156
68.82000000000251         0.2466979887192015
68.84000000000249         0.26840581946568587
68.8600000000025          0.294855718021254
68.8800000000025          0.32723858098707453
68.90000000000254         0.3669517250873643
68.92000000000252         0.415265539425907
68.94000000000251         0.4721442037575456
68.9600000000025          0.5334794171504019
68.98000000000249         0.5888824561944155
69.00000000000249         0.6276575627169019
69.02000000000248         0.6490929751077121
69.04000000000248         0.6587928851127808
69.06000000000247         0.6614822021653626
69.08000000000247         0.6587490889829709
69.10000000000248         0.6489882422050031
69.12000000000252         0.6274255797263842
69.14000000000249         0.5885315766862191
69.1600000000025          0.5332723643655812
69.18000000000254         0.4719228520222336
69.20000000000253         0.41503532587156405
69.22000000000256         0.366714124051888
69.24000000000255         0.3269930689263397
69.26000000000258         0.2946015871114283
69.28000000000256         0.2681432978714406
69.30000000000258         0.24642301429224706
69.32000000000258         0.22848929845951302
69.3400000000026          0.21360226249220027
69.36000000000259         0.2011898715580876
69.38000000000258         0.19080942330914885
69.40000000000259         0.18211704033114232
69.42000000000257         0.1748440150385328
69.44000000000261         0.16878136780850847
69.4600000000026          0.16376375549706323
69.4800000000026          0.1596621764200077
69.5000000000026          0.1563761805757145
69.5200000000026          0.15382858936333357
69.5400000000026          0.15196162299793306
69.56000000000262         0.15073411697299957
69.58000000000263         0.15011960606348743
69.60000000000261         0.1501051251443002
69.62000000000262         0.15069061665313624
69.64000000000263         0.15188890150804288
69.66000000000264         0.15372625229389061
69.68000000000262         0.15624360378424706
69.70000000000265         0.15949834073622013
69.72000000000263         0.1635675843184573
69.74000000000264         0.16855135384021286
69.76000000000266         0.17457825560355963
69.78000000000266         0.18181250613114558
69.80000000000267         0.19046352689228896
69.82000000000266         0.20079882647153205
69.84000000000265         0.2131613139431574
69.86000000000266         0.22799244178363415
69.88000000000265         0.24586275101494812
69.90000000000266         0.26751062311044016
69.92000000000266         0.2938865377634477
69.94000000000268         0.326186590612549
69.96000000000268         0.3658113993932957
69.98000000000266         0.4139522385750846
70.00000000000267         0.47066547127560104
70.02000000000267         0.5318187560668074
70.04000000000266         0.5870503868398645
70.06000000000265         0.625697183964251
70.08000000000263         0.6470572518955332
70.10000000000264         0.6567221928744464
70.12000000000263         0.6594026779369563
70.14000000000263         0.6566821663191292
70.16000000000264         0.6469622220781172
70.18000000000265         0.6254853270587534
70.20000000000265         0.5867360373319863
70.22000000000267         0.5316607334567874
70.24000000000268         0.47053688895503776
70.2600000000027          0.41385489444163637
70.28000000000269         0.3657187023574034
70.30000000000274         0.3261613970444114
70.32000000000272         0.29391559625493435
70.34000000000273         0.26758885072713956
70.36000000000273         0.24598961919460346
70.38000000000278         0.22816961230994307
70.40000000000273         0.21339160764961415
70.42000000000274         0.20108583208469763
70.44000000000275         0.1908115301875785
70.46000000000276         0.18222654788268122
70.48000000000275         0.17506419790271804
70.50000000000276         0.16911594378094427
70.52000000000278         0.16421831124310804
70.54000000000275         0.16024419155019187
70.56000000000276         0.15709431086349074
70.58000000000277         0.15469304273034162
70.60000000000278         0.1529842749488667
70.62000000000279         0.15192864574735176
70.64000000000277         0.15150164570733043
70.65000000000002         0.15151997662522046
