% Model:              Untitled.mph
% Version:            COMSOL 5.6.0.280
% Date:               Sep 14 2021, 17:12
% Dimension:          1
% Nodes:              1001
% Expressions:        1
% Description:        线图
% cln2x                   Height
21.60000000000001         0.15442412084573043
21.619999999999926        0.15479047937355445
21.639999999999926        0.15599675042643962
21.65999999999993         0.1580734773068629
21.67999999999993         0.16107387185560892
21.699999999999925        0.1650767243968657
21.719999999999917        0.17019082333976054
21.73999999999991         0.17656128676465038
21.759999999999923        0.184378370613542
21.779999999999912        0.19388954290781793
21.799999999999915        0.2054158876577617
21.819999999999915        0.2193741850937343
21.83999999999991         0.23630922394923992
21.85999999999991         0.256918612758767
21.87999999999991         0.28211162676648455
21.899999999999906        0.3130298386575811
21.91999999999991         0.35100928439715756
21.939999999999916        0.3972673741386975
21.959999999999912        0.451770880420054
21.97999999999991         0.5105764195190754
21.999999999999908        0.5637194019843448
22.01999999999991         0.6010034477220916
22.03999999999991         0.6219177434301293
22.059999999999913        0.6320866930088783
22.079999999999906        0.6365071615007253
22.099999999999905        0.6377529224150426
22.119999999999898        0.6365528308379437
22.139999999999908        0.6321771121021941
22.159999999999886        0.6220502717421659
22.179999999999882        0.6011721816090315
22.199999999999868        0.5639134226043813
22.21999999999986         0.5107804832957638
22.239999999999842        0.45197142219300224
22.259999999999835        0.3974564407023957
22.27999999999983         0.3511836548897859
22.299999999999834        0.3131888844294891
22.319999999999833        0.28225584155846456
22.339999999999826        0.2570487814058713
22.35999999999983         0.23642605931413785
22.379999999999836        0.21948067909881655
22.39999999999982         0.20550739342501884
22.41999999999982         0.1939685886603347
22.43999999999982         0.1844446819025224
22.459999999999827        0.1766142611980851
22.479999999999826        0.17022955155661568
22.499999999999822        0.16510000264066244
22.519999999999822        0.1610802010408381
22.539999999999814        0.15806105595869524
22.559999999999818        0.15596345747407386
22.579999999999814        0.15473381651707058
22.599999999999813        0.1543411358473161
22.619999999999813        0.15477536031488717
22.639999999999812        0.15604687884892807
22.659999999999812        0.158186970834133
22.67999999999981         0.1612498435766336
22.699999999999807        0.16531506908425736
22.719999999999803        0.1704923299653938
22.739999999999803        0.17692772480739072
22.759999999999813        0.18481261974392293
22.779999999999806        0.1943957758747821
22.7999999999998          0.20599982056407812
22.8199999999998          0.22004341445810693
22.839999999999804        0.2370705864278282
22.859999999999804        0.25778805353908507
22.879999999999797        0.2831079677052087
22.899999999999796        0.3141806009725215
22.919999999999792        0.3523553659155781
22.939999999999788        0.3987825330460509
22.959999999999795        0.45351724751213807
22.979999999999787        0.5125688129536141
22.999999999999783        0.5659354352946299
23.019999999999776        0.6033807961082689
23.039999999999765        0.6243885757938833
23.059999999999764        0.6346040414696801
23.07999999999976         0.6390450691230279
23.099999999999767        0.6402969940697603
23.119999999999767        0.63909493291108
23.139999999999763        0.6347029482535732
23.159999999999766        0.6245184095260731
23.179999999999758        0.6034714729822831
23.199999999999747        0.5659802720439154
23.219999999999736        0.5128036751134355
23.23999999999973         0.45376518643514785
23.259999999999717        0.3990390852859838
23.279999999999717        0.35258744417288096
23.299999999999716        0.31444595017965576
23.319999999999705        0.28339362538193535
23.33999999999971         0.2580895932634397
23.359999999999705        0.23738779542517768
23.379999999999704        0.22037771046827165
23.39999999999971         0.2063531787542564
23.419999999999703        0.1947703009285629
23.439999999999703        0.18521037745103472
23.459999999999706        0.17735071687871184
23.4799999999997          0.17094212808295994
23.499999999999694        0.16579422731628876
23.519999999999698        0.16176043022122583
23.539999999999694        0.15873121632738557
23.55999999999969         0.15662716393894716
23.57999999999969         0.15539449872754518
23.599999999999692        0.15500214229609233
23.619999999999692        0.15544004406449813
23.63999999999969         0.1567186517416347
23.659999999999688        0.15886949003444598
23.67999999999969         0.1619468467722928
23.69999999999969         0.16603071592660015
23.719999999999686        0.17123127063105523
23.739999999999686        0.17769526017675538
23.759999999999685        0.18561401965019514
23.77999999999969         0.19523876563748876
23.799999999999685        0.20689290820003067
23.819999999999677        0.2209968925180428
23.83999999999968         0.23809705414429133
23.85999999999968         0.25890308078150254
23.879999999999676        0.28433095555560434
23.899999999999675        0.31553576294552205
23.919999999999675        0.3538725604440744
23.93999999999967         0.4005738926685727
23.95999999999968         0.4555644796601388
23.97999999999967         0.5147533410575561
23.999999999999662        0.5681983339117005
24.019999999999662        0.6058928101336278
24.039999999999658        0.6270889058480581
24.059999999999654        0.6373545142616892
24.079999999999657        0.6418182692462617
24.099999999999653        0.6430776120015471
24.11999999999966         0.6418711721013812
24.139999999999652        0.6374594239653406
24.15999999999966         0.6272274525039874
24.179999999999644        0.6060831826379544
24.199999999999633        0.5684239461429441
24.21999999999963         0.5150034418379158
24.239999999999615        0.45582950721930904
24.259999999999604        0.4008489977767981
24.279999999999596        0.3541569637057453
24.299999999999596        0.3158223986521134
24.3199999999996          0.28463949656488885
24.339999999999588        0.25922921562644247
24.359999999999587        0.2384407078876216
24.379999999999594        0.22135961118066252
24.399999999999597        0.20727677273532152
24.41999999999959         0.19564599850457204
24.439999999999586        0.18604684149222592
24.459999999999585        0.17815524747077197
24.47999999999958         0.1717213621422182
24.49999999999958         0.16655302246742912
24.519999999999587        0.16250359451758273
24.539999999999587        0.159463074767192
24.55999999999958         0.15735168909228894
24.57999999999958         0.15611538904455804
24.599999999999586        0.15572307123324935
24.619999999999578        0.15616462378831839
24.639999999999578        0.15745059427753355
24.659999999999574        0.15961267751576408
24.679999999999573        0.16270540635761746
24.699999999999573        0.16680913845351805
24.719999999999576        0.172034555395061
24.739999999999576        0.17852908559665448
24.759999999999568        0.18648583268046542
24.779999999999582        0.19615580698227053
24.799999999999564        0.20786453008297806
24.819999999999574        0.2220343562013829
24.839999999999563        0.23921393825042334
24.859999999999562        0.2601124521044362
24.879999999999562        0.28565690999760385
24.899999999999565        0.3170044762220544
24.919999999999565        0.35551630721020755
24.93999999999956         0.4024305151184596
24.95999999999957         0.4576719306772453
24.979999999999556        0.5171330383336509
24.999999999999563        0.5708297870840898
25.019999999999563        0.6087095071175667
25.03999999999957         0.630006052739025
25.059999999999558        0.6403406860954521
25.079999999999558        0.6448269563854984
25.099999999999557        0.6460918000743042
25.119999999999553        0.6448807955954544
25.139999999999556        0.6404476720361754
25.159999999999553        0.6301641774646219
25.179999999999545        0.6089141260485113
25.19999999999953         0.5710724722328011
25.21999999999952         0.5174022648506501
25.239999999999508        0.45795746183917563
25.259999999999497        0.4027272148861946
25.279999999999493        0.35582339076679786
25.29999999999949         0.3173233526984954
25.31999999999949         0.2859898794102701
25.339999999999485        0.2604620578248649
25.359999999999484        0.23957955053341723
25.379999999999487        0.22242210902860296
25.399999999999483        0.20827857833880464
25.419999999999483        0.19659584602813485
25.43999999999948         0.186954066557525
25.459999999999482        0.1790277333616861
25.479999999999475        0.17256586135423027
25.499999999999478        0.16737540241406268
25.519999999999477        0.16330902690540505
25.53999999999947         0.16025621609544682
25.559999999999476        0.15813683018047917
25.579999999999483        0.15689660812081566
25.599999999999476        0.15650421008930265
25.61999999999947         0.15694954355520713
25.639999999999475        0.15824322888496808
25.659999999999474        0.16041715370986853
25.679999999999474        0.1635263288829308
25.69999999999947         0.16765125701400668
25.719999999999466        0.17290327221210988
25.73999999999947         0.17943052455545802
25.75999999999948         0.187427068992384
25.779999999999472        0.19714515366729554
25.799999999999468        0.2089119027173362
25.819999999999464        0.22315173910350114
25.839999999999463        0.24041597499830164
25.85999999999947         0.2614203566832452
25.87999999999946         0.2870877181147759
25.89999999999947         0.31857964308960934
25.919999999999455        0.35725535798806524
25.939999999999454        0.4044313236067662
25.95999999999946         0.45994254637208837
25.97999999999946         0.519696623402855
25.99999999999945         0.5736645791444784
26.019999999999445        0.611744174704753
26.039999999999456        0.6331585916796659
26.05999999999945         0.643552725577484
26.07999999999944         0.6480659731465216
26.09999999999944         0.6493396380815885
26.119999999999447        0.6481206217698392
26.139999999999446        0.6436615050848716
26.159999999999442        0.6333358793634942
26.179999999999435        0.6120516768765991
26.199999999999427        0.5740918113090417
26.21999999999942         0.51998274942698
26.239999999999394        0.4602467773560009
26.259999999999394        0.40474838724107354
26.279999999999387        0.357617186234299
26.29999999999938         0.3189304699771214
26.31999999999938         0.2874450603963782
26.339999999999378        0.2617935516683995
26.359999999999378        0.2408100399629696
26.379999999999374        0.22356984972421817
26.399999999999384        0.20935651159884633
26.419999999999376        0.19761846218198253
26.439999999999372        0.18793123677371318
26.459999999999372        0.17996775635890577
26.47999999999937         0.17347586454862127
26.499999999999375        0.1682618910485091
26.51999999999937         0.16417716932523244
26.539999999999367        0.1611110307285874
26.559999999999366        0.15898292979412382
26.579999999999373        0.15773834087963923
26.599999999999365        0.15734577956797682
26.619999999999365        0.15779511661940057
26.639999999999365        0.15909703811825626
26.65999999999936         0.16128360409307252
26.679999999999364        0.1644099524939119
26.699999999999363        0.16855729369977354
26.71999999999936         0.17383745165851702
26.739999999999355        0.18039935235309443
26.759999999999362        0.18843893710596757
26.77999999999936         0.19820836703260764
26.799999999999354        0.21003707527793383
26.819999999999357        0.22435168352560453
26.839999999999364        0.2417063647508672
26.859999999999356        0.26282057629706945
26.87999999999935         0.2886219405795768
26.899999999999352        0.32027802893397056
26.91999999999935         0.3591550228373654
26.939999999999362        0.4064976543142148
26.959999999999347        0.46227326548096426
26.979999999999343        0.5224568703155066
26.999999999999343        0.5768717912946625
27.01999999999934         0.6150859216056261
27.03999999999934         0.6365366637916885
27.059999999999338        0.6469945852647683
27.079999999999345        0.6515366977634888
27.099999999999344        0.6528197621298913
27.119999999999333        0.6515952027919677
27.139999999999336        0.6471111364429791
27.159999999999336        0.6367258455735915
27.179999999999325        0.6153196880422972
27.19999999999932         0.5771493396759467
27.21999999999931         0.5227646049924831
27.239999999999295        0.4625998216582187
27.259999999999277        0.4068376785090509
27.279999999999276        0.359507828388275
27.299999999999276        0.3206452427535564
27.319999999999272        0.28900536894674084
27.339999999999268        0.2632212435866623
27.359999999999268        0.2421294601270901
27.379999999999253        0.22480056147179858
27.399999999999267        0.21051437335270512
27.41999999999926         0.19871645129645693
27.439999999999266        0.18898009703617796
27.459999999999262        0.18097650352677552
27.47999999999926         0.1744521831636224
27.499999999999265        0.16921218989250594
27.519999999999257        0.16510775478433473
27.53999999999926         0.16202725058055084
27.559999999999256        0.15988971762262105
27.57999999999926         0.1586403710829072
27.599999999999255        0.15824747097348993
27.61999999999925         0.1587009144416003
27.639999999999247        0.16001146103806468
27.659999999999254        0.1622113616468651
27.679999999999247        0.16535607128411323
27.699999999999246        0.16952725968213528
27.719999999999246        0.17483737975764602
27.739999999999245        0.18143619551633466
27.759999999999255        0.18951985146921335
27.779999999999248        0.19934329598947154
27.79999999999924         0.2112371509439525
27.819999999999244        0.22563040886667476
27.83999999999924         0.24308046397381283
27.85999999999924         0.2643144899733098
27.87999999999924         0.29025818773344036
27.89999999999923         0.32208863575268754
27.91999999999923         0.36117937104271913
27.939999999999234        0.4087818406579674
27.959999999999244        0.4648637737699424
27.979999999999237        0.525381005920349
27.99999999999924         0.5801062152080045
28.019999999999243        0.618549558290226
28.039999999999246        0.6401446598988294
28.05999999999925         0.6506569455809408
28.07999999999925         0.6552325546566179
28.09999999999925         0.6565283168426184
28.119999999999255        0.65530020986366
28.139999999999244        0.6507856700527686
28.159999999999233        0.6403348948210627
28.17999999999922         0.6187958386864909
28.199999999999218        0.5803984354434778
28.21999999999921         0.5257052734468705
28.239999999999185        0.46520850714169787
28.259999999999184        0.40914154609661907
28.279999999999173        0.36155333453237126
28.299999999999162        0.3224785532393911
28.319999999999155        0.2906666791399056
28.339999999999158        0.26474441287218153
28.359999999999154        0.24353782439556043
28.379999999999157        0.22611415554322503
28.399999999999153        0.21174804482079843
28.41999999999915         0.19988650835001848
28.43999999999915         0.19009794058941518
28.45999999999915         0.18205170877891858
28.479999999999144        0.1754929116170988
28.499999999999147        0.1702255128501426
28.51999999999914         0.16609992055486858
28.539999999999136        0.16300391862123276
28.559999999999135        0.1608561293297829
28.57999999999915         0.1596014477711231
28.599999999999145        0.15920804896493204
28.619999999999138        0.159665708343247
28.63999999999914         0.16098526151873624
28.65999999999914         0.16319916440834953
28.679999999999136        0.16636303663827942
28.69999999999914         0.17055930660646249
28.719999999999136        0.17590098069196874
28.739999999999135        0.182538705052227
28.75999999999914         0.19066977521740583
28.77999999999914         0.2005506308910174
28.79999999999913         0.21251382202357194
28.81999999999913         0.22699083486059984
28.839999999999133        0.24454229161300156
28.85999999999913         0.26589638677750077
28.87999999999913         0.2919929242783883
28.899999999999125        0.32401688704812664
28.919999999999128        0.3633581696635765
28.939999999999127        0.4112811072184072
28.959999999999134        0.46760742291181023
28.979999999999126        0.5284773716170623
28.999999999999133        0.5835313037291342
29.01999999999913         0.6222183323066166
29.039999999999136        0.6439579310609086
29.059999999999135        0.6545433829637036
29.079999999999128        0.6591519541019356
29.09999999999913         0.6604581342129472
29.11999999999913         0.6592230924396968
29.13999999999913         0.6546844379945789
29.159999999999123        0.644149232154841
29.17999999999912         0.6223862467213064
29.199999999999104        0.5836674959237932
29.219999999999086        0.5288190963430153
29.23999999999908         0.4679709248655256
29.259999999999067        0.41158144824932136
29.279999999999067        0.363719881626192
29.299999999999056        0.324420567675577
29.319999999999048        0.2924259251308238
29.339999999999048        0.26635489785848016
29.359999999999054        0.24502683966593994
29.379999999999047        0.22750358354481032
29.399999999999057        0.2130574652886929
29.419999999999053        0.2011279846403227
29.43999999999904         0.19128365603686598
29.45999999999904         0.18319190549878558
29.479999999999034        0.17659630924002384
29.499999999999034        0.17129937413410687
29.51999999999904         0.16715125821782545
29.539999999999033        0.16403866693987737
29.559999999999036        0.16187976012091354
29.579999999999046        0.16061914304533295
29.599999999999035        0.16022483393811138
29.619999999999038        0.16068656018814736
29.639999999999038        0.162015218123428
29.659999999999037        0.1642434608296142
29.679999999999026        0.16742743072363603
29.69999999999903         0.171649802359127
29.71999999999903         0.17702440467243924
29.739999999999032        0.18370282720713438
29.759999999999025        0.19188359750118952
29.779999999999028        0.20182342980471873
29.799999999999027        0.21385899568243485
29.81999999999902         0.22842348758038167
29.83999999999902         0.2460809071447702
29.859999999999015        0.26756381654004974
29.87999999999902         0.29381762026046226
29.899999999999014        0.3260343030607638
29.919999999999014        0.36561189112397596
29.939999999999014        0.4138221476652786
29.959999999999024        0.4705910395153706
29.97999999999902         0.5317129804915116
29.99999999999902         0.5869530193695748
30.019999999999026        0.625977322228143
30.039999999999036        0.6479616327757605
30.059999999999025        0.6586247298237763
30.07999999999903         0.6632682111465708
30.09999999999904         0.6645852918355257
30.119999999999035        0.6633426458201059
30.139999999999027        0.658772248805661
30.159999999999016        0.6481621416983491
30.179999999999012        0.6262479896643564
30.199999999998997        0.5872739324961583
30.219999999998986        0.5320700033804249
30.239999999998968        0.47097173823130695
30.25999999999896         0.4142203679311623
30.27999999999895         0.366026872962575
30.29999999999895         0.32646798967628415
30.31999999999894         0.2942736591445995
30.33999999999894         0.26804712550751886
30.359999999998937        0.24659211884064078
30.379999999998947        0.22896485449271128
30.399999999998943        0.21443324534891234
30.419999999998936        0.20243340491398856
30.43999999999894         0.1925312542028104
30.459999999998935        0.18439224429094506
30.47999999999893         0.17775840893111045
30.49999999999893         0.1724313334122424
30.519999999998934        0.16825960383378197
30.539999999998933        0.1651296363813422
30.559999999998926        0.16295907704497695
30.579999999998932        0.16169218682125036
30.59999999999893         0.16129680436779398
30.619999999998917        0.1617626593014564
30.639999999998928        0.1631007098106077
30.659999999998924        0.16534382012592957
30.679999999998927        0.16854848255781935
30.699999999998923        0.17279789498570153
30.71999999999892         0.17820661045269964
30.739999999998926        0.18492718168930206
30.75999999999893         0.1931593942769713
30.77999999999892         0.20316291154422603
30.799999999998917        0.21527443477874308
30.819999999998917        0.22993076502201804
30.839999999998913        0.24769925054030179
30.85999999999891         0.2693131724697688
30.879999999998912        0.2957308565011977
30.899999999998908        0.3281483228854879
30.919999999998907        0.36797201247087324
30.939999999998914        0.41648138711144694
30.959999999998914        0.4736029016897875
30.97999999999891         0.5351095836291672
30.999999999998916        0.590710617396884
31.019999999998923        0.6300069316987555
31.039999999998926        0.6521457403956429
31.059999999998922        0.6629064888121633
31.079999999998925        0.6675846700673923
31.09999999999893         0.6689104230524918
31.119999999998925        0.6676566731984976
31.13999999999892         0.6630552925945066
31.159999999998913        0.6523653367386287
31.179999999998905        0.6302906909086587
31.199999999998894        0.5910472521001913
31.219999999998876        0.5354841777068658
31.239999999998865        0.4740023367230005
31.25999999999885         0.4168992428687664
31.279999999998843        0.3684075872621587
31.299999999998835        0.32860373592548053
31.319999999998835        0.2962092368129126
31.33999999999884         0.2698178613640465
31.359999999998827        0.24823027643511075
31.379999999998834        0.23049507625126323
31.399999999998833        0.21587497371445175
31.41999999999883         0.20380366197321434
31.439999999998836        0.19384119771157665
31.45999999999883         0.1856528408277665
31.479999999998828        0.17897904277804788
31.499999999998835        0.17362015818463905
31.519999999998827        0.16942381944278428
31.539999999998834        0.1662757235894353
31.559999999998833        0.16409299478318654
31.579999999998826        0.1628195407024557
31.59999999999883         0.16242299816546538
31.619999999998807        0.16289300464104453
31.639999999998814        0.16424064628168228
31.659999999998828        0.1664990280087553
31.679999999998827        0.16972520502352256
31.69999999999882         0.17400264574009808
31.719999999998826        0.1794467647210329
31.739999999998812        0.1862111156481665
31.75999999999881         0.1944967959760139
31.779999999998797        0.20456517090525603
31.7999999999988          0.21675514204216798
31.819999999998792        0.23150635444510614
31.8399999999988          0.24938983351757169
31.859999999998806        0.2711468105042083
31.879999999998798        0.29773279330104235
31.899999999998798        0.33035014412033215
31.919999999998797        0.3704053556127596
31.93999999999879         0.41918001418350076
31.959999999998782        0.4767499751756844
31.97999999999879         0.5386581242634766
31.999999999998792        0.5946358751389681
32.019999999998795        0.6342161056542643
32.03999999999879         0.6565257455790268
32.0599999999988          0.6673733245814404
32.079999999998805        0.6720903989990118
32.09999999999879         0.6734281250812862
32.11999999999879         0.6721656456390728
32.139999999998786        0.6675230495444552
32.15999999999878         0.6567642379828088
32.17999999999878         0.6346053339239356
32.199999999998774        0.5951608230179504
32.219999999998755        0.5390616269248929
32.23999999999874         0.47716772820478803
32.25999999999872         0.4196983567653664
32.2799999999987          0.37089636392162495
32.299999999998704        0.3308376723582856
32.319999999998714        0.2982358070763936
32.339999999998696        0.27167574470441275
32.359999999998685        0.24995056047972714
32.37999999999869         0.23210276166371493
32.39999999999869         0.21739030663937658
32.4199999999987          0.20524185351357066
32.439999999998676        0.19521766143960978
32.45999999999868         0.18697887270678834
32.47999999999868         0.18026427256847835
32.49999999999868         0.17487297813743075
32.51999999999868         0.17065186538281116
32.539999999998685        0.16748546838975634
32.55999999999868         0.16529065768343146
32.57999999999867         0.16401097973099654
32.59999999999867         0.1636138678394343
32.61999999999867         0.16408890198908388
32.63999999999867         0.1654472539931816
32.65999999999867         0.16772227122813374
32.679999999998664        0.17097124643712422
32.69999999999867         0.1752785180128676
32.71999999999867         0.1807601815842332
32.73999999999865         0.18757082589700394
32.75999999999866         0.19591289891476382
32.77999999999865         0.2060508652770146
32.799999999998654        0.21832380302052828
32.81999999999865         0.23317526751235637
32.83999999999866         0.25118014513587544
32.85999999999864         0.2730846415553964
32.87999999999865         0.29985061214262093
32.89999999999866         0.3326882998285688
32.919999999998645        0.37301330476402406
32.93999999999864         0.4221155359207616
32.959999999998644        0.47996591796468585
32.97999999999865         0.5424153373652093
32.99999999999866         0.5989545925757512
33.01999999999867         0.6387594221114223
33.03999999999869         0.6611706286632587
33.059999999998674        0.6721035893963135
33.07999999999867         0.6768630633943502
33.099999999998666        0.6782136792930875
33.11999999999866         0.6769413649455419
33.13999999999866         0.6722592727494753
33.159999999998654        0.6614083101608839
33.179999999998635        0.639066209460646
33.19999999999863         0.5993182954670433
33.219999999998606        0.5428206405753019
33.23999999999858         0.48040030792941146
33.25999999999858         0.42257307818612283
33.279999999998566        0.3734934180962877
33.29999999999856         0.33319319346731724
33.31999999999856         0.30038357466157384
33.339999999998554        0.27364596450431383
33.35999999999855         0.2517765486990696
33.37999999999856         0.23381075509779992
33.399999999998535        0.21900157235942905
33.419999999998545        0.20677380498107426
33.43999999999855         0.19668472458466918
33.45999999999854         0.18839313096105045
33.47999999999854         0.18163597237167686
33.499999999998536        0.17621097917646414
33.51999999999853         0.17196381964034782
33.53999999999853         0.16877873038215968
33.55999999999854         0.16657176469498164
33.57999999999853         0.16528610648078076
33.59999999999854         0.16488899104345112
33.61999999999853         0.16536991692171027
33.63999999999852         0.16674019282083402
33.65999999999852         0.16903342611918987
33.67999999999852         0.1723073405190903
33.699999999998525        0.1766469074806457
33.71999999999852         0.18216909515890164
33.73999999999852         0.189029646982734
33.75999999999852         0.19743250243465355
33.779999999998516        0.2076427018537096
33.79999999999851         0.2200039112153775
33.81999999999851         0.23496198425592593
33.839999999998504        0.25309611737342674
33.85999999999851         0.2751584735005618
33.879999999998496        0.3021202570646849
33.899999999998506        0.335193644941994
33.919999999998495        0.37580724722598957
33.9399999999985          0.4252598930084723
33.959999999998516        0.4835234787924127
33.9799999999985          0.5464256949372465
33.999999999998515        0.6033939590890833
34.01999999999853         0.6435256806768059
34.03999999999853         0.6661353707701383
34.059999999998524        0.6771643202525169
34.07999999999853         0.6819718709282612
34.09999999999854         0.6833392841654623
34.11999999999852         0.6820594784222526
34.139999999998516        0.6773378863307258
34.159999999998504        0.6663830851912989
34.1799999999985          0.6438457015873315
34.19999999999849         0.6037739917292447
34.21999999999848         0.5468504474665039
34.23999999999846         0.48398057937698163
34.259999999998435        0.4257436427814698
34.27999999999842         0.37631734062187333
34.29999999999842         0.3357325643185926
34.31999999999841         0.30269152756577977
34.33999999999841         0.27576911222492995
34.35999999999841         0.2537465516261785
34.379999999998404        0.23565502867811333
34.3999999999984          0.2207428396197093
34.4199999999984          0.20842946856424993
34.439999999998406        0.19827216986906315
34.459999999998395        0.18992533333500775
34.479999999998405        0.18312398468622404
34.499999999998394        0.17766433291812375
34.5199999999984          0.1733908934104468
34.53999999999841         0.17018707292116797
34.5599999999984          0.1679683717524105
34.579999999998385        0.1666776125269118
34.59999999999839         0.16628182730590466
34.61999999999839         0.16677051174651858
34.63999999999838         0.168155071362567
34.659999999998384        0.17046941752179856
34.67999999999839         0.17377176683883178
34.69999999999839         0.17814751676117438
34.71999999999838         0.18371501714226912
34.73999999999838         0.19063108119135028
34.75999999999838         0.19910128457492765
34.77999999999838         0.20939278321633398
34.79999999999839         0.22185196114820377
34.81999999999837         0.23692816730795624
34.839999999998376        0.25520510046078815
34.859999999998365        0.27744071309100293
34.87999999999837         0.3046128486826956
34.89999999999837         0.33795387084879297
34.91999999999836         0.37890853642129013
34.93999999999837         0.4287913454508601
34.95999999999836         0.48753192724860306
34.97999999999838         0.5508213443002598
34.999999999998366        0.6082627743604622
35.01999999999836         0.6487599743747845
35.03999999999838         0.6715941136746194
35.059999999998375        0.6827384509390438
35.079999999998364        0.6875976088614218
35.09999999999837         0.688980480074254
35.11999999999837         0.6876882356460325
35.13999999999836         0.6829176549066601
35.15999999999837         0.671839397246661
35.17999999999836         0.6489929327328023
35.19999999999834         0.6084769421873547
35.21999999999832         0.5512493877072356
35.23999999999831         0.48790292592763074
35.25999999999828         0.42922390424154533
35.27999999999829         0.3794240534670695
35.29999999999828         0.3385328045060484
35.31999999999827         0.30524277593754473
35.33999999999827         0.27811835660252027
35.35999999999826         0.2559316723848764
35.37999999999826         0.23770656692980954
35.399999999998265        0.22268558901177368
35.419999999998254        0.2102851179323199
35.43999999999826         0.20005578660288392
35.45999999999827         0.19165122472673543
35.47999999999825         0.1848043647864598
35.49999999999824         0.17930980371516825
35.51999999999825         0.1750106141365873
35.539999999998244        0.17178969143672937
35.55999999999824         0.16956158747768915
35.57999999999823         0.16826873447514135
35.59999999999824         0.1678780057604937
35.619999999998235        0.16837890780655032
35.63999999999825         0.16978302916336627
35.659999999998234        0.17212465536517393
35.67999999999823         0.17546259030756545
35.69999999999824         0.1798833444221459
35.71999999999824         0.1855059666550547
35.739999999998226        0.19248894437832093
35.75999999999822         0.20103978429520236
35.77999999999822         0.21142812728650837
35.79999999999822         0.22400158622367056
35.81999999999822         0.2392167370889686
35.83999999999822         0.25766112197434365
35.85999999999822         0.2800993783483268
35.87999999999821         0.3075178445858511
35.899999999998215        0.3411593861059405
35.91999999999821         0.3824808084442699
35.939999999998214        0.4328075925678168
35.95999999999821         0.49207093707440025
35.97999999999822         0.5559243633715526
35.999999999998245        0.6137557334814311
36.01999999999824         0.6547684714225956
36.039999999998244        0.6779595618930422
36.05999999999824         0.6892547471863231
36.07999999999824         0.6941779446124537
36.09999999999824         0.6955806582102715
36.119999999998235        0.6942737218547377
36.13999999999823         0.6894449270088341
36.15999999999823         0.6782329383541194
36.179999999998216        0.6551244331266548
36.199999999998205        0.614184149865301
36.2199999999982          0.5564123846483259
36.23999999999816         0.492607891809338
36.25999999999816         0.43338961958662314
36.27999999999814         0.38310957891421027
36.29999999999814         0.34183904411285515
36.31999999999813         0.30825317242331557
36.33999999999811         0.2808983820964078
36.359999999998124        0.2585248826097434
36.379999999998105        0.2401486463571423
36.399999999998116        0.22500547984619781
36.41999999999811         0.21250654599719263
36.43999999999811         0.20219844209843893
36.45999999999811         0.19373167705180064
36.47999999999811         0.1868367826461486
36.49999999999812         0.1813065247018311
36.519999999998106        0.1769827900296531
36.5399999999981          0.17374701024027064
36.5599999999981          0.17151327160968546
36.57999999999811         0.17022351007817837
36.5999999999981          0.16984437243194958
36.6199999999981          0.1703654451989466
36.639999999998096        0.17179859131537525
36.65999999999811         0.17417861983553048
36.679999999998095        0.1775651111222038
36.699999999998106        0.1820456510200634
36.71999999999809         0.1877407221086324
36.7399999999981          0.194810682801121
36.75999999999809         0.20346545504854158
36.77999999999809         0.21397778269937423
36.799999999998086        0.22670121302581547
36.81999999999809         0.24209424434807753
36.83999999999808         0.2607521750746191
36.859999999998074        0.2834474103956774
36.8799999999981          0.31117435216582673
36.89999999999809         0.3451957036175382
36.91999999999808         0.3869800297323238
36.93999999999807         0.4378665524241081
36.95999999999807         0.49778846712728453
36.979999999998086        0.5623664790246947
36.99999999999809         0.6208966016414325
37.019999999998085        0.6624598842239481
37.03999999999809         0.6859951522425994
37.0599999999981          0.6974735403965179
37.07999999999809         0.7024725983904551
37.09999999999809         0.7038952641308609
37.119999999998086        0.7025664844138023
37.13999999999808         0.6976608281635763
37.15999999999809         0.686281431327393
37.17999999999808         0.662833890409144
37.199999999998056        0.6213512270104892
37.21999999999804         0.5628947794759267
37.23999999999802         0.4983856580705055
37.259999999998           0.43853254063664987
37.27999999999799         0.3877185410214561
37.29999999999799         0.34601208264408123
37.31999999999799         0.3120741806512912
37.339999999998           0.2844326280078392
37.35999999999799         0.2618309667417021
37.37999999999797         0.24327183613551878
37.39999999999798         0.22798197398389988
37.41999999999797         0.2153658437649518
37.43999999999797         0.2049659561240884
37.45999999999796         0.19642675203665777
37.47999999999798         0.18947717309949907
37.49999999999796         0.1839077081027914
37.519999999997964        0.17955853733170976
37.539999999997974        0.1763098548965157
37.559999999997956        0.1740749048664556
37.57999999999796         0.17279511340884282
37.599999999997955        0.172436891803865
37.61999999999795         0.1729898459552261
37.639999999997954        0.1744662383956692
37.65999999999796         0.17690160175627226
37.679999999997946        0.18035659922263567
37.69999999999794         0.18492057071086632
37.71999999999795         0.19071548347039638
37.73999999999794         0.19790439963916726
37.759999999997945        0.2067004739062123
37.77999999999795         0.21738059425977885
37.79999999999795         0.2303036170199242
37.81999999999794         0.24593484667342222
37.839999999997936        0.26487830913480864
37.859999999997925        0.28791756963351595
37.879999999997935        0.31606190719741645
37.89999999999793         0.35058011353039503
37.91999999999793         0.3929548575691071
37.93999999999794         0.444537143555194
37.959999999997926        0.5053071547713774
37.97999999999793         0.5709623957278706
37.99999999999793         0.630429322655332
38.01999999999794         0.6727378503286561
38.039999999997946        0.6967428104141842
38.059999999997956        0.7084647961026924
38.079999999997966        0.713572214106073
38.09999999999795         0.7150267471531631
38.119999999997944        0.7136715832567324
38.13999999999795         0.7086640294132186
38.159999999997936        0.6970604354239548
38.17999999999793         0.6732439527709942
38.19999999999792         0.6311130097541636
38.219999999997896        0.5715744241112117
38.23999999999788         0.5060090403546255
38.25999999999785         0.4454267826321055
38.27999999999784         0.39390684396540576
38.29999999999784         0.351625445009769
38.31999999999785         0.3172245852976128
38.339999999997836        0.2892115794286844
38.35999999999783         0.2663122148470418
38.379999999997835        0.2475148136842101
38.39999999999783         0.23203487686569538
38.419999999997835        0.21926813851776256
38.43999999999782         0.20874942582778475
38.45999999999782         0.20012023585894326
38.479999999997816        0.19310419831880374
38.499999999997804        0.18748881679976934
38.519999999997815        0.1831122275934309
38.53999999999781         0.17985255336293915
38.559999999997814        0.17762222869398026
38.57999999999781         0.17636204210298323
38.59999999999781         0.1760381916827693
38.61999999999781         0.1766404631912993
38.639999999997805        0.178181673101777
38.6599999999978          0.18069834191571393
38.67999999999781         0.18425262000733364
38.6999999999978          0.188935630813858
38.7199999999978          0.1948725089271089
38.73999999999779         0.20222962485281876
38.7599999999978          0.21122462114966348
38.77999999999781         0.22214013335835417
38.799999999997794        0.2353444273629703
38.81999999999779         0.2513089771376886
38.83999999999779         0.27065138674791506
38.85999999999779         0.29417074193157167
38.879999999997786        0.3228959411156448
38.89999999999779         0.3581198651629831
38.91999999999778         0.40135260048515925
38.93999999999779         0.45397007216033874
38.9599999999978          0.5159571973372763
38.97999999999779         0.5829652111117151
38.9999999999978          0.6439127212789783
39.01999999999781         0.6871909313252219
39.03999999999782         0.7117697493717003
39.059999999997814        0.7238191201939702
39.079999999997824        0.7290850985870341
39.09999999999783         0.7305836495326586
39.11999999999782         0.7291896081671342
39.13999999999781         0.7240358470748505
39.1599999999978          0.7120982618531758
39.17999999999779         0.6876363359807396
39.19999999999778         0.6444836209466359
39.21999999999775         0.5836741515115745
39.23999999999774         0.5168193107441198
39.259999999997724        0.4550013588896081
39.279999999997706        0.40256809123436166
39.2999999999977          0.35953249348439165
39.319999999997684        0.3245163619733585
39.339999999997694        0.29600431971686747
39.35999999999768         0.27270904275557023
39.37999999999769         0.2535981800304592
39.39999999999768         0.2378716533396493
39.419999999997685        0.22491313650464148
39.439999999997696        0.21424819822775282
39.45999999999767         0.20551138745977854
39.47999999999767         0.19842076857164354
39.49999999999768         0.19275843590656438
39.51999999999767         0.18835926362769492
39.539999999997676        0.18510162592193144
39.55999999999768         0.18289576923299916
39.57999999999766         0.18168126791003733
39.599999999997685        0.18142408455721099
39.61999999999768         0.1821143804611655
39.63999999999766         0.1837660183826235
39.659999999997666        0.18641714723809408
39.67999999999767         0.19013225470707432
39.699999999997665        0.19500562858987422
39.71999999999767         0.20116656341010042
39.73999999999766         0.20878679522210525
39.75999999999766         0.21809083674328242
39.77999999999764         0.2293701037371132
39.79999999999765         0.243002051302193
39.81999999999764         0.2594758562836696
39.839999999997666        0.27942628867347963
39.85999999999765         0.30367662156987973
39.879999999997644        0.33328740043160265
39.89999999999764         0.369583302184311
39.91999999999764         0.41411697431925454
39.93999999999763         0.4683028021723554
39.95999999999764         0.532133220163953
39.979999999997645        0.6011789756569673
39.999999999997655        0.6641198179474174
40.01999999999767         0.7089973643102493
40.03999999999767         0.734588414198726
40.05999999999767         0.7471641533844443
40.07999999999767         0.7526601881446515
40.09999999999767         0.7542285521211126
40.119999999997674        0.7527777044484418
40.139999999997656        0.7474034793675991
40.15999999999767         0.734952882840661
40.179999999997655        0.7095151465321482
40.199999999997644        0.664823822858094
40.219999999997626        0.6021096688582156
40.23999999999761         0.5333333368444422
40.259999999997575        0.4698115090851654
40.27999999999757         0.415965984333445
40.29999999999755         0.3717966399437759
40.31999999999755         0.3358837744489388
40.339999999997545        0.3066717240747747
40.35999999999754         0.2828286423072214
40.37999999999754         0.2632946504010309
40.39999999999753         0.24724678077312642
40.41999999999753         0.2340504005518946
40.43999999999753         0.2232142833667382
40.45999999999752         0.21436171531302675
40.479999999997524        0.2072038536537777
40.499999999997534        0.20152023639503866
40.51999999999753         0.19714428168658613
40.53999999999753         0.1939470417881211
40.55999999999753         0.19183586361577326
40.579999999997526        0.19074963567635678
40.59999999999752         0.19065457786647672
40.61999999999752         0.19154210055801646
40.639999999997514        0.193428180582427
40.659999999997524        0.19635419539111473
40.67999999999753         0.20038901720131194
40.69999999999751         0.2056327483209456
40.719999999997505        0.21222173157502972
40.739999999997515        0.22033812337252281
40.75999999999751         0.23021840440801125
40.77999999999751         0.24216966531531206
40.7999999999975          0.25658936510112285
40.8199999999975          0.2739922583603075
40.839999999997495        0.29504585394515814
40.859999999997505        0.32061522789064906
40.87999999999749         0.3518137476900888
40.899999999997505        0.39004039473869184
40.91999999999749         0.4369298917263632
40.93999999999749         0.4939695172854938
40.959999999997486        0.5611202092651099
40.9799999999975          0.6336757067292756
40.99999999999751         0.7001754250827357
41.01999999999753         0.7479182811414609
41.039999999997534        0.7753302524879108
41.059999999997544        0.7888559672408669
41.07999999999754         0.794774498873321
41.099999999997536        0.7964669580876436
41.11999999999753         0.7949181186265593
41.13999999999753         0.7891662027205042
41.159999999997524        0.7758436136826266
41.17999999999751         0.7486683630726134
41.199999999997495        0.7013455399705751
41.21999999999746         0.6357116280819255
41.23999999999746         0.5640338976312476
41.259999999997426        0.49784483576564964
41.279999999997415        0.44203319817583697
41.299999999997404        0.39643688507468794
41.31999999999741         0.35955176443011216
41.33999999999741         0.32973958526758596
41.3599999999974          0.30560054526019276
41.379999999997395        0.28602414284868033
41.3999999999974          0.2701520202961956
41.41999999999739         0.25731956118782895
41.43999999999739         0.24701714179375145
41.45999999999739         0.2388543778594944
41.47999999999738         0.23253309632846808
41.49999999999739         0.22782707497064889
41.519999999997395        0.22456717439007953
41.53999999999739         0.2226304994748622
41.55999999999737         0.22193334918522725
41.57999999999737         0.2224253963062098
41.600000000000016        0.22408694251238237
