% Model:              Untitled.mph
% Version:            COMSOL 5.6.0.280
% Date:               Sep 14 2021, 17:12
% Dimension:          1
% Nodes:              1001
% Expressions:        1
% Description:        线图
% cln1x                   Height
49.39999999999999         0.22417347930405876
49.419999999999845        0.22250997755455887
49.43999999999985         0.22201646077100703
49.45999999999983         0.22271250097202452
49.47999999999983         0.22464834724754912
49.49999999999981         0.22790786529973933
49.519999999999804        0.23261390066510676
49.5399999999998          0.23893558474716645
49.5599999999998          0.24709910105452546
49.579999999999785        0.2574024683214022
49.59999999999979         0.2702358948065026
49.61999999999979         0.2861092389215855
49.63999999999978         0.30568745463617214
49.65999999999977         0.3298307728803874
49.67999999999976         0.35965191637118876
49.69999999999977         0.3965561824639011
49.71999999999975         0.4421918448971652
49.739999999999746        0.49798239648703496
49.75999999999974         0.564069927673664
49.779999999999745        0.6358881599961917
49.799999999999734        0.7017220810031743
49.81999999999974         0.7489855416556047
49.83999999999973         0.776070320287773
49.85999999999973         0.7893737663010618
49.87999999999972         0.7951278912260666
49.899999999999714        0.7966793782093925
49.919999999999725        0.7949884178508949
49.93999999999969         0.7890679224699464
49.9599999999997          0.7755132883268772
49.979999999999684        0.7479912765548484
49.99999999999967         0.7001593684898023
50.01999999999964         0.6338244716178947
50.03999999999964         0.5611323071166796
50.05999999999962         0.4940018814550023
50.07999999999961         0.4370039238456047
50.09999999999959         0.39013297767525695
50.119999999999585        0.35190881317877976
50.139999999999574        0.32070631473766553
50.15999999999958         0.2951313090943461
50.17999999999957         0.2740722686390919
50.19999999999958         0.2566646657438607
50.21999999999956         0.24224105791774522
50.239999999999554        0.23028660513104002
50.25999999999954         0.22040373400084623
50.27999999999954         0.2122847564099448
50.29999999999955         0.2056939296492201
50.319999999999524        0.20044910996373935
50.339999999999534        0.1964134624993037
50.359999999999516        0.19348687017323996
50.37999999999952         0.19160044080993577
50.39999999999951         0.1907127996043975
50.419999999999504        0.19080798199210572
50.43999999999951         0.19189460975001374
50.459999999999496        0.19400649012104673
50.47999999999949         0.19720465227194733
50.499999999999474        0.20158164619558475
50.51999999999946         0.20726663670396564
50.539999999999466        0.21442443213315865
50.55999999999949         0.22327742093886618
50.579999999999465        0.23411416173792268
50.59999999999946         0.24731327978529144
50.61999999999946         0.26336451770263875
50.639999999999446        0.2829026155479252
50.659999999999435        0.30675146262689973
50.67999999999943         0.3359732193608166
50.699999999999434        0.3719049528239752
50.719999999999416        0.4161122432532941
50.73999999999941         0.4700221286850866
50.75999999999941         0.5335909921804884
50.77999999999939         0.6022665863074554
50.7999999999994          0.664823326378481
50.81999999999942         0.7096011146781881
50.83999999999938         0.7351466313961478
50.85999999999939         0.7475926324844917
50.87999999999937         0.7529697827875099
50.899999999999366        0.7544235414540997
50.919999999999355        0.7528570334793915
50.93999999999936         0.7473601447063918
50.95999999999934         0.7347593870994948
50.979999999999336        0.7090652864919524
50.99999999999932         0.6640975784622981
51.01999999999931         0.6013176408804813
51.03999999999929         0.5323787613993428
51.05999999999928         0.4685056504875612
51.07999999999926         0.41425771433363834
51.099999999999255        0.3696777151688835
51.119999999999244        0.33337455359897394
51.13999999999923         0.3037598289517362
51.159999999999236        0.279504006420875
51.17999999999924         0.25954829241996513
51.19999999999923         0.24306992915550407
51.21999999999921         0.22943420338030593
51.23999999999921         0.21815185233348436
51.25999999999921         0.20884530850207025
51.2799999999992          0.20122305469042978
51.29999999999919         0.19506049604205533
51.31999999999918         0.19018583317706875
51.33999999999918         0.18646972645563545
51.359999999999175        0.1838178531710841
51.37999999999918         0.18216566144378138
51.39999999999916         0.18147508980710167
51.41999999999917         0.18173223044140202
51.439999999999145        0.18294689065327638
51.45999999999916         0.18515315408468452
51.479999999999144        0.18841167109219145
51.49999999999914         0.19281240593421348
51.51999999999912         0.19847628695833258
51.539999999999125        0.205568410390218
51.559999999999114        0.21430724419185382
51.5799999999991          0.22497491181252652
51.5999999999991          0.23793693637076976
51.61999999999909         0.2536678311552974
51.6399999999991          0.2727838949176447
51.6599999999991          0.2960813318802028
51.679999999999076        0.3245996154766678
51.69999999999908         0.359634596350548
51.7199999999991          0.4027079985183969
51.73999999999906         0.4552050810750466
51.75999999999907         0.5170689564203654
51.77999999999906         0.5838223964133126
51.79999999999906         0.644475811701342
51.81999999999907         0.6877137575924593
51.839999999999065        0.7122669801683665
51.85999999999907         0.7242216552775419
51.87999999999905         0.7293724089085842
51.89999999999904         0.7307624648683207
51.91999999999904         0.729262284630195
51.93999999999905         0.7239987697849658
51.95999999999903         0.71192566826113
51.97999999999902         0.6872463806552578
51.999999999999           0.6438763249001751
52.01999999999899         0.5830862860796212
52.039999999998955        0.5161861197636686
52.05999999999895         0.4541592452305312
52.079999999998925        0.40148221953250496
52.09999999999892         0.35821439768241115
52.119999999998925        0.3229733587238631
52.1399999999989          0.294239609345365
52.15999999999889         0.27071534720875384
52.179999999998884        0.251369589672468
52.19999999999889         0.23540447469259107
52.219999999998876        0.22219884436674606
52.239999999998865        0.21128059986167472
52.25999999999887         0.20228341111700862
52.27999999999885         0.19492455046773033
52.29999999999886         0.1889863010338114
52.31999999999886         0.1843022355228599
52.33999999999885         0.18074717726915732
52.359999999998855        0.17822997269351037
52.379999999998844        0.17668845054153834
52.399999999998826        0.1760860768341006
52.419999999998815        0.17641002790773214
52.43999999999882         0.17767051613681045
52.4599999999988          0.17990134619954887
52.47999999999879         0.18316192870917683
52.4999999999988          0.18753984926845454
52.51999999999881         0.19315669790346945
52.5399999999988          0.20017459114654917
52.55999999999879         0.20880610471493588
52.5799999999988          0.2193277081481978
52.59999999999878         0.23209801644861844
52.61999999999878         0.2475822915518007
52.63999999999875         0.26638475687137897
52.65999999999875         0.28928943755405484
52.67999999999875         0.3173063626139589
52.69999999999875         0.3517053712801924
52.719999999998734        0.393970384390048
52.73999999999875         0.4455378482846131
52.759999999998726        0.5062468277460044
52.779999999998715        0.5717088098013965
52.799999999998725        0.6310947553761288
52.819999999998714        0.6733165460681566
52.83999999999874         0.6972274595237993
52.85999999999872         0.7088503266789331
52.87999999999872         0.7138562606346015
52.899999999998705        0.7152081950686033
52.919999999998694        0.7137493052398267
52.93999999999869         0.7086361587751363
52.959999999998686        0.6969240251207572
52.97999999999867         0.672995624693244
52.99999999999865         0.6307514866285168
53.01999999999864         0.5710934436095979
53.03999999999862         0.5055368777376309
53.059999999998595        0.44472740448419706
53.07999999999858         0.39308584966964455
53.09999999999857         0.35067606411085644
53.11999999999858         0.31614063991002883
53.13999999999856         0.28798759859228906
53.159999999998554        0.26494327760775643
53.17999999999855         0.24599633292114573
53.199999999998546        0.23036239059631874
53.21999999999856         0.21743711783111458
53.23999999999854         0.20675509202194237
53.25999999999853         0.1979574065643051
53.279999999998516        0.19076714671910489
53.29999999999851         0.1849714314631419
53.31999999999852         0.18040669036723722
53.3399999999985          0.1769509161560532
53.35999999999851         0.17451503059410567
53.37999999999848         0.17303834993926806
53.399999999998464        0.17248532896385071
53.41999999999848         0.1728436987276063
53.43999999999848         0.17412385284440962
53.459999999998466        0.17635938466758616
53.479999999998476        0.1796088775328409
53.49999999999846         0.1839591015767507
53.51999999999846         0.18952988165114376
53.53999999999844         0.1964810618003464
53.559999999998425        0.20502314298176919
53.57999999999843         0.21542714112870398
53.59999999999843         0.22804717011256503
53.61999999999843         0.24334179070589063
53.63999999999842         0.2619065336887151
53.65999999999841         0.2845142448382972
53.67999999999841         0.3121607303979684
53.6999999999984          0.34609823096427794
53.7199999999984          0.38779042550492293
53.7399999999984          0.4385706131848717
53.75999999999839         0.49841432692171994
53.77999999999838         0.5630624166207665
53.79999999999839         0.6217018848967092
53.8199999999984          0.6631137538383506
53.8399999999984          0.6864673326741199
53.8599999999984          0.6978534216008903
53.879999999998375        0.7027566432947945
53.899999999998386        0.7040819071636268
53.91999999999838         0.7026547102542122
53.93999999999836         0.6976497817101013
53.95999999999838         0.6861808053626403
53.97999999999835         0.6627210515619265
53.99999999999834         0.6212226391615376
54.0199999999983          0.5625108597508389
54.039999999998294        0.4977992171036088
54.05999999999827         0.437891868664728
54.079999999998265        0.38704294240427317
54.09999999999824         0.34527547284615173
54.119999999998235        0.3112555416351091
54.13999999999822         0.28351897889515554
54.159999999998206        0.26081852513313947
54.17999999999821         0.24215697142593912
54.199999999998205        0.22676110671551677
54.21999999999818         0.21403532441566306
54.2399999999982          0.20352100560410677
54.259999999998186        0.19486455015317886
54.27999999999818         0.18779318519574575
54.29999999999817         0.182096968650027
54.31999999999817         0.17761552633223976
54.33999999999815         0.17422836318241366
54.35999999999815         0.17184788425275838
54.37999999999817         0.1704145349646861
54.399999999998144        0.16989340877784737
54.41999999999814         0.1702726810453208
54.43999999999813         0.17156279531778285
54.45999999999813         0.17379710889090988
54.479999999998114        0.17703369490522838
54.49999999999812         0.1813584805852181
54.519999999998106        0.1868900522663902
54.5399999999981          0.1937865460123322
54.5599999999981          0.20225522568762544
54.57999999999809         0.21256560173421046
54.599999999998076        0.22506723663213277
54.619999999998065        0.24021368007535246
54.63999999999808         0.2585941151826258
54.659999999998064        0.28097692094277593
54.67999999999806         0.308339787644869
54.69999999999805         0.3419250116888493
54.71999999999804         0.38318097292276165
54.73999999999804         0.4334268370817474
54.759999999998044        0.49263521145895073
54.77999999999803         0.5565777440015204
54.79999999999804         0.6145315334539831
54.81999999999807         0.6554022667305911
54.83999999999806         0.6784294158167983
54.85999999999806         0.6896271670617197
54.879999999998056        0.6944584540661841
54.89999999999805         0.695767867964874
54.91999999999803         0.694367683580506
54.93999999999803         0.6894398261831428
54.95999999999802         0.6781498931886613
54.979999999998           0.6550355752223478
54.99999999999798         0.6140898091324147
55.01999999999796         0.5560783052831819
55.03999999999793         0.49209022748491327
55.0599999999979          0.4328394209342799
55.07999999999789         0.3825485400944106
55.099999999997884        0.34124282077398604
55.11999999999787         0.3076026911954653
55.139999999997855        0.2801800071168876
55.159999999997865        0.2577362110996054
55.179999999997854        0.23928658327660782
55.19999999999784         0.22406499474509498
55.21999999999784         0.2114870578235778
55.23999999999783         0.20109658788512283
55.25999999999784         0.19254395852688486
55.279999999997834        0.18555949381579281
55.299999999997816        0.17993566249744508
55.31999999999782         0.17551395816245413
55.339999999997815        0.17217531702512487
55.3599999999978          0.1698332178767682
55.37999999999779         0.1684288503374908
55.39999999999779         0.167927927105491
55.419999999997785        0.16831886314989924
55.439999999997774        0.16961216142997007
55.45999999999777         0.17184096502515286
55.47999999999776         0.17506267705822323
55.499999999997755        0.1793627738873531
55.51999999999775         0.18485870648949954
55.53999999999776         0.19170723676924978
55.55999999999774         0.20011379940912857
55.57999999999774         0.21034550651241907
55.59999999999772         0.22274880280224715
55.61999999999771         0.23777320614813735
55.639999999997706        0.25600268765976564
55.6599999999977          0.27819556233960324
55.67999999999771         0.30533011478966227
55.6999999999977          0.33863915369126285
55.719999999997675        0.379567658770974
55.73999999999768         0.4294295439390023
55.7599999999977          0.4880434155436831
55.77999999999769         0.55141968242703
55.7999999999977          0.6088284676956527
55.81999999999771         0.6492750724165478
55.83999999999771         0.6720413105244036
55.85999999999771         0.6831062094291847
55.8799999999977          0.6878800157356816
55.89999999999769         0.6891748803277113
55.91999999999769         0.6877933576015322
55.93999999999768         0.6829328623362598
55.959999999997684        0.6717649739925953
55.97999999999767         0.6488315297859764
55.99999999999763         0.6082360308486702
56.01999999999761         0.5509530251251141
56.03999999999759         0.4875423359302906
56.05999999999755         0.4288167638618514
56.07999999999755         0.37897185351747087
56.099999999997536        0.33803435774900015
56.119999999997525        0.3046957845161213
56.13999999999753         0.2775201510188092
56.1599999999975          0.25527949434885217
56.17999999999752         0.2369976579323017
56.199999999997495        0.22191719893486023
56.2199999999975          0.2094544890823921
56.23999999999748         0.19916011071261766
56.25999999999747         0.19068758248743414
56.27999999999747         0.18376965906850226
56.29999999999745         0.1782004107858599
56.31999999999745         0.17382344586437254
56.339999999997445        0.17052039968274504
56.359999999997456        0.168205584938903
56.379999999997445        0.16682078040877812
56.39999999999743         0.16633207436908828
56.41999999999743         0.16672806587510627
56.43999999999744         0.1680192695844906
56.459999999997414        0.17023867049062333
56.479999999997425        0.1734434712136901
56.49999999999741         0.1777182074791743
56.519999999997395        0.1831795221923703
56.53999999999738         0.18998296625852673
56.55999999999737         0.19833241760177583
56.57999999999737         0.20849159428140138
56.599999999997365        0.2208064453280665
56.61999999999736         0.23572208452606933
56.639999999997364        0.25381801168478596
56.65999999999736         0.2758467905509562
56.67999999999736         0.30277935573346687
56.69999999999736         0.3358393792534663
56.71999999999734         0.3764612918288215
56.73999999999734         0.42594935076800716
56.759999999997326        0.48422927278234706
56.779999999997344        0.5469986116916113
56.79999999999733         0.603775515136746
56.81999999999734         0.643938817742662
56.83999999999735         0.6665762294655575
56.85999999999735         0.6775277170701355
56.87999999999735         0.6822527276523785
56.899999999997334        0.6835354011481451
56.919999999997344        0.6821698362425755
56.93999999999732         0.6773620564127375
56.95999999999732         0.66631198040092
56.9799999999973          0.6436070242968996
56.99999999999728         0.6033799641753519
57.019999999997246        0.5465583289624155
57.039999999997235        0.4837597106580021
57.0599999999972          0.42545669746442205
57.07999999999719         0.3759450240167869
57.099999999997166        0.33529613745030346
57.11999999999718         0.30220573967349135
57.13999999999715         0.2752404379331927
57.15999999999714         0.25317250197305474
57.179999999997136        0.23503307720094557
57.19999999999713         0.22007046328715027
57.21999999999712         0.20770550452719955
57.239999999997124        0.19749225890044486
57.259999999997106        0.18908694987186883
57.279999999997116        0.1822244384045964
57.299999999997105        0.17670070604414342
57.3199999999971          0.1723599491909287
57.33999999999711         0.16908515507261254
57.3599999999971          0.16679132010842748
57.379999999997096        0.16542069853099528
57.39999999999708         0.16493967127994144
57.419999999997074        0.16533698451760054
57.439999999997056        0.16662308326830522
57.45999999999705         0.1688307511174766
57.47999999999705         0.17201682942638538
57.49999999999704         0.17626530066336693
57.51999999999703         0.18169197737349924
57.53999999999703         0.18845125833618637
57.55999999999703         0.19674550062303126
57.57999999999703         0.2068378661208381
57.59999999999703         0.21906968206594646
57.61999999999701         0.23388378908226465
57.639999999997016        0.251855377717096
57.659999999997           0.2737277922675066
57.679999999996994        0.3004723926565909
57.69999999999698         0.33330108034680267
57.71999999999698         0.3736384583955683
57.73999999999697         0.4227797807073486
57.75999999999697         0.48064993979982734
57.779999999996974        0.5429703309316384
57.799999999996984        0.5993225200797324
57.81999999999701         0.6391621508450944
57.839999999997005        0.6615942250868065
57.859999999996994        0.6724626727289901
57.87999999999699         0.6771430377174866
57.89999999999697         0.6784123389800178
57.91999999999699         0.6770577437467277
57.93999999999697         0.6722985550361179
57.95999999999696         0.66135059734844
57.979999999996956        0.6388453334536092
57.99999999999693         0.5989457122548665
58.0199999999969          0.5425519568096768
58.03999999999687         0.4802050915860881
58.05999999999685         0.42231480425056345
58.07999999999683         0.3731532237765108
58.099999999996804        0.3327926279990148
58.11999999999681         0.29993691255402805
58.139999999996796        0.27316140151773105
58.1599999999968          0.2512510886485155
58.179999999996774        0.23324208285274212
58.199999999996784        0.21838736610608528
58.21999999999677         0.20611307304296983
58.239999999996776        0.1959733314799043
58.259999999996765        0.1876287481347251
58.27999999999676         0.18081609854174277
58.29999999999674         0.1753328538867284
58.31999999999675         0.17102436368732057
58.33999999999674         0.16777448662374989
58.35999999999674         0.16549885146104384
58.379999999996734        0.16414014278225877
58.39999999999672         0.16366499892612302
58.41999999999671         0.16406224086186644
58.43999999999672         0.16534228754110747
58.45999999999671         0.16753771014722468
58.47999999999669         0.17070515870750042
58.4999999999967          0.1749277845053367
58.519999999996685        0.18032078124511727
58.53999999999669         0.1870375258373205
58.55999999999668         0.19527898866557578
58.57999999999667         0.20530649498228493
58.59999999999666         0.21745902900491912
58.61999999999665         0.23217644330639434
58.639999999996654        0.25003007476695593
58.65999999999664         0.27176155919622563
58.67999999999664         0.2983268733795428
58.69999999999662         0.33092882807069596
58.71999999999662         0.37097412806646135
58.73999999999662         0.41974375592997537
58.75999999999664         0.4773112250836167
58.77999999999661         0.5392116772190388
58.799999999996636        0.5951666419013112
58.81999999999664         0.6347034615464576
58.839999999996635        0.6569523879277304
58.859999999996646        0.6677288763129787
58.879999999996635        0.672369952421188
58.89999999999663         0.6736295927355641
58.91999999999663         0.6722881065941777
58.93999999999663         0.667566165608
58.95999999999662         0.6567285018256632
58.97999999999663         0.6344933815590402
58.999999999996575        0.5949800497542188
59.01999999999656         0.5388250568391864
59.03999999999651         0.47688776843261743
59.059999999996485        0.4193828919177137
59.079999999996474        0.3705482655019023
59.09999999999645         0.3304569437305696
59.119999999996445        0.29782113706433794
59.139999999996434        0.27122527173924377
59.15999999999644         0.24946220969266564
59.17999999999643         0.23157439241609842
59.199999999996415        0.21681976272130707
59.219999999996425        0.2046269637136356
59.2399999999964          0.1945562093474937
59.25999999999639         0.1862685288373542
59.2799999999964          0.17950251533786227
59.299999999996395        0.17405731793387483
59.319999999996384        0.1697787115526186
59.33999999999638         0.16655177919016642
59.35999999999637         0.16429275334022875
59.379999999996365        0.16294473581263036
59.39999999999635         0.1624746068499077
59.41999999999635         0.1628712726969665
59.43999999999635         0.16414509463225632
59.459999999996334        0.16632844034896258
59.479999999996345        0.16947741211692538
59.49999999999633         0.17367490102282349
59.519999999996315        0.17903523064460147
59.53999999999632         0.18571079516737177
59.559999999996315        0.19390127468868293
59.5799999999963          0.203867606662278
59.5999999999963          0.2159444002749697
59.619999999996296        0.23056953818559286
59.639999999996284        0.2483106674553172
59.65999999999628         0.2699046791348948
59.67999999999627         0.296301481868293
59.69999999999629         0.3286963315921407
59.71999999999626         0.36848720060540036
59.739999999996265        0.41694710012151714
59.75999999999626         0.4740427396635125
59.77999999999626         0.5356618449330632
59.79999999999628         0.5914026994993035
59.819999999996284        0.6305773464869936
59.83999999999632         0.6525746055573639
59.85999999999631         0.6632579432629735
59.8799999999963          0.6678632936285642
59.89999999999629         0.669114219252607
59.91999999999629         0.6677847540533409
59.93999999999627         0.6631017920918486
59.95999999999628         0.652350982031285
59.97999999999625         0.6302864349707967
59.999999999996234        0.5910570392921157
60.019999999996195        0.5352794980141847
60.03999999999617         0.473637864107156
60.05999999999614         0.41652556354501885
60.079999999996126        0.3680490921373685
60.0999999999961          0.32823915033240403
60.119999999996104        0.29582113960625595
60.139999999996085        0.26939592964981124
60.15999999999607         0.24777261371229015
60.179999999996056        0.2299997061058007
60.199999999996066        0.2153398931863091
60.21999999999605         0.20322549217643712
60.23999999999605         0.19321955827694634
60.25999999999604         0.18498531890840866
60.279999999996036        0.17826306750405743
60.29999999999603         0.17285298751471015
60.31999999999602         0.16860250236327676
60.33999999999603         0.16539704063137012
60.359999999996006        0.1631533910556298
60.379999999996016        0.16181505297935483
60.399999999996           0.16134915727726
60.419999999996           0.16174468773398615
60.43999999999599         0.16301197853255348
60.45999999999597         0.16518319393329822
60.47999999999597         0.1683140835185647
60.499999999995964        0.17248701737315147
60.51999999999596         0.17781560099080876
60.539999999995956        0.18445127622635252
60.55999999999595         0.19259249404819226
60.57999999999595         0.20249727147060237
60.59999999999596         0.21450023923407374
60.61999999999593         0.22903563327579923
60.63999999999594         0.2466676949588573
60.65999999999592         0.2681293694062732
60.67999999999593         0.2943672539542619
60.6999999999959          0.3265629802005226
60.7199999999959          0.3661093463276424
60.73999999999589         0.41427173573636406
60.7599999999959          0.47101630684746176
60.779999999995916        0.5322518502371449
60.799999999995926        0.5876330043280388
60.819999999995964        0.6265386199120062
60.83999999999596         0.6483760300303957
60.85999999999597         0.6589742178987096
60.87999999999596         0.6635482383701509
60.89999999999594         0.6647938454531506
60.919999999995945        0.6634787721143742
60.93999999999593         0.658830073081826
60.959999999995944        0.6481618856615706
60.97999999999592         0.6262597714275548
60.99999999999587         0.5873014318626627
61.01999999999585         0.5318851996384775
61.039999999995814        0.4706285161860726
61.05999999999579         0.4138685731064023
61.07999999999576         0.36569091576140994
61.09999999999575         0.3261268670384261
61.11999999999574         0.29391022359129126
61.13999999999572         0.26765126535371275
61.15999999999572         0.2461621184333334
61.17999999999571         0.22849890121654967
61.19999999999571         0.21392946673484137
61.21999999999571         0.20188850765195446
61.23999999999571         0.19194487301387955
61.25999999999569         0.18376201698558012
61.2799999999957          0.1770818625867933
61.29999999999568         0.17170585078410694
61.31999999999567         0.16748236763965094
61.33999999999566         0.16429756527155587
61.359999999995665        0.16206875528617154
61.37999999999565         0.16073978664327804
61.39999999999566         0.1602780031105499
61.419999999995646        0.1606725111376126
61.439999999995635        0.1619335925091251
61.45999999999564         0.16409324571809966
61.47999999999563         0.16720689126600363
61.49999999999564         0.1713561276914826
61.519999999995605        0.17665430167181062
61.53999999999562         0.1832517522164632
61.5599999999956          0.19134573058549834
61.5799999999956          0.20119271139742947
61.599999999995596        0.21312535051402956
61.61999999999559         0.2275752914670771
61.63999999999558         0.24510338638364282
61.65999999999558         0.2664381518265188
61.67999999999557         0.2925198339136377
61.699999999995555        0.3245338735950189
61.71999999999556         0.363870407900399
61.73999999999556         0.41179327322094544
61.75999999999556         0.46812132444584287
61.77999999999556         0.5289892349270743
61.79999999999558         0.5840272902410953
61.8199999999956          0.6226783470079087
61.8399999999956          0.6443655967671266
61.85999999999561         0.6548893372516206
61.879999999995604        0.6594317830467462
61.8999999999956          0.6606698833502274
61.919999999995575        0.6593658213209527
61.93999999999558         0.654757679498132
61.95999999999557         0.6441531579963723
61.979999999995556        0.6223226907146568
61.99999999999553         0.5835419296773808
62.019999999995505        0.5286288651009928
62.039999999995445        0.4677536670387135
62.05999999999543         0.4113313858514006
62.0799999999954          0.363440119620879
62.09999999999539         0.32411172810523636
62.11999999999537         0.2920873656321071
62.13999999999538         0.265985363723906
62.15999999999537         0.2446248011371076
62.17999999999537         0.22706736940284797
62.19999999999535         0.21258527353886914
62.21999999999535         0.20061789516862882
62.239999999995334        0.19073363644211572
62.25999999999534         0.18259982111360912
62.27999999999532         0.175959899787866
62.299999999995315        0.17061648994789677
62.31999999999531         0.16641870138550943
62.3399999999953          0.163253787363177
62.35999999999529         0.16103929384481472
62.379999999995285        0.15971941412839907
62.39999999999528         0.1592616886109161
62.41999999999528         0.15965528405105717
62.43999999999529         0.1609104340594475
62.459999999995276        0.16305898025087232
62.47999999999528         0.16615605321496502
62.49999999999526         0.17028306768935003
62.519999999995235        0.1755522907987839
62.53999999999527         0.1821133830222994
62.55999999999521         0.19016247067536887
62.57999999999525         0.199953250412112
62.59999999999521         0.21181856645498948
62.61999999999521         0.22618669894844595
62.63999999999521         0.24361529133705068
62.65999999999522         0.2648286782215043
62.67999999999521         0.29076168646456996
62.69999999999519         0.3225930171277568
62.71999999999517         0.3617050027655227
62.73999999999518         0.40935438072307695
62.759999999995166        0.4654640556440911
62.7799999999952          0.5258639922987284
62.79999999999522         0.580417597797066
62.819999999995254        0.6189079055106703
62.83999999999525         0.6405359959984669
62.85999999999527         0.6509990427435809
62.87999999999524         0.6555120415306784
62.899999999995266        0.6567432299810801
62.91999999999524         0.6554495713711764
62.93999999999525         0.6508743497815681
62.959999999995226        0.6403430131592266
62.97999999999522         0.6186572800060883
62.99999999999517         0.5801200648544661
63.019999999995136        0.5255345658716853
63.03999999999511         0.46511530178788185
63.05999999999505         0.4089919525797535
63.079999999995046        0.361329283814392
63.099999999995035        0.32220197512084825
63.11999999999503         0.29035247779214673
63.139999999995005        0.26440146446972107
63.15999999999499         0.2431640302085114
63.179999999994976        0.22570792351959487
63.19999999999498         0.21130951818879332
63.21999999999499         0.1994114211773428
63.239999999994964        0.18958452674685644
63.259999999994974        0.18149808574055748
63.27999999999495         0.17489703928734976
63.299999999994974        0.16958515523045514
63.31999999999496         0.1654126028567125
63.33999999999497         0.16226687975713544
63.35999999999496         0.160066280493764
63.37999999999496         0.15875532541877221
63.39999999999493         0.1583017498569166
63.41999999999493         0.15869481389771015
63.43999999999492         0.15994466397778487
63.459999999994906        0.16208296082489249
63.4799999999949          0.1651645480958032
63.49999999999492         0.16927042274990994
63.5199999999949          0.17451226372242098
63.53999999999489         0.18103890962240698
63.559999999994886        0.18904539790193628
63.57999999999489         0.19878533167915705
63.59999999999487         0.21058765243630836
63.61999999999489         0.2248791818918841
63.639999999994856        0.2422143781184773
63.65999999999486         0.2633130441508013
63.67999999999485         0.2891024856891802
63.699999999994844        0.3207612985452937
63.71999999999483         0.35966128129778874
63.73999999999484         0.4070524762512565
63.75999999999483         0.46285763861128093
63.77999999999483         0.5229264230602323
63.799999999994874        0.5771724713093944
63.819999999994906        0.6154352647347849
63.839999999994916        0.6369297306358594
63.85999999999489         0.6473324485352048
63.8799999999949          0.6518152453423047
63.899999999994876        0.6530371823971639
63.919999999994886        0.6517505581863783
63.9399999999949          0.6472037789612807
63.959999999994885        0.6367465551178343
63.97999999999486         0.6151968736989818
63.99999999999483         0.57688905485942
64.01999999999477         0.5226128230062892
64.03999999999476         0.4625263933080233
64.0599999999947          0.40670918280407137
64.07999999999467         0.3593062922202043
64.09999999999468         0.3203926206052033
64.11999999999465         0.2887173536733219
64.13999999999466         0.2629053944497237
64.15999999999465         0.24178446685925356
64.17999999999465         0.22442491265289552
64.19999999999463         0.2101064418604042
64.21999999999463         0.1982758366407585
64.23999999999461         0.18850331613564944
64.25999999999463         0.18046179789583647
64.27999999999459         0.17389763333310293
64.29999999999458         0.16861568397705912
64.3199999999946          0.16446695652088728
64.33999999999459         0.16133957712386116
64.35999999999457         0.1591522994299122
64.37999999999457         0.1578499607028444
64.39999999999458         0.15740048534820705
64.41999999999457         0.15779317956626587
64.43999999999457         0.1590381718078179
64.45999999999455         0.16116695211176607
64.47999999999455         0.1642340578733836
64.49999999999453         0.16832032632017946
64.51999999999454         0.17353644963614145
64.53999999999454         0.18003070386762898
64.55999999999455         0.18799712685966946
64.57999999999451         0.19768799361977618
64.59999999999451         0.20943052185584005
64.6199999999945          0.22364930621030904
64.6399999999945          0.24089593433956913
64.65999999999447         0.26188652122543865
64.67999999999448         0.28754432573635436
64.69999999999447         0.31903133536793565
64.71999999999447         0.3577069735651534
64.73999999999447         0.40480919562722634
64.75999999999448         0.46030286488092853
64.77999999999452         0.5201622214218846
64.79999999999453         0.5741199371600483
64.81999999999455         0.6121711491941836
64.83999999999459         0.6335423397809915
64.85999999999456         0.6438847431511973
64.87999999999457         0.6483423348568997
64.89999999999458         0.649558630164425
64.91999999999456         0.6482813843604849
64.93999999999454         0.6437634979932058
64.95999999999455         0.6333789003482263
64.97999999999452         0.6120366231274625
64.99999999999447         0.5740225902192418
65.01999999999444         0.5198808301986242
65.03999999999438         0.46009439944618147
65.05999999999437         0.4045656405360801
65.07999999999433         0.3574075161444097
65.0999999999943          0.31869508680069225
65.11999999999432         0.2871839127903867
65.1399999999943          0.26150588180521694
65.15999999999433         0.24049471787370175
65.17999999999428         0.22322555478365563
65.19999999999428         0.20898181341069763
65.21999999999427         0.19721183535838294
65.23999999999427         0.1874910425577776
65.25999999999425         0.17949222996946598
65.27999999999426         0.17296309854257397
65.29999999999424         0.16770955647554622
65.31999999999425         0.16358360080274234
65.33999999999425         0.1604735708555185
65.35999999999426         0.15829893809883544
65.37999999999423         0.15700484224808836
65.39999999999422         0.15655938005866415
65.41999999999423         0.15695192331776764
65.43999999999421         0.15819256361640718
65.45999999999422         0.1603126462573155
65.4799999999942          0.16336644390390803
65.4999999999942          0.16743411403998765
65.5199999999942          0.17262619929946232
65.53999999999418         0.17909006037444322
65.55999999999418         0.1870187861574833
65.57999999999416         0.19666341731796874
65.59999999999415         0.20835139487852128
65.61999999999416         0.22250222650317794
65.63999999999416         0.2396661008604331
65.65999999999416         0.2605556586179303
65.67999999999418         0.2860897238923753
65.69999999999415         0.31742470961696884
65.71999999999414         0.35591355005366093
65.73999999999414         0.4027882372216647
65.75999999999412         0.4580134487520366
65.77999999999415         0.5175943262030855
65.79999999999416         0.5714388171119631
65.8199999999942          0.6092140986410362
65.83999999999419         0.6303904720965005
65.85999999999422         0.6406684964649836
65.8799999999942          0.6451029629038698
65.8999999999942          0.6463142137531549
65.91999999999419         0.6450457974522712
65.93999999999417         0.6405547521380532
65.95999999999417         0.6302292083536953
65.97999999999416         0.6090037913901408
65.99999999999413         0.5711886849658614
66.0199999999941          0.5173183985856034
66.03999999999404         0.4577230125392196
66.05999999999402         0.4024881293045754
66.07999999999397         0.35560408638729857
66.09999999999395         0.31710415498958
66.11999999999395         0.28575556680364655
66.13999999999395         0.2602021086241194
66.15999999999394         0.23929365014189138
66.17999999999394         0.22210908497940932
66.19999999999393         0.20793529935376368
66.21999999999393         0.19622329662370186
66.23999999999393         0.18655056845864623
66.25999999999391         0.17859151251535538
66.27999999999392         0.17209506739555944
66.2999999999939          0.16686809236482572
66.31999999999391         0.16276313035956266
66.33999999999386         0.15966947771550835
66.3599999999939          0.15750676070940864
66.37999999999387         0.15622043637655578
66.39999999999388         0.15577880571560007
66.41999999999386         0.15617129137316887
66.43999999999384         0.1574079753693991
66.45999999999385         0.15952005970967145
66.47999999999385         0.16256157283348768
66.49999999999383         0.16661230698767104
66.51999999999384         0.17178229031176412
66.53999999999384         0.1782181886228251
66.55999999999383         0.18611220641255813
66.57999999999386         0.19571425566277748
66.59999999999381         0.2073484802926435
66.61999999999381         0.2214354938997939
66.63999999999382         0.23852185216379804
66.65999999999381         0.2593175623171313
66.6799999999938          0.28473974562722054
66.69999999999379         0.31593347005689504
66.71999999999379         0.35424876446441644
66.73999999999378         0.40091214250292767
66.75999999999377         0.45588809104790956
66.77999999999379         0.5151980111766853
66.79999999999382         0.5687922416682536
66.81999999999383         0.6063852006393964
66.83999999999384         0.6274560071320989
66.85999999999385         0.6376771628205495
66.87999999999384         0.6420927396065541
66.89999999999382         0.6433022029763753
66.91999999999382         0.6420449377249186
66.93999999999386         0.6375816245225526
66.95999999999383         0.627306169739067
66.97999999999382         0.6061901094440924
66.9999999999938          0.5685605806401666
67.01999999999377         0.5149426399703705
67.03999999999367         0.45561932219073736
67.05999999999366         0.40063448674781327
67.07999999999362         0.35396259615519415
67.0999999999936          0.31563719770316956
67.11999999999358         0.2844310347129223
67.13999999999359         0.2589970385569979
67.15999999999357         0.23818405364215495
67.17999999999357         0.22107752808594766
67.19999999999355         0.2069681432880079
67.21999999999355         0.1953095500301093
67.23999999999354         0.1856803003082044
67.25999999999358         0.1777582988027267
67.27999999999354         0.17129235136127247
67.29999999999352         0.16609020369227784
67.31999999999353         0.16200507637355593
67.33999999999352         0.15892677305073316
67.3599999999935          0.15677528279588043
67.37999999999352         0.15549630691460942
67.39999999999351         0.1550583160081738
67.41999999999351         0.15545086414146633
67.43999999999349         0.15668401065823195
67.45999999999349         0.15878885078754304
67.47999999999348         0.16181918517220567
67.49999999999346         0.16585447331798783
67.51999999999346         0.17100388336130956
67.53999999999346         0.17741408206038983
67.55999999999348         0.18527616725698046
67.57999999999343         0.1948389812875603
67.59999999999344         0.20642530352124142
67.61999999999344         0.22045399697214801
67.63999999999342         0.2374693162368617
67.65999999999342         0.2581782643879858
67.67999999999341         0.2834934013551261
67.6999999999934          0.31456546866815827
67.7199999999934          0.3527441952224844
67.73999999999342         0.39925662487408453
67.7599999999934          0.4540254320673833
67.77999999999344         0.5129835241852064
67.79999999999346         0.5663471350982728
67.8199999999935          0.6037732610661751
67.83999999999354         0.6247480325160313
67.85999999999352         0.6349224139898778
67.87999999999353         0.6393185039576216
67.89999999999351         0.6405237101229045
67.91999999999351         0.639273918279628
67.9399999999935          0.6348333651860425
67.95999999999347         0.6245994796862855
67.97999999999347         0.6035030506351036
67.99999999999343         0.5659644773773832
68.01999999999339         0.5127330302545804
68.03999999999334         0.45377596932652614
68.05999999999328         0.3989220062260761
68.07999999999328         0.35244679869294904
68.09999999999324         0.3142831880539824
68.11999999999323         0.28320904214002557
68.13999999999322         0.25788289874637543
68.15999999999325         0.23715839261813804
68.17999999999323         0.22012479372884278
68.1999999999932          0.20607574846281423
68.21999999999319         0.19446721137105302
68.2399999999932          0.18488039776077
68.25999999999318         0.1769925458195554
68.2799999999932          0.17055477887221335
68.29999999999318         0.16537563931286406
68.31999999999317         0.16130895893810407
68.33999999999315         0.15824489369356623
68.35999999999314         0.15610403566326742
68.37999999999315         0.1548321487563617
68.39999999999314         0.15439783917214991
68.41999999999314         0.15479071989925078
68.43999999999312         0.15602085517461253
68.45999999999313         0.15811925931910134
68.47999999999311         0.16113954836441416
68.49999999999312         0.16516087095811544
68.51999999999312         0.17029237127545685
68.53999999999309         0.1766795345264271
68.55999999999308         0.18451300544020105
68.57999999999309         0.19404067869739106
68.59999999999307         0.20558228118825445
68.61999999999306         0.2195580228602781
68.63999999999307         0.23650878873278128
68.65999999999306         0.25713885516065327
68.67999999999309         0.2823572683612576
68.69999999999304         0.31331036663329265
68.71999999999304         0.35134275214308225
68.73999999999305         0.3976767883746784
68.75999999999306         0.45223510883333967
68.77999999999308         0.5109511779482758
68.79999999999312         0.5639497283187948
68.81999999999316         0.6013006782472939
68.83999999999318         0.622265795011512
68.85999999999318         0.6324099329491591
68.87999999999317         0.6367818042046608
68.89999999999317         0.6379821982845775
68.91999999999315         0.6367386009161565
68.93999999999316         0.6323187528773343
68.95999999999317         0.6221317521074515
68.97999999999311         0.6011294548833754
68.99999999999308         0.5637524027228485
69.01999999999305         0.5107435119534299
69.03999999999296         0.452031525660115
69.05999999999295         0.3974856312295043
69.0799999999929          0.3511671239842171
69.09999999999287         0.3131506656674604
69.11999999999286         0.282212825911635
69.1399999999929          0.25700877599907307
69.15999999999286         0.2363953840911275
69.17999999999284         0.21945701972349282
69.19999999999284         0.20549330310644695
69.21999999999284         0.1939625135609559
69.23999999999283         0.18444774483087564
69.25999999999283         0.17662777724242254
69.27999999999282         0.17025502645504445
69.2999999999928          0.1651391445246616
69.31999999999282         0.16113494339232134
69.33999999999281         0.1581335827098737
69.35999999999284         0.15605623453513223
69.37999999999279         0.1548496608674185
69.3999999999928          0.15448330170602542
