% Model:              Untitled.mph
% Version:            COMSOL 5.6.0.280
% Date:               Sep 14 2021, 17:13
% Dimension:          1
% Nodes:              1062
% Expressions:        1
% Description:        线图
% cln1x                   Height
49.45000000000001         0.2080070132311883
49.46000000000002         0.20697453753631032
49.48000000000002         0.20553327380008532
49.500000000000036        0.20492221682209455
49.52000000000005         0.20515894639780088
49.540000000000035        0.20628284359316157
49.560000000000045        0.20833638318623354
49.580000000000055        0.21139080602410618
49.60000000000005         0.21554073054633033
49.620000000000054        0.22093325508921685
49.640000000000065        0.22775206309865267
49.66000000000006         0.23622886032582963
49.68000000000005         0.2466616936275555
49.700000000000074        0.2594360251072097
49.72000000000007         0.2750511710213794
49.740000000000066        0.2941567773275766
49.76000000000007         0.3175861726603558
49.78000000000007         0.34642392384192544
49.800000000000075        0.38203027280599133
49.82000000000009         0.42599717778581164
49.8400000000001          0.47978664553188083
49.86000000000009         0.5434342818956465
49.88000000000008         0.6125098883952067
49.90000000000008         0.6755831078138752
49.92000000000008         0.7204584306631516
49.94000000000008         0.7456453867788694
49.960000000000086        0.7571314405667185
49.98000000000008         0.7602936329507903
50.0000000000001          0.7569664082076156
50.0200000000001          0.7452712740498325
50.040000000000106        0.7197839574049771
50.06000000000009         0.674475200945755
50.080000000000084        0.6108142825147739
50.10000000000008         0.5409920646913994
50.12000000000008         0.47645949733020676
50.14000000000007         0.42168041352842445
50.16000000000008         0.3766486303299523
50.18000000000008         0.33992175560130833
50.2000000000001          0.3099189022654364
50.22000000000008         0.28528505898585593
50.240000000000094        0.2649400179110309
50.26000000000009         0.24804291541900186
50.28000000000009         0.23394175970691813
50.3000000000001          0.22213644732187504
50.32000000000011         0.21223362022826947
50.340000000000124        0.20392807349439426
50.36000000000012         0.196980856001164
50.380000000000116        0.19120453742129512
50.40000000000012         0.1864522411149295
50.42000000000013         0.1826094827307183
50.440000000000126        0.179588138347211
50.46000000000013         0.17732210424618627
50.48000000000014         0.17576402214433437
50.50000000000013         0.17488309858772233
50.52000000000013         0.17466354926684854
50.54000000000014         0.1751039624562408
50.56000000000014         0.17621727588675098
50.58000000000013         0.17803152693029345
50.60000000000015         0.18059099067581014
50.62000000000017         0.18395831773223045
50.64000000000016         0.18821756525293257
50.66000000000015         0.19347869520845942
50.68000000000016         0.19988333383358603
50.70000000000018         0.20761222226726087
50.720000000000184        0.21689593628216025
50.740000000000194        0.22802888259332538
50.76000000000019         0.2413892163332051
50.780000000000186        0.2574645888329855
50.80000000000018         0.27688506067166396
50.820000000000185        0.3004657742171592
50.840000000000195        0.3292561734509601
50.8600000000002          0.3645634193726552
50.880000000000194        0.40792538994664057
50.90000000000018         0.46074251160329804
50.9200000000002          0.5230128059973644
50.9400000000002          0.5903624976304238
50.96000000000019         0.6516092501950487
50.98000000000019         0.6949628459296109
51.00000000000019         0.7191886837307103
51.020000000000195        0.7302108640183074
51.04000000000019         0.7332505568155726
51.06000000000019         0.730091642984763
51.0800000000002          0.7189251547281673
51.100000000000186        0.6945650236866726
51.1200000000002          0.6510539239644768
51.14000000000021         0.5896320236138856
51.16000000000019         0.5220853252187629
51.18000000000019         0.4595942656172018
51.200000000000195        0.40653586183059987
51.22000000000018         0.36291744159435135
51.240000000000194        0.32734339105566407
51.260000000000176        0.29828263073910244
51.280000000000186        0.2744233268385157
51.300000000000196        0.25472014705510526
51.32000000000018         0.23835964584594815
51.34000000000017         0.22471270309592606
51.3600000000002          0.2132923464416241
51.3800000000002          0.20371958999576387
51.400000000000205        0.19570098404577801
51.420000000000215        0.1890045426988861
51.440000000000225        0.1834491430690072
51.46000000000022         0.17889293046999027
51.480000000000224        0.17522545224122157
51.50000000000022         0.17236179087499834
51.520000000000216        0.17023824582083497
51.54000000000021         0.1688092875432841
51.56000000000023         0.16804546300353518
51.58000000000025         0.1679320613732626
51.600000000000236        0.16846838891802596
51.620000000000246        0.16966779345653138
51.64000000000025         0.17155825791034218
51.66000000000025         0.17418358878471915
51.68000000000025         0.17760587129967215
51.700000000000244        0.18190802651388702
51.72000000000027         0.18719839483358203
51.74000000000026         0.19361613894096116
51.76000000000026         0.20133843125107276
51.78000000000027         0.21059141040113327
51.800000000000274        0.22166487936719168
51.82000000000026         0.23493046047606012
51.84000000000027         0.25086669235102166
51.86000000000029         0.27009200726657384
51.88000000000029         0.29340659868823066
51.900000000000276        0.3218399404038701
51.920000000000286        0.3566773480667225
51.940000000000296        0.3994258358050331
51.9600000000003          0.4514583284382369
51.9800000000003          0.5127608546364801
52.00000000000032         0.5790005826179859
52.0200000000003          0.6391358555486131
52.04000000000031         0.681590930530494
52.0600000000003          0.7052559597000316
52.080000000000304        0.716007875344207
52.10000000000031         0.7189755022475961
52.12000000000031         0.7159068361722505
52.140000000000306        0.7050310778871021
52.1600000000003          0.6811631540452773
52.18000000000032         0.6385115899168496
52.200000000000315        0.5784343535155315
52.220000000000304        0.5120781105544511
52.24000000000031         0.45065221366585356
52.260000000000296        0.3984877606217678
52.2800000000003          0.3555997001852166
52.3000000000003          0.3206175737209424
52.320000000000306        0.29203686328455464
52.340000000000316        0.2685687656230683
52.360000000000326        0.2491865357571459
52.38000000000033         0.23309131978396755
52.40000000000032         0.2196653500796186
52.42000000000033         0.20843047676808116
52.44000000000033         0.1990152909908379
52.46000000000033         0.1911300884926953
52.48000000000033         0.18454777643793005
52.500000000000355        0.17909128857543666
52.520000000000344        0.17462089164668199
52.54000000000034         0.17102817984234292
52.560000000000336        0.16822983864849692
52.58000000000033         0.16616344479458234
52.60000000000036         0.16478439968105188
52.62000000000036         0.16406389959106527
52.64000000000037         0.16398764222645104
52.660000000000366        0.16455517019576987
52.68000000000037         0.16577983608255942
52.70000000000038         0.16768940904037002
52.720000000000375        0.17032735504926894
52.740000000000364        0.1737547321794667
52.760000000000375        0.17805370396227604
52.7800000000004          0.18333094462805713
52.80000000000039         0.18972372663389625
52.82000000000039         0.1974074399928477
52.8400000000004          0.20660586750154025
52.860000000000404        0.21760497923424524
52.88000000000041         0.2307714997413975
52.90000000000041         0.24657767754894724
52.920000000000435        0.2656339065215517
52.94000000000041         0.28873001972885753
52.96000000000041         0.3168823237828312
52.980000000000416        0.35136894422201453
53.000000000000426        0.3936855808360544
53.020000000000415        0.4451070398533265
53.04000000000042         0.5057100120194906
53.060000000000414        0.5711566265065768
53.08000000000042         0.6305053078416534
53.10000000000043         0.672329387551065
53.12000000000041         0.6956026986982452
53.14000000000041         0.7061663790596777
53.160000000000416        0.7090814156852345
53.18000000000042         0.7060676981592889
53.2000000000004          0.6953851547008179
53.22000000000042         0.6719217286768094
53.24000000000041         0.6299211268157084
53.2600000000004          0.57065415553234
53.28000000000041         0.5052494645544814
53.30000000000041         0.4444571331619984
53.32000000000041         0.3929193947645981
53.34000000000044         0.35054351070727796
53.36000000000041         0.3159764938140183
53.380000000000415        0.2877324947070802
53.40000000000042         0.2645387908540409
53.42000000000044         0.24538157903656155
53.44000000000043         0.22947216525257552
53.460000000000434        0.2162006879065909
53.480000000000416        0.2050951424229771
53.50000000000044         0.19578890786053807
53.52000000000045         0.1879960243697505
53.54000000000045         0.18149266542865755
53.560000000000464        0.1761031130061005
53.580000000000446        0.17169043908998502
53.60000000000047         0.16814732597194693
53.62000000000046         0.16539155906396236
53.64000000000047         0.16336155593474078
53.66000000000048         0.16201338043547314
53.68000000000048         0.16131868530420068
53.70000000000049         0.16126343413207012
53.720000000000475        0.1618472660675903
53.74000000000048         0.16308350220205498
53.76000000000048         0.16499973525310085
53.78000000000049         0.16763908858006443
53.80000000000049         0.17106224484148994
53.820000000000505        0.17535039313767856
53.8400000000005          0.18060900132478228
53.86000000000051         0.18697456513525182
53.88000000000052         0.19462057879299507
53.9000000000005          0.2037686696486069
53.92000000000051         0.21470204578057492
53.940000000000516        0.22778385776653726
53.96000000000053         0.24348173683884486
53.98000000000053         0.26240010005236847
54.00000000000053         0.285321079373498
54.02000000000055         0.31325113125994525
54.04000000000054         0.34745608263393496
54.06000000000056         0.38941727162306644
54.08000000000054         0.44048056791398754
54.100000000000534        0.5005766332342716
54.120000000000545        0.5653091593056107
54.14000000000055         0.6240646515779932
54.16000000000055         0.6654161243705727
54.18000000000055         0.6883976192032226
54.20000000000054         0.698821752728463
54.22000000000054         0.7016990548986561
54.24000000000053         0.6987290747138737
54.26000000000054         0.688193407250707
54.28000000000054         0.6650317360173625
54.30000000000054         0.6235158882780925
54.32000000000054         0.5648580598359776
54.34000000000055         0.5000773166523111
54.36000000000055         0.439930322774894
54.38000000000054         0.3887795896274464
54.40000000000056         0.34678913547974605
54.420000000000556        0.3125348984026063
54.440000000000545        0.28454488650909354
54.46000000000055         0.26155836820800615
54.48000000000057         0.2425712073468185
54.50000000000056         0.22680229940848576
54.520000000000564        0.21364768859687377
54.54000000000056         0.20263996073314197
54.56000000000057         0.19341607103314565
54.580000000000574        0.18569285556549786
54.60000000000058         0.1792486813135556
54.620000000000566        0.17390977491357973
54.640000000000576        0.16954005570046193
54.66000000000059         0.16603348493192352
54.68000000000059         0.16330890532170173
54.70000000000059         0.16130523157430213
54.720000000000596        0.15997901877936238
54.740000000000606        0.15930227452662568
54.76000000000061         0.15926117126168976
54.78000000000061         0.15985542065362715
54.80000000000063         0.1610982744610417
54.82000000000061         0.16301714674006748
54.840000000000614        0.1656548838689501
54.86000000000062         0.1690717632755276
54.88000000000062         0.17334840559590076
54.900000000000624        0.17858984184103363
54.92000000000063         0.18493106098000803
54.94000000000066         0.19254381117049757
54.96000000000064         0.2016491562714226
54.98000000000064         0.21252769142207667
55.000000000000654        0.22553982609251358
55.02000000000064         0.24114964851010082
55.040000000000646        0.2599569784730919
55.060000000000656        0.2827379922788398
55.08000000000067         0.31049152856508744
55.10000000000066         0.3444739096794489
55.12000000000067         0.3861553814908961
55.14000000000066         0.43687125617613604
55.16000000000067         0.49654922561968373
55.180000000000675        0.5608064209414347
55.20000000000064         0.619112966484771
55.220000000000645        0.6601048621418962
55.24000000000064         0.6828664642038923
55.26000000000066         0.6931862273911489
55.28000000000065         0.6960359491637462
55.30000000000065         0.6930999481656767
55.32000000000065         0.6826765240033829
55.34000000000064         0.6597451874959025
55.360000000000646        0.6186002861684287
55.38000000000065         0.5604103164196329
55.400000000000645        0.49611009822922564
55.42000000000066         0.4363954566354777
55.44000000000066         0.38564373679034325
55.460000000000655        0.34392461657558826
55.480000000000665        0.3099026038731643
55.50000000000066         0.28210857289998154
55.520000000000664        0.25928189692387205
55.540000000000674        0.24042587518705183
55.56000000000068         0.22476523846491087
55.5800000000007          0.21170057042275398
55.60000000000068         0.20076798440161903
55.6200000000007          0.19160718303709867
55.64000000000069         0.18393714963397728
55.66000000000069         0.17753793493721812
55.68000000000069         0.17223708890796793
55.7000000000007          0.16789957106861683
55.72000000000072         0.16442025653004
55.7400000000007          0.1617183884385417
55.76000000000071         0.15973346757133874
55.780000000000705        0.15842250133753513
55.80000000000071         0.15775768521799435
55.820000000000704        0.15772535629865356
55.84000000000072         0.15832531162406122
55.86000000000074         0.15957079357655418
55.88000000000073         0.1614890777177094
55.90000000000073         0.1641227384555223
55.92000000000073         0.16753167206445121
55.940000000000744        0.17179601904707673
55.96000000000073         0.17702019344833755
55.98000000000073         0.18333837944205328
56.00000000000077         0.19092197700658367
56.02000000000075         0.19998862907593726
56.04000000000077         0.21081928555846216
56.06000000000076         0.22377145093683187
56.080000000000766        0.2393063732918258
56.10000000000076         0.2580202088878462
56.12000000000077         0.28068439798419376
56.14000000000079         0.3082917067847383
56.16000000000077         0.3420908937716828
56.18000000000079         0.3835434283405802
56.20000000000078         0.43397632640458766
56.22000000000079         0.4933149724697429
56.240000000000784        0.5571926937096376
56.26000000000077         0.6149555359197941
56.28000000000078         0.6557342726916257
56.300000000000765        0.6784069144529796
56.32000000000078         0.6886404502902747
56.34000000000078         0.6914664906179104
56.36000000000078         0.688556073386783
56.38000000000076         0.6782199025078668
56.400000000000766        0.6554691773127589
56.42000000000077         0.6146186738069067
56.44000000000077         0.556805473447239
56.46000000000077         0.49289605380510365
56.48000000000077         0.43353426909544307
56.50000000000079         0.38307931145540924
56.520000000000785        0.3416026451881659
56.54000000000079         0.30777635480452875
56.56000000000078         0.2801389331228881
56.58000000000079         0.25744523152490395
56.60000000000079         0.23869538542154206
56.62000000000079         0.22312220721359813
56.64000000000081         0.2101299791904736
56.660000000000785        0.19925768794949617
56.68000000000081         0.1901472736895731
56.7000000000008          0.18251946564806892
56.7200000000008          0.17615568030573645
56.74000000000082         0.1708845374468804
56.76000000000082         0.16657183579270457
56.78000000000084         0.16311310615308364
56.80000000000083         0.16042809872251676
56.82000000000083         0.1584567382771918
56.840000000000835        0.15715619340843712
56.86000000000083         0.15649896822900555
56.880000000000834        0.1564714685502997
56.90000000000084         0.15707352535703914
56.92000000000083         0.158318348848179
56.94000000000084         0.16023312421414895
56.96000000000086         0.16286024995594714
56.98000000000086         0.166259314579684
57.00000000000085         0.17051000227609883
57.02000000000086         0.17571613167431696
57.040000000000866        0.18201116192337613
57.06000000000086         0.18956558172479349
57.08000000000086         0.19859686815208458
57.10000000000088         0.2093828989723257
57.12000000000087         0.2222779417822541
57.14000000000089         0.2377440568301565
57.16000000000089         0.25637275368189744
57.18000000000089         0.27893133448517404
57.200000000000884        0.30640725512517086
57.22000000000088         0.3400426289216858
57.24000000000092         0.3812911774232022
57.2600000000009          0.4314726439018602
57.280000000000896        0.4905108098221506
57.30000000000089         0.5540548790516941
57.32000000000089         0.6114962982431277
57.34000000000088         0.6520251752612221
57.36000000000087         0.6745394473810847
57.380000000000884        0.6847148449207786
57.40000000000088         0.6875165229851113
57.4200000000009          0.6846306398610698
57.44000000000088         0.6743737195076115
57.46000000000088         0.651785008727245
57.48000000000088         0.6111947116323645
57.500000000000895        0.5537085724794787
57.520000000000906        0.4901342530372791
57.540000000000894        0.43107371508167835
57.56000000000091         0.38087215596718366
57.5800000000009          0.3396028119506367
57.60000000000091         0.3059447171501946
57.6200000000009          0.27844378350374
57.64000000000092         0.2558578974606402
57.660000000000906        0.23720245179536417
57.68000000000091         0.22170421362815357
57.700000000000905        0.2087739714445534
57.72000000000092         0.19795315721987486
57.74000000000094         0.18888561508294813
57.76000000000094         0.1812935660033008
57.78000000000095         0.17495960171055328
57.800000000000935        0.16971326589178243
57.820000000000924        0.16542107759936017
57.84000000000094         0.16197912376103646
57.86000000000093         0.15930758210336424
57.88000000000097         0.15734670042078824
57.90000000000095         0.1560539019189885
57.92000000000097         0.1554017884716278
57.94000000000096         0.15537689568253035
57.96000000000095         0.15597906526127278
57.98000000000097         0.15722145042742844
58.00000000000097         0.15913111772514837
58.02000000000097         0.16175028235652383
58.04000000000097         0.16513828655504537
58.060000000000976        0.16937446328158656
58.080000000000986        0.17456212234177068
58.10000000000098         0.18083403124447317
58.12000000000098         0.18835980036355823
58.140000000001           0.19735583003271687
58.160000000001006        0.2080986348521972
58.18000000000101         0.22094275183089684
58.200000000001005        0.2363446593453499
58.220000000001015        0.2548908409302253
58.240000000001004        0.2773510139978392
58.26000000000101         0.30470515405005233
58.28000000000101         0.33818944536661116
58.30000000000104         0.3792507286108648
58.320000000001016        0.4292022966144656
58.34000000000102         0.48796642574721805
58.36000000000102         0.55120590299728
58.380000000001026        0.6083518842328703
58.40000000000101         0.6486485232951056
58.420000000001004        0.6710205962653699
58.44000000000101         0.6811285300682479
58.460000000000996        0.6839120079072926
58.48000000000102         0.6810464060480219
58.500000000001           0.6708583063352852
58.52000000000101         0.6484120164675788
58.54000000000101         0.608054085321372
58.56000000000101         0.550865546599058
58.580000000001014        0.4876000031580248
58.60000000000102         0.42881830081581085
58.62000000000102         0.37885125120166174
58.64000000000102         0.3377734828691883
58.66000000000103         0.3042705642315557
58.68000000000102         0.27689536814018484
58.700000000001026        0.25441176822108025
58.720000000001036        0.23583725004120237
58.74000000000103         0.22040846343363563
58.760000000001035        0.20753698774821072
58.78000000000102         0.1967632410093758
58.800000000001056        0.18773481764613248
58.82000000000105         0.1801753068447795
58.84000000000105         0.17386836669671615
58.86000000000106         0.16864437945298227
58.88000000000106         0.16437053028331214
58.900000000001064        0.16094343312373502
58.92000000000107         0.1582836680121404
58.94000000000108         0.15633177704105655
58.96000000000107         0.15504539015491917
58.98000000000107         0.1543972447433639
59.00000000000107         0.15437393786996007
59.0200000000011          0.15497532166556519
59.040000000001086        0.15621454102225346
59.06000000000109         0.15811847743177862
59.08000000000111         0.16072917970831654
59.100000000001096        0.1641057226535162
59.1200000000011          0.16832709318026864
59.140000000001095        0.1734961657544813
59.1600000000011          0.17974511304239854
59.18000000000111         0.1872427378875761
59.20000000000111         0.196204379372549
59.22000000000112         0.20690522487261123
59.240000000001125        0.21969814420439054
59.260000000001135        0.23503747721851867
59.28000000000113         0.2535103178050799
59.30000000000113         0.275872727423152
59.320000000001116        0.3031102196026194
59.34000000000113         0.33644995947613765
59.360000000001136        0.37733220326807215
59.38000000000115         0.42706409069401025
59.40000000000115         0.48556669279532644
59.42000000000113         0.5485167977759791
59.44000000000113         0.6053850473393576
59.46000000000113         0.645466672823095
59.48000000000113         0.66770877307168
59.500000000001116        0.6777555959518715
59.52000000000111         0.6805229525642543
59.540000000001115        0.6776706798509347
59.560000000001104        0.6675594901582556
59.58000000000113         0.6452397163352157
59.600000000001124        0.605099462611136
59.620000000001134        0.5481908045281575
59.64000000000113         0.4852164244457892
59.66000000000114         0.42669795306212116
59.68000000000112         0.37695235627669
59.70000000000113         0.3360555182101606
59.72000000000115         0.3026991615433334
59.74000000000114         0.2754427335821166
59.76000000000115         0.2530557505101074
59.78000000000115         0.2345602319873139
59.80000000000115         0.2191963763306887
59.82000000000114         0.20637710302179157
59.840000000001154        0.19564821937010515
59.86000000000117         0.18665768428198623
59.88000000000116         0.17912884941109808
59.90000000000117         0.17284736076447013
59.920000000001174        0.167644387051803
59.94000000000118         0.1633877229590167
59.96000000000118         0.15997445630202875
59.98000000000118         0.15732554227708145
60.00000000000118         0.15538181810907087
60.0200000000012          0.15410112535142162
60.0400000000012          0.15345633217356144
60.060000000001196        0.1534340948017817
60.08000000000119         0.15403426578906
60.1000000000012          0.15526988934822508
60.1200000000012          0.15716785822826274
60.14000000000121         0.15976990498736315
60.16000000000122         0.16313488454400385
60.180000000001236        0.1673414321355551
60.20000000000122         0.17249196990329635
60.22000000000123         0.1787181077784201
60.24000000000124         0.1861879314871747
60.26000000000124         0.19511581619521812
60.28000000000126         0.20577567783044085
60.30000000000124         0.21851874463860804
60.32000000000126         0.23379729232072055
60.340000000001254        0.2521957722711868
60.36000000000126         0.2744701415506366
60.38000000000127         0.3015923551772938
60.40000000000126         0.334791978997961
60.420000000001295        0.3755017397225994
60.44000000000126         0.4250222330220021
60.46000000000129         0.48327346593707693
60.480000000001276        0.5459458511493713
60.50000000000126         0.6025481510749314
60.52000000000126         0.6424244620672753
60.540000000001264        0.6645427051973348
60.56000000000126         0.6745312592632262
60.58000000000125         0.677282966764487
60.60000000000126         0.6744483978297897
60.620000000001255        0.6643967025155353
60.64000000000127         0.6422906543436626
60.66000000000126         0.6024368485463762
60.680000000001264        0.5456244496224738
60.70000000000127         0.48293057778534126
60.72000000000128         0.42466657737734614
60.74000000000128         0.3751351573451241
60.76000000000129         0.33441323748206386
60.7800000000013          0.30119851716145135
60.80000000000129         0.2740568370237576
60.8200000000013          0.25176319836276584
60.840000000001304        0.23334401499595905
60.8600000000013          0.21804291572015377
60.88000000000131         0.20527547706990332
60.900000000001306        0.19458956360273486
60.92000000000134         0.18563405701152622
60.940000000001326        0.1781355746532236
60.96000000000133         0.17187871433555266
60.98000000000132         0.1666960774100125
61.000000000001336        0.16245605135922578
61.020000000001346        0.15905618143351208
61.04000000000135         0.15641776742996208
61.060000000001374        0.1544819009389854
61.08000000000135         0.1532066175074809
61.10000000000135         0.15256492870040442
61.120000000001355        0.15254357171113747
61.140000000001365        0.1531424093240467
61.16000000000136         0.1543744266209167
61.180000000001364        0.15626632954009573
61.200000000001396        0.15885977038799678
61.22000000000137         0.16221345148440663
61.24000000000137         0.16640542848989434
61.260000000001384        0.17153778045288148
61.2800000000014          0.17774154751554402
61.3000000000014          0.18518410091722498
61.32000000000139         0.19407892292030954
61.34000000000142         0.20469875197826554
61.360000000001406        0.21739327044777534
61.380000000001424        0.23261272375807707
61.40000000000142         0.2509389830916092
61.42000000000142         0.27312470937174904
61.440000000001426        0.30013764760850836
61.46000000000142         0.3331930965915952
61.480000000001446        0.373710052738231
61.50000000000143         0.4230602282658132
61.52000000000143         0.48106797055651235
61.54000000000142         0.5434720775560983
61.56000000000144         0.5998191548369145
61.58000000000143         0.6395004289637843
61.60000000000141         0.6615021741153162
61.62000000000141         0.6714364859553329
61.6400000000014          0.6741743369921384
61.66000000000143         0.6713579831946486
61.68000000000141         0.6613653285810925
61.700000000001424        0.6393810561143045
61.72000000000141         0.599727341370179
61.740000000001416        0.5431829074332802
61.76000000000143         0.4807469527604649
61.780000000001436        0.42272558962208207
61.800000000001454        0.37339851384841205
61.82000000000145         0.33284374391450916
61.84000000000145         0.2997645956919934
61.86000000000146         0.27273291538901356
61.88000000000145         0.2505288856911459
61.90000000000146         0.23218308140359553
61.92000000000147         0.21694238589006778
61.94000000000149         0.20422490083991304
61.96000000000147         0.19358044868632923
61.98000000000148         0.18465943280721703
62.000000000001485        0.177189196407688
62.0200000000015          0.17095633304215918
62.0400000000015          0.1657937325910181
62.0600000000015          0.1615698678491494
62.08000000000152         0.15818303978027526
62.1000000000015          0.15555488587002222
62.12000000000151         0.15362674732266635
62.140000000001514        0.15235683054373816
62.160000000001524        0.15171825125082264
62.18000000000153         0.15169780980149028
62.20000000000153         0.15229539518383983
62.22000000000156         0.15352396416082126
62.24000000000156         0.15541012214253608
62.26000000000155         0.15799534474622226
62.28000000000155         0.1613379357204257
62.30000000000155         0.16551585288529821
62.32000000000156         0.17063095622956492
62.34000000000157         0.17681322631318808
62.360000000001584        0.18422955240281388
62.38000000000158         0.19309253063096385
62.400000000001576        0.20367378834228347
62.420000000001586        0.2163215662575804
62.440000000001575        0.23148421660869223
62.46000000000157         0.24974112159710268
62.48000000000159         0.27184175263965477
62.5000000000016          0.2987498111166429
62.5200000000016          0.33167556288566186
62.5400000000016          0.3720321625788823
62.5600000000016          0.4211038032963399
62.580000000001576        0.4789598291035327
62.6000000000016          0.5411069117419725
62.620000000001575        0.5972101344491807
62.64000000000156         0.6367058270588868
62.66000000000153         0.6585971179396017
62.68000000000157         0.6684800390513166
62.70000000000153         0.6712045421479114
62.720000000001555        0.6684047586963577
62.74000000000157         0.6584665101873952
62.760000000001575        0.636595223666547
62.78000000000157         0.5971294464295935
62.800000000001575        0.5408311529154056
62.820000000001585        0.4785458450227405
62.840000000001574        0.4207847979959611
62.86000000000161         0.3717368425410218
62.88000000000163         0.3313435300333402
62.900000000001604        0.2983952298924782
62.920000000001615        0.2714696562175725
62.94000000000162         0.24935203593727898
62.96000000000163         0.23107698047832922
62.98000000000163         0.21589452291575015
63.00000000000164         0.20322520441525121
63.02000000000163         0.1926207364306991
63.04000000000163         0.18373298914535352
63.06000000000166         0.17629044872163802
63.08000000000162         0.1700806020996308
63.10000000000166         0.16493682443591567
63.120000000001674        0.16072863274335075
63.14000000000164         0.15735454630710285
63.160000000001645        0.15473630805106245
63.18000000000166         0.152815648499958
63.20000000000167         0.1515509475839607
63.220000000001676        0.150915429952617
63.240000000001686        0.15089594164353248
63.2600000000017          0.15149236122014323
63.2800000000017          0.15271760134056567
63.30000000000172         0.15459818811514334
63.32000000000168         0.15717545939070474
63.3400000000017          0.16050749552210017
63.360000000001705        0.16467193817309395
63.3800000000017          0.16976991436974617
63.40000000000172         0.17593183805355356
63.420000000001714        0.18332296436782244
63.44000000000172         0.19215535069887546
63.460000000001706        0.20269953430131776
63.48000000000173         0.21530237992560183
63.500000000001705        0.23041046705773757
63.52000000000173         0.24860084861609605
63.54000000000175         0.27061995179472376
63.56000000000173         0.29742758908002204
63.58000000000176         0.3302292160857443
63.60000000000175         0.3704324174799399
63.620000000001774        0.4193162260253794
63.640000000001734        0.4768415043944966
63.660000000001745        0.5388609970241596
63.68000000000173         0.5947206578554781
63.70000000000173         0.6340392786107971
63.72000000000172         0.6558252740329517
63.740000000001714        0.6656592782734507
63.76000000000172         0.6683711602879255
63.78000000000171         0.6655872870452103
63.80000000000172         0.6557010304390597
63.82000000000172         0.6339376294107121
63.840000000001744        0.5946513326983893
63.86000000000175         0.5385882182133782
63.88000000000173         0.4765499756966153
63.90000000000176         0.4190130999131138
63.920000000001764        0.3701196996171469
63.940000000001774        0.3299063569303123
63.96000000000179         0.29709234095236564
63.9800000000018          0.2702685246111403
64.00000000000179         0.24823384561773398
64.02000000000179         0.23002676619776727
64.0400000000018          0.21490032422869154
64.06000000000179         0.20227738831614614
64.0800000000018          0.1917114724397955
64.1000000000018          0.18285584662519794
64.12000000000181         0.17544008798812644
64.14000000000182         0.16925253634291285
64.16000000000182         0.16412723468262946
64.18000000000183         0.15993422239598135
64.20000000000182         0.15657232795401316
64.2200000000018          0.15396389833218554
64.24000000000184         0.15205060688971642
64.26000000000184         0.15079109856568268
64.28000000000183         0.15015870720146998
64.30000000000186         0.15014033341807437
64.32000000000185         0.15073585538229656
64.34000000000185         0.15195812607762357
64.36000000000185         0.15383355877044977
64.38000000000186         0.15640334334686798
64.40000000000187         0.15972536755626396
64.42000000000188         0.1638770058606885
64.44000000000187         0.16895900495989055
64.46000000000188         0.17510080953440454
64.48000000000188         0.18246775244752964
64.50000000000188         0.19127170410641953
64.52000000000189         0.20178059371562101
64.54000000000187         0.2143406273599026
64.56000000000189         0.22939668779567957
64.5800000000019          0.2475236428682304
64.60000000000191         0.26946505671908544
64.6200000000019          0.29617703781482974
64.6400000000019          0.328860413336822
64.66000000000192         0.3689174226440908
64.68000000000193         0.4176221591473945
64.7000000000019          0.4749348040593905
64.7200000000019          0.5367205581820899
64.74000000000188         0.5925302867254149
64.76000000000188         0.6316015989727822
64.78000000000188         0.6532013170836727
64.80000000000186         0.662990293553238
64.82000000000187         0.6656907154635591
64.84000000000188         0.6629217246780335
64.86000000000186         0.6530837347675074
64.88000000000189         0.6314207088772377
64.90000000000188         0.5923025911050438
64.92000000000188         0.5364618105161153
64.94000000000189         0.4746584302345569
64.96000000000191         0.41733503412700634
64.98000000000194         0.36862151488935535
65.00000000000192         0.32855524134859015
65.02000000000194         0.29586112081506905
65.04000000000191         0.26913335911437947
65.06000000000195         0.24717748209188473
65.08000000000195         0.2290349584284749
65.10000000000194         0.21396169511078228
65.12000000000195         0.2013827786237767
65.14000000000195         0.19085343179913283
65.16000000000196         0.18202824422077135
65.18000000000198         0.17463782087981342
65.20000000000195         0.16847131279826089
65.22000000000197         0.16336340573435315
65.24000000000197         0.15918464265917406
65.260000000002           0.15583424033446605
65.28000000000199         0.15323477528610374
65.30000000000199         0.15132829183467167
65.32000000000198         0.15007352034400143
65.340000000002           0.14944384330276206
65.360000000002           0.14942625346082863
65.38000000000201         0.15002063301404742
65.40000000000201         0.15123978892795886
65.42000000000202         0.15311003226426984
65.44000000000202         0.1556723856407731
65.46000000000203         0.1589845134653786
65.48000000000202         0.1631235190045073
65.50000000000203         0.16818980841030154
65.52000000000204         0.1743123744071084
65.54000000000201         0.18165593974326538
65.56000000000203         0.19043060852512633
65.58000000000204         0.200904835537141
65.60000000000205         0.21342480764715013
65.62000000000205         0.22843053427455917
65.64000000000206         0.24649617172435057
65.66000000000206         0.2683625666398206
65.68000000000208         0.29498230705961925
65.70000000000208         0.3275517852439889
65.72000000000207         0.3674680801456854
65.74000000000208         0.41600053799127473
65.76000000000207         0.47310873626396033
65.78000000000208         0.5346700340267013
65.80000000000207         0.5902685156203785
65.82000000000204         0.6291818719388881
65.84000000000201         0.6506954520595489
65.86000000000202         0.6604355960693759
65.88000000000203         0.6631252653960639
65.90000000000201         0.660370481855746
65.92000000000203         0.6505783402961322
65.94000000000203         0.6290107350773679
65.96000000000205         0.5900530564454055
65.98000000000204         0.5344253177977869
66.00000000000206         0.4728476309000173
66.02000000000206         0.4157296358434475
66.04000000000207         0.36718927462311657
66.0600000000021          0.32726462891437935
66.0800000000021          0.29468537976095627
66.10000000000208         0.26805410294203186
66.12000000000208         0.24617434530491072
66.1400000000021          0.2280909566627679
66.16000000000211         0.2130692000583091
66.1800000000021          0.20053300483103487
66.2000000000021          0.19003921774376162
66.22000000000216         0.18124369430743187
66.24000000000213         0.17387803108776342
66.26000000000214         0.167732150837831
66.28000000000213         0.1626413401162076
66.30000000000214         0.15847661675824773
66.32000000000214         0.15513758060590446
66.34000000000215         0.15254711650145503
66.36000000000217         0.15064749666611585
66.38000000000216         0.14939758516427673
66.40000000000217         0.148770913346968
66.42000000000216         0.14875447487347002
66.44000000000217         0.14934816007729487
66.46000000000217         0.15056474221025934
66.48000000000218         0.15243044499559458
66.50000000000222         0.1549861491813193
66.5200000000022          0.15828931017504452
66.54000000000218         0.16241674382365892
66.56000000000219         0.1674685043005505
66.5800000000022          0.17357315527162698
66.6000000000022          0.1808948773793207
66.62000000000222         0.18964305348628657
66.64000000000225         0.2000851918676628
66.66000000000221         0.21256429320454626
66.68000000000222         0.22752469621007748
66.7000000000022          0.2455326487819533
66.72000000000223         0.2673283734103367
66.74000000000223         0.2938611410081825
66.76000000000222         0.3263231606283645
66.78000000000226         0.36610659131846335
66.80000000000224         0.4144762266602217
66.82000000000224         0.4713911564839669
66.84000000000223         0.5327408135703541
66.86000000000223         0.5881417538430571
66.8800000000022          0.6269094512438204
66.90000000000218         0.6483389001859695
66.92000000000219         0.6580347371416604
66.94000000000217         0.6607210261593036
66.9600000000022          0.6579798968201359
66.98000000000216         0.648230712784129
67.00000000000222         0.626752318105768
67.0200000000022          0.5879448127451782
67.04000000000222         0.5325168628157833
67.0600000000022          0.47115108134135125
67.08000000000224         0.4142260270544702
67.10000000000224         0.36584833778769005
67.12000000000225         0.32605675099984655
67.14000000000227         0.2935854384581803
67.16000000000226         0.26704181506404584
67.18000000000227         0.24523359035702907
67.20000000000226         0.22721156948394614
67.22000000000227         0.21223761070918137
67.24000000000225         0.19973968231982545
67.2600000000023          0.189279373450569
67.2800000000023          0.180511790782086
67.30000000000229         0.17316946573638714
67.3200000000023          0.16704305080296605
67.34000000000229         0.16196840183690922
67.3600000000023          0.1578169779792951
67.38000000000231         0.15448871499505876
67.40000000000231         0.15190675295226666
67.42000000000233         0.15001357150976152
67.44000000000231         0.14876820737871285
67.46000000000232         0.14814431541089118
67.48000000000233         0.14812895803769208
67.50000000000232         0.14872199635733416
67.52000000000234         0.14993618226890287
67.54000000000234         0.1517976464279955
67.56000000000236         0.15434713939684686
67.58000000000236         0.1576419316046262
67.60000000000237         0.16175858540981936
67.62000000000236         0.16679681364899548
67.64000000000236         0.17288474580435828
67.66000000000236         0.18018603844346495
67.68000000000235         0.1889094195531532
67.70000000000238         0.19932155053492925
67.72000000000239         0.21176431344735264
67.7400000000024          0.22667794776647018
67.76000000000238         0.24463150855907942
67.7800000000024          0.2663647069407627
67.8000000000024          0.2928165956576818
67.8200000000024          0.32517885771324895
67.84000000000243         0.36483923277169605
67.86000000000239         0.4130583862873418
67.88000000000237         0.4697948217077692
67.90000000000238         0.5309482385948825
67.92000000000236         0.5861635589350637
67.94000000000236         0.624791358494547
67.96000000000235         0.6461384738599826
67.98000000000233         0.6557962661002898
68.00000000000233         0.6584727381207148
68.02000000000233         0.6557497019478487
68.04000000000234         0.6460284205307396
68.06000000000236         0.6246394299727503
68.08000000000237         0.5859723738150278
68.10000000000237         0.5307314614437547
68.12000000000238         0.46956417090631475
68.1400000000024          0.412819902384695
68.16000000000238         0.3645946778716547
68.18000000000242         0.3249278358026768
68.2000000000024          0.292557753384805
68.22000000000241         0.2660963803151154
68.24000000000242         0.24435531768679955
68.2600000000024          0.22638845103895566
68.28000000000246         0.21146003511988537
68.30000000000243         0.19900127102249018
68.32000000000244         0.18857200591434356
68.34000000000245         0.17982973307315817
68.36000000000244         0.1725093608686984
68.38000000000245         0.1664012660284661
68.40000000000246         0.16134183970222488
68.42000000000246         0.15720295901231604
68.44000000000247         0.15388488331328992
68.46000000000247         0.15131099759536007
68.48000000000248         0.1494239574339
68.50000000000249         0.14818291890511884
68.52000000000247         0.14756163251976406
68.54000000000248         0.14754723864323277
68.56000000000247         0.14813966016549418
68.5800000000025          0.14935159623865565
68.60000000000251         0.15120903433806768
68.62000000000249         0.15375269680440326
68.64000000000252         0.15703963607104607
68.66000000000251         0.16114618063682726
68.68000000000251         0.16617173555246376
68.7000000000025          0.17224402527449903
68.7200000000025          0.17952618517505936
68.74000000000252         0.18822630734746754
68.76000000000253         0.1986102494364752
68.78000000000253         0.21101886345089935
68.80000000000254         0.2258910312563867
68.82000000000255         0.24379404467037166
68.84000000000253         0.2654621250508087
68.86000000000251         0.29184039265136746
68.88000000000255         0.32410926602782714
68.90000000000256         0.36365347349731575
68.92000000000256         0.4117304206639404
68.94000000000256         0.4682981430920303
68.96000000000252         0.5292667014683011
68.98000000000252         0.5843090477535069
69.0000000000025          0.6228087468811593
69.02000000000248         0.6440815257950083
69.04000000000246         0.653705198637686
69.06000000000247         0.6563729543863569
69.08000000000247         0.6536611624857509
69.10000000000248         0.6439766245957805
69.1200000000025          0.6225772936591157
69.1400000000025          0.5839594352515445
69.1600000000025          0.5290618926351519
69.18000000000255         0.468080978084516
69.20000000000253         0.41150684654094755
69.22000000000254         0.3634253196748742
69.24000000000255         0.3238762296040233
69.26000000000255         0.2916018879727769
69.28000000000259         0.2652184933473797
69.30000000000257         0.24354128662863878
69.32000000000262         0.22562704941301234
69.34000000000259         0.2107422874016707
69.36000000000259         0.19831995173508216
69.38000000000261         0.1879212524444729
69.40000000000262         0.17920540561906165
69.42000000000262         0.171906164088692
69.44000000000261         0.1658165380549225
69.46000000000264         0.16077277049995134
69.48000000000263         0.15664714230969237
69.50000000000263         0.15334023056233065
69.52000000000261         0.15077566832128148
69.54000000000262         0.1488963013061431
69.56000000000263         0.1476614254903131
69.58000000000264         0.1470448862689922
69.60000000000267         0.1470338880834852
69.62000000000265         0.14762840204703345
69.64000000000267         0.14884114193155581
69.66000000000265         0.15069813204041804
69.68000000000268         0.1532399159359466
69.70000000000266         0.15652332606484393
69.72000000000266         0.16062476008243484
69.74000000000271         0.16564330415785247
69.76000000000269         0.17170639411752955
69.78000000000267         0.178976788285845
69.8000000000027          0.18766209263662
69.8200000000027          0.1980275442331357
69.84000000000272         0.210413197359741
69.86000000000269         0.22525689270471816
69.88000000000274         0.2431245644913162
69.9000000000027          0.26474867140780045
69.92000000000272         0.2910720613353092
69.94000000000271         0.3232811069249593
69.96000000000272         0.36276460985490233
69.98000000000272         0.4107017196340011
70.00000000000271         0.4671426360181574
70.0200000000027          0.5279713735731355
70.04000000000269         0.5828823777784436
70.06000000000266         0.621284636832838
70.08000000000264         0.6425008284977545
70.10000000000264         0.6520987482313404
70.12000000000265         0.6547609557068855
70.14000000000264         0.6520608942990431
70.16000000000264         0.6424117985433864
70.18000000000265         0.6210864214807227
70.20000000000265         0.5825949940480694
70.22000000000268         0.52786112670367
70.24000000000271         0.46709194572329527
70.26000000000272         0.4107185541141922
70.28000000000272         0.3628268887408145
70.30000000000271         0.32345478106106307
70.32000000000274         0.29134628973621046
70.34000000000275         0.265120362245652
70.36000000000274         0.24359503624011053
70.38000000000278         0.22582968031851594
70.40000000000276         0.2110931261545964
70.42000000000276         0.19882040731888834
70.44000000000278         0.18857462474441108
70.46000000000276         0.18001676002733016
70.48000000000278         0.1728827138905373
70.50000000000276         0.16696611894635738
70.5200000000028          0.16210534801108795
70.5400000000028          0.15817488717084752
70.56000000000279         0.15507686566748557
70.58000000000277         0.15273691095363554
70.6000000000028          0.15110004482717793
70.62000000000278         0.15012793883859002
70.6400000000028          0.14979705668703366
70.65                     0.14986846496282022
