% Model:              Untitled.mph
% Version:            COMSOL 5.6.0.280
% Date:               Sep 14 2021, 17:12
% Dimension:          1
% Nodes:              961
% Expressions:        1
% Description:        线图
% cln2x                   Height
22.400000000000006        0.17276285770763433
22.41999999999998         0.1727456174647455
22.43999999999998         0.17364520773722525
22.459999999999983        0.17549011019458405
22.47999999999998         0.17833349695578388
22.49999999999998         0.18225625214708013
22.519999999999982        0.1873716305062419
22.539999999999978        0.19383197104139333
22.55999999999999         0.2018380869292505
22.57999999999999         0.21165217545869566
22.599999999999994        0.2236153913188606
22.619999999999994        0.23817156096288136
22.639999999999986        0.255898725441936
22.65999999999999         0.2775464826830676
22.67999999999999         0.3040984477449952
22.699999999999992        0.3367909455201155
22.72                     0.3770921239195627
22.74                     0.4263467535712144
22.759999999999994        0.48437057821031076
22.779999999999994        0.5461558478896478
22.799999999999986        0.6010242745068914
22.81999999999998         0.6413277048995994
22.839999999999982        0.6643754718346145
22.859999999999985        0.6747035832791192
22.87999999999999         0.6775464885625495
22.899999999999995        0.6747359954392325
22.91999999999999         0.6644504219803212
22.939999999999984        0.6414075934952028
22.95999999999998         0.6010873690460713
22.979999999999972        0.5461653347840355
22.99999999999996         0.4842864416147753
23.019999999999964        0.42613759291337877
23.039999999999957        0.37673737540282626
23.059999999999953        0.3362770669744916
23.07999999999995         0.303415460668972
23.09999999999996         0.2766857863686234
23.119999999999955        0.2548485616521901
23.139999999999954        0.23692644426365564
23.159999999999958        0.22216478500538622
23.179999999999957        0.2099838082718896
23.19999999999996         0.19993786192987334
23.219999999999967        0.1916843728414329
23.23999999999996         0.18495738507129655
23.25999999999996         0.17955440232751488
23.279999999999966        0.17532021597317907
23.29999999999996         0.17213837814165284
23.31999999999996         0.16992440931846914
23.33999999999996         0.16862105189314186
23.359999999999967        0.16819514858269843
23.379999999999967        0.1686358725379528
23.39999999999997         0.16995414744292883
23.41999999999997         0.17218320449533916
23.43999999999997         0.1753803636889723
23.45999999999997         0.17963018503022482
23.47999999999997         0.18504963522322118
23.49999999999997         0.19179343820820788
23.519999999999975        0.20006546754209273
23.53999999999998         0.2101305182556918
23.559999999999974        0.22233220097664474
23.579999999999977        0.23711670886854977
23.599999999999984        0.2550643835459587
23.619999999999983        0.2769302096785796
23.639999999999986        0.3036910500805931
23.659999999999982        0.3365837865788941
23.679999999999982        0.37706902475186366
23.69999999999998         0.4264852240803417
23.719999999999978        0.48468702079833953
23.73999999999998         0.5467774852514963
23.759999999999984        0.6017903436211035
23.77999999999998         0.6422041274377788
23.79999999999998         0.6653182036932501
23.81999999999998         0.6756787858618085
23.83999999999998         0.6785335982026126
23.85999999999998         0.6757212541352405
23.879999999999974        0.6654191875979046
23.899999999999974        0.6424294193983684
23.919999999999963        0.6021312395081353
23.93999999999996         0.546971836038678
23.959999999999958        0.4848961856229392
23.979999999999954        0.4267030877005448
23.999999999999947        0.37729280137759263
24.019999999999946        0.336812935859388
24.039999999999942        0.30392555397519255
24.059999999999945        0.2771695049947251
24.079999999999938        0.2553123590436119
24.09999999999994         0.23737538838169317
24.11999999999994         0.22260288227986016
24.139999999999947        0.21041425896886878
24.159999999999958        0.20036325912686803
24.17999999999995         0.19210623687429504
24.199999999999953        0.1853783458890242
24.219999999999953        0.17997594685235496
24.23999999999995         0.1757436712299458
24.259999999999952        0.17256496648415598
24.27999999999995         0.17035529512090666
24.299999999999955        0.16905741550810183
24.319999999999965        0.16863809458227733
24.33999999999996         0.1690866278354919
24.359999999999957        0.17041403933985147
24.379999999999963        0.17265372147716773
24.399999999999963        0.1758632035153369
24.41999999999996         0.1801273027723422
24.43999999999996         0.1855629053272496
24.459999999999965        0.19232577828832237
24.47999999999997         0.20062003888831706
24.499999999999964        0.21071114428997684
24.519999999999964        0.2229435671352273
24.539999999999967        0.23776465560885202
24.559999999999963        0.2557563857261856
24.579999999999966        0.2776794848231612
24.599999999999966        0.3045061136802362
24.61999999999997         0.33747944479624825
24.639999999999972        0.3780636378217923
24.659999999999975        0.42760047128166334
24.67999999999997         0.4859450493945775
24.699999999999967        0.5481919019913587
24.71999999999997         0.6035228939278963
24.739999999999974        0.6439694219254417
24.759999999999973        0.667071723901882
24.77999999999997         0.6774546475423084
24.799999999999972        0.6803261243086733
24.819999999999986        0.6775115160386954
24.83999999999997         0.6671643188104261
24.85999999999996         0.6441121234318927
24.879999999999953        0.6037023858195498
24.899999999999945        0.5483981156953441
24.91999999999994         0.4861688036071651
24.939999999999934        0.42783586747554436
24.959999999999937        0.37830809575052554
24.979999999999933        0.33773260125210647
24.999999999999925        0.30476880374144466
25.019999999999936        0.2779531101529285
25.039999999999942        0.2560457741521943
25.059999999999935        0.23806747066279776
25.079999999999938        0.22326123225448463
25.099999999999934        0.2110451925123869
25.119999999999937        0.2009710710007912
25.139999999999937        0.19269648465766817
25.15999999999994         0.18595461506457098
25.179999999999936        0.18054131209135318
25.199999999999942        0.17630080225288988
25.219999999999946        0.173116233629352
25.239999999999945        0.1709028575376758
25.259999999999945        0.1696032602007688
25.27999999999994         0.16918422716823295
25.299999999999944        0.1696349662574518
25.319999999999947        0.17096653598671546
25.339999999999943        0.1732124304756198
25.359999999999943        0.17643036791426073
25.379999999999953        0.1807054305007787
25.39999999999994         0.1861544262647203
25.41999999999995         0.19293417729800263
25.439999999999948        0.2012490720699059
25.459999999999948        0.2113652784457379
25.47999999999995         0.2236281892702696
25.499999999999954        0.2384863365491171
25.51999999999995         0.25652323362507673
25.53999999999996         0.2784984099510627
25.55999999999996         0.3053955859000957
25.579999999999956        0.33846246480247816
25.599999999999955        0.37917586945003007
25.619999999999955        0.42888726023911433
25.639999999999954        0.48740936434127174
25.659999999999954        0.5497053256297756
25.679999999999964        0.6052040955015215
25.699999999999957        0.645773999009609
25.719999999999963        0.6689542717204718
25.739999999999956        0.6793756570537651
25.759999999999955        0.6822590783338676
25.77999999999996         0.6794355609432555
25.79999999999995         0.6690526889243927
25.819999999999954        0.6458348453191698
25.839999999999947        0.6052227424913685
25.85999999999994         0.5499239027360512
25.879999999999924        0.48764714007047927
25.899999999999924        0.4291378916776811
25.919999999999913        0.37943664182940684
25.939999999999927        0.3387241772484411
25.959999999999916        0.3056775230899207
25.97999999999992         0.2787949575943115
25.99999999999992         0.25683352973369744
26.01999999999992         0.238811355730599
26.03999999999992         0.22396945673951876
26.059999999999917        0.21172440235900145
26.07999999999992         0.20162762107076887
26.099999999999923        0.19333366842418442
26.11999999999992         0.18657633964761758
26.13999999999992         0.1811509452416219
26.159999999999922        0.17690127559299498
26.179999999999918        0.17371013190035534
26.19999999999992         0.17149251712782276
26.219999999999928        0.1701908217870314
26.239999999999924        0.16977183770830007
26.259999999999934        0.17022468055318854
26.279999999999934        0.17156044593671552
26.299999999999926        0.17381272535111636
26.31999999999993         0.1770394005163632
26.33999999999993         0.18132579995339174
26.35999999999993         0.18678949160120165
26.37999999999993         0.19358713422412424
26.399999999999935        0.20192400188192933
26.41999999999993         0.2120670426239435
26.43999999999994         0.22436263748185528
26.45999999999994         0.2392605542364917
26.479999999999936        0.25734577745158826
26.499999999999936        0.27937610426916465
26.51999999999994         0.306345156194562
26.539999999999935        0.33950079936721517
26.55999999999994         0.38032385153665393
26.579999999999938        0.4301695357698373
26.599999999999945        0.48885137046631594
26.61999999999994         0.5513238891969293
26.639999999999944        0.6068206173401856
26.659999999999943        0.647604375448614
26.67999999999994         0.6709530321640977
26.699999999999946        0.6814292172835261
26.719999999999942        0.6843198973173542
26.73999999999994         0.6814811800230897
26.759999999999945        0.671073378085774
26.77999999999994         0.6477686946726244
26.799999999999933        0.6070278105586088
26.81999999999992         0.5515626170198769
26.839999999999907        0.4891098932490651
26.859999999999904        0.43044060743412427
26.879999999999903        0.3806048884300423
26.899999999999903        0.33979182517376677
26.9199999999999          0.306647352284328
26.939999999999902        0.2796910986447711
26.959999999999905        0.2576720956492696
26.979999999999905        0.23960390709808352
26.99999999999991         0.22472478946124227
27.0199999999999          0.21244947299736824
27.039999999999907        0.20232899984229535
27.059999999999906        0.1940148109563406
27.079999999999906        0.18724127774999128
27.09999999999991         0.1818031392965082
27.119999999999916        0.17754377822053902
27.13999999999991         0.17434567856874683
27.159999999999915        0.1721235869981255
27.17999999999991         0.17081975062780452
27.19999999999991         0.1704007673278962
27.21999999999991         0.17085579134430365
27.239999999999917        0.1721959536283358
27.25999999999992         0.17445494736066586
27.279999999999916        0.17769082671369407
27.299999999999923        0.18198917211221785
27.319999999999933        0.18746830965434308
27.33999999999992         0.19428473260922857
27.35999999999992         0.20264461452644558
27.379999999999924        0.21281571661955992
27.39999999999993         0.22514547485930422
27.419999999999927        0.24008502601883402
27.43999999999993         0.25822113275283953
27.45999999999993         0.28031713395534363
27.479999999999936        0.3073606322648184
27.49999999999994         0.34060195253241804
27.519999999999932        0.38151741115003107
27.53999999999993         0.43146022000325807
27.55999999999993         0.49028761571314394
27.579999999999934        0.5530576900029237
27.599999999999934        0.6087324903680501
27.619999999999933        0.6496544769850665
27.639999999999933        0.6730899193815286
27.65999999999994         0.6836085222210917
27.679999999999936        0.6865120661669772
27.699999999999942        0.6836628671151853
27.719999999999935        0.6732144452833317
27.739999999999927        0.6499146018130153
27.75999999999992         0.6091174529660226
27.779999999999912        0.553312439653862
27.799999999999905        0.4905550910062652
27.819999999999908        0.43174280413429156
27.839999999999904        0.3818123078286542
27.85999999999991         0.34091774918443735
27.879999999999903        0.30767979187217465
27.899999999999903        0.28064821759269665
27.919999999999913        0.2585683268575509
27.939999999999905        0.2404507419522079
27.959999999999905        0.2255314768132878
27.97999999999991         0.21322351968955958
27.999999999999908        0.20307563063915576
28.01999999999991         0.19474033748307887
28.039999999999914        0.18794988274309127
28.05999999999991         0.1824984033982867
28.07999999999991         0.1782288327244873
28.099999999999913        0.17502334566050515
28.119999999999916        0.17279647499883738
28.139999999999915        0.17149033361386998
28.159999999999926        0.1710713135935582
28.17999999999993         0.17152860261626662
28.199999999999932        0.17287336974475473
28.219999999999924        0.17513941930587365
28.239999999999924        0.17838499393241566
28.259999999999927        0.18269594949199183
28.27999999999993         0.18819057642500853
28.299999999999926        0.1950264928238632
28.31999999999993         0.2034102278019399
28.339999999999932        0.213610363654859
28.35999999999994         0.2259754163709615
28.379999999999928        0.24095797539137853
28.399999999999935        0.25915011001591554
28.41999999999993         0.28131163922212143
28.439999999999937        0.3084358676286909
28.45999999999994         0.3417769892302491
28.47999999999994         0.38281583572057293
28.499999999999936        0.432909869536245
28.519999999999943        0.4919172180109235
28.539999999999935        0.5548951601414865
28.559999999999935        0.6109224390783731
28.579999999999927        0.6519121659415821
28.59999999999993         0.6753583455480662
28.619999999999923        0.6859110035229705
28.639999999999922        0.6888350657666737
28.65999999999993         0.685980925517569
28.679999999999925        0.6754828524964394
28.69999999999994         0.6520914733628557
28.719999999999924        0.6111481271417593
28.739999999999917        0.5551548939020502
28.7599999999999          0.49219989177325757
28.779999999999905        0.4332085304072005
28.799999999999905        0.3831276486064599
28.819999999999897        0.3421017370244571
28.839999999999904        0.308774622443618
28.859999999999896        0.2816660022708296
28.8799999999999          0.2595218277535826
28.899999999999906        0.24135140367645938
28.91999999999991         0.2263889662148336
28.939999999999905        0.21404586090447436
28.95999999999991         0.20386852585023926
28.979999999999905        0.1955105088787519
28.9999999999999          0.18870184180847804
29.019999999999907        0.18323599737623214
29.039999999999907        0.1789553995318481
29.05999999999992         0.17574184291049794
29.07999999999992         0.17350960274193555
29.099999999999913        0.17220061045742718
29.119999999999912        0.1717812676900604
29.139999999999915        0.1722406543615335
29.159999999999915        0.17358997229197365
29.179999999999914        0.17586314044079288
29.199999999999918        0.17911860213726905
29.21999999999992         0.18344223455194172
29.239999999999927        0.1889531458477291
29.259999999999916        0.19580929849047335
29.279999999999923        0.20421790726667743
29.299999999999923        0.21444844577013958
29.319999999999915        0.22685058556727317
29.339999999999925        0.24187841426455378
29.359999999999935        0.26012267372501596
29.379999999999935        0.28235226157865295
29.399999999999935        0.3095629333758267
29.419999999999934        0.34301748668729753
29.439999999999934        0.384210409491995
29.45999999999993         0.4345098058901535
29.479999999999933        0.4937315867927732
29.499999999999932        0.5568076997429615
29.519999999999936        0.613033499953378
29.53999999999994         0.6541787122175048
29.55999999999995         0.6777238183230377
29.57999999999994         0.6883253275493822
29.599999999999948        0.6912642237734584
29.61999999999994         0.6883980038678162
29.63999999999994         0.6778466070314546
29.659999999999933        0.6542735360054311
29.679999999999925        0.6130954551932474
29.69999999999992         0.5570687700937321
29.71999999999991         0.49402600108045985
29.7399999999999          0.4348217936865147
29.759999999999906        0.38453689745006064
29.77999999999991         0.3433492577969293
29.7999999999999          0.309919640777016
29.8199999999999          0.2827284359428012
29.839999999999904        0.26051757558588284
29.859999999999907        0.2422931181366637
29.879999999999903        0.22728673786327386
29.899999999999903        0.2149078393730295
29.91999999999991         0.20470233663965287
29.939999999999912        0.19632049630418308
29.959999999999912        0.1894927825993824
29.979999999999908        0.18401195332524165
29.999999999999908        0.1797198850188734
30.019999999999914        0.17649796024951722
30.039999999999907        0.17426008301462165
30.059999999999913        0.1729481637345193
30.07999999999991         0.1725283989593139
30.09999999999991         0.1729898661359262
30.119999999999926        0.17434381275075572
30.13999999999992         0.17662426418230437
30.159999999999915        0.17988985702362442
30.17999999999992         0.1842270366815839
30.199999999999918        0.18975490938947714
30.21999999999992         0.19663218179814523
30.239999999999924        0.20506680970660157
30.259999999999923        0.215329226788154
30.279999999999937        0.22777033305415856
30.299999999999926        0.2428457550393204
30.319999999999926        0.2611447907338588
30.339999999999932        0.28344490484250445
30.35999999999993         0.3107425825095248
30.379999999999928        0.3443048138541117
30.399999999999928        0.3856309773001237
30.41999999999993         0.4360938095200148
30.439999999999937        0.49551029230191457
30.459999999999933        0.5587935579141409
30.479999999999933        0.6150632097761857
30.499999999999936        0.6564522293788841
30.51999999999994         0.6801862616124439
30.539999999999935        0.6908525162925633
30.559999999999935        0.6938011633555377
30.579999999999938        0.6909164931106206
30.59999999999993         0.680329949363195
30.619999999999937        0.656649016439099
30.639999999999926        0.6153109294428716
30.65999999999992         0.5590792737559803
30.679999999999907        0.49582167836516533
30.699999999999907        0.43642301935748407
30.719999999999906        0.3859749660041388
30.739999999999903        0.34466352050041477
30.759999999999902        0.31111730887104344
30.779999999999905        0.2838374698538779
30.799999999999905        0.26155713621290344
30.81999999999991         0.24327714378323373
30.83999999999991         0.22822586455952154
30.859999999999907        0.21581179197792164
30.879999999999907        0.20557610506712728
30.89999999999991         0.19716984090779147
30.919999999999906        0.1903225627660513
30.939999999999916        0.1848263201998569
30.959999999999912        0.1805224432053558
30.979999999999915        0.17729190276943754
30.999999999999915        0.17504837390746045
31.01999999999992         0.17373338448834996
31.03999999999992         0.17331312349957878
31.059999999999917        0.17377663226854942
31.079999999999917        0.17513522107665705
31.099999999999923        0.17742305523528404
31.11999999999992         0.18069897207940497
31.13999999999993         0.18504998035277342
31.15999999999993         0.1905951795820712
31.179999999999925        0.1974940204706085
31.19999999999993         0.20595520125519484
31.21999999999993         0.21625012192118626
31.23999999999993         0.22873093574069586
31.259999999999934        0.24385489400286503
31.279999999999934        0.262216687236138
31.299999999999926        0.2845899139890223
31.319999999999933        0.31197533975618175
31.339999999999936        0.345639746178503
31.359999999999935        0.3870786402221201
31.379999999999928        0.43766337437648617
31.399999999999935        0.49725529531767726
31.41999999999995         0.5608729298255002
31.43999999999994         0.6173578677659383
31.459999999999948        0.658916278113644
31.479999999999933        0.6827588913003086
31.499999999999932        0.6934788406646197
31.51999999999993         0.6964437041057736
31.539999999999928        0.693545736572239
31.559999999999942        0.6829083135656814
31.579999999999934        0.659213069699507
31.599999999999934        0.6177881839053952
31.61999999999992         0.5611782858028954
31.63999999999992         0.49757957735195124
31.65999999999992         0.43800681916639156
31.679999999999918        0.3874729734501822
31.69999999999991         0.3460242092830908
31.719999999999906        0.31236738801337677
31.739999999999906        0.2849985505883965
31.75999999999989         0.2626464558694462
31.779999999999927        0.24430844141884756
31.799999999999912        0.22921014685939994
31.81999999999991         0.2167565733055557
31.83999999999991         0.20649035399487922
31.859999999999904        0.19805933926143912
31.879999999999914        0.19119219962715678
31.899999999999913        0.18568030616352252
31.919999999999913        0.18136445596951736
31.93999999999992         0.178125212803694
31.959999999999933        0.17587602593294646
31.979999999999926        0.17455804423066812
31.999999999999925        0.17413745594030064
32.01999999999992         0.17460326306316842
32.03999999999993         0.17596681718097587
32.05999999999992         0.17826241895234235
32.07999999999992         0.18154914847618017
32.09999999999993         0.18591407834973261
32.119999999999926        0.19147716017188454
32.13999999999993         0.19839822777987234
32.159999999999926        0.2068867224210581
32.17999999999993         0.21721501783788288
32.19999999999993         0.22973654787369835
32.21999999999992         0.24491027774943117
32.23999999999993         0.2633365760051281
32.259999999999934        0.28578590047626995
32.27999999999994         0.3132652935788269
32.29999999999994         0.34704608232418965
32.319999999999936        0.3886290854726387
32.33999999999993         0.4393907093648391
32.35999999999994         0.49919354507520497
32.37999999999994         0.5630531563154155
32.39999999999993         0.6199276344682436
32.41999999999994         0.6615831022831862
32.439999999999934        0.6854547443684211
32.45999999999994         0.6962180574381661
32.47999999999993         0.6992061664176981
32.499999999999936        0.6963004010894397
32.51999999999994         0.6856033028282159
32.53999999999993         0.6617970033222054
32.55999999999993         0.6201969545153999
32.57999999999991         0.5633635098775711
32.59999999999991         0.49953240321620984
32.619999999999905        0.4397502913715445
32.639999999999915        0.38900626917071063
32.65999999999989         0.34744078584526683
32.67999999999991         0.3136789162679623
32.6999999999999          0.28622040745801525
32.7199999999999          0.2637940637332132
32.7399999999999          0.24539542388906488
32.759999999999906        0.23024792425058996
32.77999999999991         0.2177531785219603
32.799999999999905        0.20745527956289572
32.819999999999915        0.19899877019175854
32.83999999999991         0.19211126758702074
32.859999999999914        0.1865833969903974
32.87999999999991         0.18225540965799913
32.89999999999991         0.17900744828181053
32.919999999999916        0.1767525784332131
32.939999999999905        0.17543191560441646
32.959999999999916        0.17501141473162357
32.97999999999992         0.17548004924708432
32.999999999999915        0.17684922614984327
33.01999999999991         0.17915338819155538
33.03999999999992         0.18245185456267857
33.05999999999992         0.18683178069466805
33.07999999999992         0.192414034405831
33.099999999999916        0.1993589090915784
33.119999999999926        0.2078766653237502
33.13999999999994         0.21824073762739185
33.159999999999926        0.23080593926703857
33.17999999999993         0.24603302651491232
33.199999999999925        0.26452138822634147
33.219999999999935        0.28705110986533894
33.23999999999993         0.31463229315451446
33.259999999999934        0.34854567243168244
33.27999999999994         0.3903067191736299
33.29999999999994         0.4413034846169401
33.31999999999994         0.5013566032795945
33.33999999999994         0.5653529395174044
33.35999999999994         0.6224662309999761
33.37999999999995         0.6643100013681482
33.39999999999994         0.688302467675695
33.41999999999995         0.6991255873949973
33.43999999999995         0.7021314862451951
33.459999999999965        0.699210094607394
33.47999999999994         0.6884475927392419
33.499999999999936        0.6644356149740291
33.519999999999925        0.6225680326805726
33.53999999999993         0.565662676486632
33.55999999999991         0.5017051908129032
33.57999999999991         0.4416761523859129
33.59999999999991         0.3906650833210277
33.619999999999905        0.34895034241551753
33.63999999999991         0.315068299264632
33.6599999999999          0.2875131757935573
33.6799999999999          0.2650090345351241
33.699999999999896        0.2465476030633769
33.71999999999991         0.23134933449218564
33.7399999999999          0.2188148975574156
33.75999999999991         0.20848344661422205
33.77999999999991         0.2000000579607381
33.799999999999905        0.1930912137039792
33.819999999999915        0.1875466356966463
33.83999999999991         0.1832059338860472
33.85999999999993         0.17994881722670453
33.87999999999992         0.17768796425188035
33.89999999999991         0.1763644487298529
33.919999999999916        0.1759439823886931
33.93999999999992         0.176415504785103
33.95999999999992         0.1777904781676929
33.97999999999992         0.18010349289920194
33.99999999999992         0.1834141157442447
34.019999999999925        0.187810139345169
34.03999999999992         0.19341251456741884
34.05999999999992         0.20038240040323888
34.07999999999993         0.20893096256087187
34.09999999999992         0.21933280365011543
34.119999999999926        0.23194422304768722
34.13999999999992         0.2472278444853214
34.159999999999926        0.2657820016596453
34.17999999999994         0.28839595382868954
34.19999999999993         0.31608120331795797
34.219999999999935        0.35012356509470677
34.23999999999994         0.3920444585015934
34.259999999999934        0.443237586513912
34.27999999999994         0.5035250649642546
34.29999999999994         0.5677747663531109
34.31999999999994         0.6249748628114723
34.33999999999995         0.667098001764945
34.35999999999994         0.6913044495533374
34.379999999999946        0.7022047751915839
34.39999999999995         0.7052239463417758
34.419999999999945        0.7022810253373595
34.43999999999994         0.6914654835760206
34.45999999999994         0.6673298971661551
34.47999999999992         0.6252677033169749
34.49999999999992         0.56811423640978
34.51999999999991         0.5038980686203267
34.5399999999999          0.44363594003592355
34.55999999999991         0.392465103298993
34.579999999999906        0.35056668163786026
34.59999999999989         0.3165484600160819
34.619999999999905        0.28888954847626613
34.6399999999999          0.2663042330060222
34.6599999999999          0.2477782799732751
34.679999999999914        0.2325282962485601
34.69999999999991         0.2199536679686207
34.71999999999993         0.20958845233813314
34.73999999999991         0.20107821670379072
34.75999999999991         0.19414831443478522
34.779999999999916        0.1885875798696976
34.79999999999991         0.18423490632833045
34.81999999999991         0.18096947528640153
34.83999999999991         0.17870371589445277
34.85999999999992         0.1773783301772347
34.87999999999992         0.17695903616064695
34.899999999999935        0.17743474611160007
34.91999999999993         0.178816987474071
34.93999999999992         0.181140514116155
34.95999999999993         0.18446516362862447
34.979999999999926        0.18887939872794512
34.99999999999993         0.19450429177460185
35.019999999999925        0.20150191182867078
35.03999999999993         0.21008437707699387
35.05999999999992         0.22052752734270867
35.07999999999993         0.23318926643441235
35.09999999999993         0.24853429272742897
35.11999999999993         0.26716694188564516
35.13999999999993         0.28987327816207953
35.15999999999993         0.3176700397186075
35.179999999999936        0.35184397583495763
35.199999999999925        0.39391392862224966
35.219999999999956        0.4452734179183231
35.23999999999993         0.5059011841280435
35.259999999999934        0.5704362945665356
35.279999999999944        0.6279124225185343
35.29999999999994         0.6702541099739336
35.31999999999995         0.6946018919093698
35.33999999999995         0.7055724412281452
35.35999999999995         0.7086127748799442
35.379999999999946        0.7056524297624885
35.39999999999995         0.6947777665270471
35.41999999999993         0.6705910822091683
35.439999999999934        0.628394395644388
35.459999999999916        0.5708028831359817
35.47999999999991         0.5061879562447488
35.49999999999992         0.44570260078183677
35.519999999999904        0.3944065349391866
35.5399999999999          0.3523392258268144
35.55999999999991         0.3181861396401247
35.5799999999999          0.29041979723847416
35.5999999999999          0.2677488508338442
35.61999999999991         0.24915459177029284
35.6399999999999          0.23385015576948595
35.659999999999904        0.22123087026702937
35.679999999999914        0.21083189144181128
35.69999999999991         0.20229526246268428
35.719999999999914        0.19534514718243426
35.73999999999992         0.18976947619457735
35.75999999999993         0.18540645267540248
35.779999999999916        0.18213471329922884
35.79999999999992         0.17986633577274055
35.81999999999993         0.17854159487609303
35.839999999999925        0.17812624600704458
35.85999999999992         0.1786092241537899
35.87999999999992         0.18000216994328674
35.89999999999993         0.1823400555679733
35.91999999999993         0.1856830594980556
35.939999999999934        0.19011985067463627
35.95999999999993         0.19577256961618258
35.97999999999993         0.20280394663139165
35.99999999999993         0.2114271954818647
36.01999999999993         0.22191957745313814
36.039999999999935        0.23464084973257082
36.05999999999994         0.25006082767377796
36.07999999999995         0.26878251562822775
36.09999999999994         0.29159798713494006
36.11999999999994         0.3195291821877911
36.139999999999944        0.3538693435673153
36.15999999999994         0.3961448831592682
36.17999999999994         0.44775650885264484
36.19999999999994         0.5085733503146976
36.219999999999935        0.573561249448399
36.23999999999994         0.6315281599413511
36.25999999999995         0.6740473149909052
36.27999999999994         0.6984752624310722
36.29999999999993         0.7095149744561478
36.319999999999936        0.7125865393515843
36.33999999999994         0.7096056741318281
36.35999999999994         0.6986533288815737
36.379999999999924        0.6743063362415116
36.39999999999991         0.6318591417768668
36.41999999999992         0.5739505509895297
36.43999999999992         0.5090095231207205
36.45999999999991         0.4482332344144399
36.47999999999992         0.3966605592373588
36.49999999999991         0.35442518334914264
36.519999999999904        0.3201275777127811
36.539999999999914        0.2922416296558655
36.559999999999896        0.26947402281335253
36.57999999999991         0.2508026299955794
36.59999999999991         0.2354371416111147
36.619999999999905        0.22276854811043875
36.63999999999992         0.21233279257366772
36.65999999999992         0.20376808430967053
36.67999999999991         0.19679715364825837
36.699999999999925        0.19120684035941132
36.71999999999992         0.18683453033687564
36.73999999999992         0.18355826352054863
36.75999999999992         0.18128961948945146
36.77999999999991         0.17996874580564792
36.79999999999993         0.17956110129854308
36.81999999999992         0.18005563050278678
36.83999999999992         0.1814641577875348
36.859999999999914        0.1838219701848983
36.879999999999924        0.1871895181127047
36.89999999999992         0.19165636377146833
36.91999999999993         0.1973453569030465
36.93999999999992         0.20442030890836324
36.95999999999993         0.2130958372295459
36.97999999999994         0.22365101718914976
36.99999999999993         0.23644794798554386
37.01999999999993         0.2519568046082313
37.03999999999992         0.2707891623919632
37.05999999999994         0.293740850127335
37.079999999999934        0.3218421464011678
37.09999999999993         0.3563990227112781
37.119999999999955        0.39895643326933267
37.13999999999993         0.450930463692726
37.15999999999995         0.5120365402853434
37.17999999999994         0.5774405734611485
37.199999999999946        0.6358116016486459
37.21999999999994         0.6786510350425553
37.23999999999995         0.7032859442126518
37.25999999999995         0.7144285655691699
37.279999999999944        0.7175309861830976
37.29999999999996         0.7145305828606152
37.319999999999936        0.7034669498237236
37.33999999999994         0.6788328847598986
37.35999999999993         0.6359953989290731
37.37999999999992         0.5778622131649899
37.39999999999991         0.512637594373003
37.4199999999999          0.45147569490649314
37.439999999999905        0.3995232077902438
37.4599999999999          0.35705135652888753
37.479999999999905        0.322566740277533
37.4999999999999          0.2945335971940325
37.51999999999992         0.2716503828522467
37.53999999999991         0.252888397585733
37.55999999999991         0.23745220786229407
37.57999999999991         0.22473024679970416
37.59999999999991         0.2142522665028771
37.619999999999905        0.20565610760218825
37.63999999999991         0.19866269089131078
37.65999999999991         0.1930574730238926
37.67999999999991         0.18867680196968645
37.69999999999992         0.18539784168564738
37.71999999999993         0.18313194162787624
37.73999999999991         0.18181875137890777
37.75999999999992         0.1814235853588819
37.77999999999993         0.18193537530690027
37.79999999999992         0.1833660950798432
37.81999999999992         0.18575141097584236
37.83999999999993         0.18915256087083
37.85999999999993         0.1936596625161514
37.87999999999993         0.1993967765196779
37.89999999999993         0.20652914359674854
37.91999999999993         0.21527323204432522
37.93999999999993         0.22591050229679094
37.95999999999992         0.23880611366251703
37.97999999999993         0.2544314438057871
37.99999999999993         0.27340764907372295
38.019999999999946        0.29653511787201287
38.039999999999935        0.3248524738897237
38.05999999999994         0.35967609447934507
38.07999999999994         0.4025630566794229
38.09999999999994         0.45494099807784255
38.11999999999994         0.5166417009748527
38.139999999999944        0.582465489510305
38.15999999999996         0.6411931310315466
38.17999999999995         0.6845285848745696
38.199999999999946        0.709521882743596
38.21999999999995         0.7208136224130032
38.239999999999945        0.723950209652503
38.25999999999995         0.7209098406429195
38.27999999999994         0.7097336859037727
38.29999999999994         0.6848323820519737
38.31999999999993         0.6415930853151021
38.339999999999925        0.5829544981479416
38.359999999999914        0.5172129166074076
38.379999999999924        0.45559292182186273
38.399999999999906        0.4032987347772709
38.41999999999991         0.36050020001527955
38.4399999999999          0.3257696613141484
38.459999999999916        0.2975494886009626
38.47999999999991         0.2745226862529062
38.49999999999991         0.2556501049434486
38.51999999999992         0.24013097479326576
38.539999999999914        0.22734386522880776
38.55999999999992         0.21681729710824194
38.57999999999992         0.20818611588243677
38.59999999999992         0.20116895248615152
38.619999999999905        0.19554951640839519
38.639999999999915        0.19116284441736411
38.65999999999992         0.18788526703958994
38.67999999999992         0.18562719108876616
38.69999999999994         0.184328055138923
38.71999999999993         0.1839530139375483
38.73999999999993         0.1844910644092149
38.75999999999993         0.18595445445758707
38.77999999999992         0.18837933266507384
38.799999999999926        0.1918278835017328
38.81999999999993         0.19639105895189388
38.83999999999993         0.2021945233149992
38.85999999999993         0.20940544489538074
38.879999999999946        0.2182427793210593
38.899999999999935        0.22899119325560177
38.91999999999994         0.24201998072569586
38.939999999999934        0.25780855293221666
38.95999999999994         0.27698026659697134
38.97999999999994         0.3003457354020087
38.99999999999994         0.3289531098975539
39.01999999999995         0.36412832701479825
39.039999999999935        0.40743589158744503
39.059999999999945        0.4603127594183926
39.07999999999994         0.5227535982742925
39.099999999999945        0.5893062526770411
39.11999999999994         0.6487401643420901
39.13999999999994         0.6926356174929924
39.15999999999995         0.7179914398180474
39.17999999999994         0.7294624765636898
39.19999999999994         0.7326513373389768
39.21999999999994         0.7295635928592525
39.23999999999994         0.718215015725547
39.259999999999934        0.6930577623389843
39.27999999999993         0.6493545559397798
39.299999999999926        0.5898676477608233
39.319999999999915        0.5233185791144643
39.33999999999991         0.4612065928212881
39.35999999999991         0.4084163283414747
39.37999999999991         0.36522597559160086
39.399999999999906        0.33019075409084586
39.41999999999992         0.3017356287623618
39.439999999999905        0.27852890208291103
39.459999999999916        0.2595197654786907
39.479999999999926        0.24389643984790688
39.49999999999992         0.23103509567884617
39.51999999999992         0.2204562058253099
39.539999999999914        0.21179057701558618
39.55999999999992         0.2047537798259587
39.57999999999992         0.19912720980124624
39.59999999999993         0.19474418056922754
39.619999999999926        0.19147990066845788
39.63999999999992         0.1892436579615492
39.659999999999926        0.18797459206417144
39.67999999999993         0.187637699633064
39.699999999999925        0.18822213389287268
39.71999999999993         0.18974061800881062
39.739999999999945        0.19223011889701214
39.759999999999934        0.19575383946379613
39.77999999999994         0.20040464723421572
39.79999999999993         0.20631024902144784
39.81999999999994         0.21364062361511293
39.83999999999993         0.22261835683188863
39.859999999999935        0.23353279474097732
39.879999999999946        0.24675927723377578
39.89999999999995         0.26278782042405296
39.91999999999995         0.282247298530255
39.93999999999994         0.3059633981968471
39.959999999999944        0.3350009887477053
39.97999999999995         0.37070686105572603
39.99999999999994         0.4146698181734075
40.01999999999995         0.46834996095188725
40.03999999999995         0.5316341637493885
40.05999999999994         0.5993741258334774
40.07999999999994         0.6600197984487101
40.09999999999995         0.7046651859500805
40.119999999999926        0.7304689227346535
40.13999999999994         0.7421910928360574
40.15999999999994         0.7454638824056151
40.17999999999994         0.7423070382020569
40.19999999999994         0.7307075064130408
40.21999999999992         0.705041554803863
40.23999999999993         0.6605562134926115
40.25999999999993         0.6000960450341343
40.27999999999992         0.5325697846703298
40.29999999999991         0.4695251026189198
40.31999999999991         0.4161053575541816
40.339999999999904        0.3724184391733519
40.35999999999991         0.3369998576763035
40.379999999999896        0.3082576146893874
40.399999999999906        0.2848427893207376
40.419999999999916        0.26568920076149605
40.43999999999991         0.24997048931417382
40.45999999999993         0.23705747160511298
40.47999999999992         0.2264602567448517
40.49999999999991         0.21780384558199226
40.51999999999992         0.2107994597757772
40.539999999999914        0.20522530911089118
40.55999999999992         0.20091245027748253
40.57999999999992         0.1977344778529343
40.59999999999992         0.19560011943023703
40.61999999999991         0.19444808016289375
40.63999999999994         0.19424369371481318
40.659999999999926        0.19497704753685746
40.67999999999993         0.19666237786949323
40.699999999999925        0.19933877336269953
40.71999999999993         0.20307205251202093
40.73999999999993         0.20795904065182108
40.759999999999934        0.21413204846363262
40.77999999999992         0.22176712715290264
40.799999999999926        0.2310946203725886
40.81999999999993         0.24241378491141635
40.83999999999994         0.2561126522116202
40.85999999999993         0.27269479483345976
40.87999999999993         0.292814873973614
40.89999999999995         0.3173242415505843
40.91999999999994         0.3473241387652615
40.93999999999994         0.38420897248028213
40.95999999999996         0.4296265882914483
40.97999999999994         0.48500208523154226
40.99999999999994         0.5503359031622739
41.019999999999946        0.6203495131135437
41.03999999999994         0.683204044998164
41.059999999999945        0.7296038720710657
41.07999999999995         0.7565471987706891
41.099999999999945        0.768840380261923
41.11999999999995         0.7722947997585178
41.13999999999996         0.7690356847412647
41.15999999999994         0.7569694427833226
41.17999999999993         0.7302927453345742
41.19999999999993         0.6843412183581281
41.21999999999992         0.6223868855802147
41.23999999999992         0.5534291693693971
41.259999999999906        0.48910044662619934
41.279999999999916        0.43494747976009523
41.299999999999905        0.3909164206562495
41.31999999999991         0.35547694985749706
41.339999999999904        0.3269780634728181
41.359999999999914        0.30402524640915385
41.37999999999991         0.2855194345196572
41.39999999999991         0.2706137259318149
41.419999999999916        0.258660020615826
41.43999999999992         0.2491631822001159
41.45999999999993         0.2417452564488399
41.47999999999991         0.23611865773601753
41.499999999999936        0.2320664142339589
41.51999999999992         0.2294277401089087
41.53999999999992         0.22808758726346773
41.559999999999924        0.22796946739643464
41.57999999999992         0.22903017527184047
41.59999999999992         0.2312571232648878
