% Model:              Untitled.mph
% Version:            COMSOL 5.6.0.280
% Date:               Sep 14 2021, 17:13
% Dimension:          1
% Nodes:              1062
% Expressions:        1
% Description:        线图
% cln2x                   Height
20.35                     0.1497859158983566
20.360000000000007        0.1497149837172892
20.38000000000001         0.15004662207138444
20.400000000000013        0.15101920381190706
20.42000000000001         0.1526562649056776
20.440000000000023        0.15499612830452045
20.460000000000022        0.1580937611849807
20.480000000000025        0.16202331744101092
20.500000000000032        0.1668826519413869
20.52000000000004         0.1727975538747433
20.540000000000042        0.17992937009246515
20.56000000000005         0.18848436462308316
20.58000000000005         0.19872650602338637
20.600000000000044        0.21099465914958757
20.620000000000054        0.2257255758702834
20.640000000000054        0.2434841808888855
20.660000000000053        0.26500198381085127
20.680000000000057        0.2912210337402188
20.700000000000053        0.3233272559261976
20.72000000000007         0.36270980113651785
20.740000000000066        0.4106299385377638
20.76000000000007         0.4669024427279627
20.78000000000008         0.527659769447792
20.800000000000075        0.5825280609386337
20.82000000000008         0.6209216162620341
20.840000000000078        0.6421561302551404
20.860000000000074        0.6517885110278657
20.880000000000084        0.6544928427050055
20.90000000000008         0.6518371949006257
20.92000000000008         0.6422307119412025
20.940000000000076        0.6209414623493431
20.960000000000075        0.5824732957796644
20.98000000000008         0.5277418204318342
21.00000000000007         0.46705448549442036
21.020000000000064        0.4105309960897637
21.040000000000067        0.3625790154053325
21.060000000000077        0.32313595177489607
21.080000000000073        0.29094879571727833
21.10000000000007         0.2646379942311164
21.120000000000072        0.24302211260991605
21.140000000000082        0.22516048952406964
21.16000000000008         0.21032159830621427
21.18000000000008         0.1979399168353334
21.200000000000085        0.1875778061195875
21.22000000000009         0.1788953272731251
21.240000000000087        0.17162732106707893
21.260000000000094        0.16556623936979195
21.280000000000097        0.1605493696566493
21.3000000000001          0.1564491659007931
21.320000000000107        0.15316681429589232
21.340000000000106        0.15062596484598031
21.360000000000117        0.14876966542482903
21.380000000000116        0.1475573923067879
21.400000000000116        0.1469631343826928
21.42000000000012         0.1469741853303271
21.440000000000122        0.14759057651631002
21.46000000000012         0.14882510125387993
21.48000000000013         0.15070390722153323
21.50000000000014         0.15326768674568872
21.520000000000135        0.1565735774155501
21.54000000000014         0.16069792407591416
21.56000000000014         0.16574012164675486
21.58000000000014         0.17182740165192528
21.600000000000154        0.1791235164550428
21.620000000000143        0.187836089027728
21.640000000000153        0.19823078068587965
21.660000000000156        0.2106482205528373
21.68000000000016         0.22552705130945425
21.700000000000163        0.2434342818630455
21.720000000000155        0.2651037541770028
21.74000000000017         0.2914801171384891
21.760000000000172        0.32375211687353467
21.78000000000017         0.3633116941812037
21.800000000000185        0.411421900921604
21.820000000000178        0.468000192350876
21.840000000000174        0.5288531819663335
21.860000000000177        0.5838979092505604
21.88000000000018         0.6224182232967713
21.900000000000176        0.643726399979278
21.920000000000176        0.6533939922278266
21.940000000000182        0.6561099411335722
21.960000000000193        0.6534486710242239
21.98000000000019         0.6438162965976578
22.00000000000019         0.6224701277867295
22.020000000000184        0.5839041875722619
22.040000000000173        0.5290412730956596
22.060000000000176        0.46821378198180846
22.08000000000018         0.41164314455061835
22.10000000000017         0.36353828261840765
22.120000000000168        0.3239752646837245
22.14000000000017         0.29171920176108335
22.160000000000185        0.2653532952663297
22.180000000000177        0.24369324687185717
22.200000000000184        0.2257961185174508
22.220000000000184        0.21092861589302395
22.24000000000019         0.19852385492192284
22.260000000000186        0.18814315202588808
22.280000000000197        0.17944576769519455
22.30000000000021         0.17216591984677668
22.320000000000203        0.16609557251411158
22.340000000000206        0.1610716347032528
22.36000000000021         0.15696641792870977
22.380000000000216        0.15368054619553104
22.40000000000022         0.15113764781029826
22.42000000000022         0.1492808025579093
22.440000000000225        0.1480693065923073
22.460000000000225        0.14747711921908324
22.480000000000228        0.14749154855352467
22.500000000000227        0.14811267407654385
22.520000000000234        0.14935335335524963
22.540000000000234        0.15123982920149356
22.56000000000024         0.15381293413883118
22.580000000000243        0.15712999635143915
22.60000000000025         0.16126760946416893
22.620000000000246        0.16632548710295586
22.640000000000256        0.1724317187714963
22.660000000000256        0.17974921067659572
22.68000000000026         0.1884875997298646
22.700000000000262        0.19891292583026343
22.720000000000265        0.2113668840559681
22.740000000000276        0.2262894871769797
22.760000000000264        0.2442495052292903
22.78000000000027         0.2659830474539259
22.800000000000278        0.2924376853468399
22.82000000000028         0.32480584967089055
22.840000000000284        0.36448379812976683
22.860000000000287        0.4127385808174301
22.880000000000287        0.46948802777539356
22.90000000000029         0.5305165398568904
22.92000000000029         0.5855786536470791
22.940000000000285        0.624397314433596
22.960000000000292        0.6457814001148184
22.98000000000029         0.6554850579790898
23.00000000000029         0.6582119569441852
23.020000000000298        0.6555418342996585
23.040000000000294        0.6458751933321045
23.0600000000003          0.6244543734554733
23.080000000000293        0.5857601518107818
23.10000000000029         0.5307245379091271
23.120000000000285        0.4697122009832469
23.14000000000029         0.41297255316503306
23.16000000000029         0.3647251926451426
23.180000000000287        0.3250546191196365
23.20000000000029         0.2926948972232498
23.220000000000287        0.2662533941553029
23.240000000000297        0.24453136566881015
23.2600000000003          0.22658362545326502
23.280000000000303        0.21167460207416086
23.3000000000003          0.19923564672635052
23.32000000000031         0.18882671690663472
23.340000000000316        0.180106041789688
23.360000000000316        0.17280703378256865
23.38000000000033         0.1667210206324885
23.400000000000322        0.1616843896962639
23.42000000000033         0.15756904691608678
23.44000000000033         0.15427530810758472
23.46000000000034         0.15172663357921726
23.48000000000033         0.14986572810537022
23.50000000000034         0.1486519560169292
23.520000000000348        0.14805912223673218
23.540000000000344        0.1480745109607571
23.56000000000035         0.1486982398857974
23.58000000000035         0.1499432443496084
23.600000000000357        0.15183586264879642
23.620000000000363        0.15441704678118434
23.640000000000366        0.15774430103885503
23.660000000000377        0.16189446423072837
23.68000000000037         0.16696757383790736
23.70000000000037         0.17309213767724485
23.720000000000375        0.18043225942037608
23.740000000000382        0.18919723588488582
23.760000000000385        0.1996530858041445
23.780000000000385        0.2121448519002601
23.80000000000039         0.22711302985150558
23.820000000000405        0.24512824200749977
23.840000000000398        0.26692899628264877
23.8600000000004          0.2934659520883888
23.8800000000004          0.3259354468934289
23.900000000000404        0.3657383005835757
23.920000000000407        0.41414579611185426
23.94000000000041         0.47107628997589035
23.960000000000417        0.5323032623012052
23.98000000000041         0.5875521043446135
24.000000000000405        0.6264238867858898
24.020000000000405        0.6479728759071289
24.040000000000408        0.6577226780274239
24.060000000000407        0.6604620288661579
24.080000000000407        0.6577826502902311
24.10000000000041         0.6480790209536307
24.120000000000406        0.6265774624923476
24.14000000000042         0.5877450981071173
24.160000000000405        0.53252460123308
24.18000000000041         0.47131510635166024
24.200000000000408        0.4143954136929287
24.220000000000415        0.36599625403440106
24.240000000000418        0.3262016928486629
24.260000000000414        0.2937415740240538
24.280000000000413        0.26721553317894414
24.300000000000423        0.24543060758468432
24.320000000000423        0.2274288703205091
24.340000000000423        0.21247555268588297
24.360000000000426        0.2000001246667536
24.38000000000043         0.18956108489822904
24.40000000000043         0.18081553628772418
24.420000000000435        0.17349603894855722
24.44000000000044         0.1673932610718111
24.460000000000445        0.16234306312943636
24.480000000000445        0.1582169150211752
24.50000000000045         0.15491478958684704
24.520000000000454        0.15235989246813808
24.540000000000457        0.15049478473285527
24.56000000000046         0.1492785973846783
24.580000000000457        0.1486851055435163
24.600000000000474        0.14870157563984335
24.620000000000474        0.1493280975028345
24.64000000000047         0.15057766690837862
24.660000000000476        0.15247674595482366
24.680000000000476        0.15506645946889927
24.700000000000486        0.1584045195884753
24.720000000000486        0.16256802087573047
24.740000000000503        0.16765733747635203
24.76000000000049         0.17380141949387756
24.7800000000005          0.18116494109071948
24.8000000000005          0.18995793038908965
24.820000000000505        0.20044872529549074
24.840000000000504        0.2129813709842107
24.86000000000051         0.22799619901391135
24.880000000000525        0.24607027451631608
24.900000000000517        0.2679427295049869
24.92000000000052         0.29456755017958314
24.940000000000527        0.3271452603310743
24.960000000000523        0.36708155801251435
24.980000000000533        0.41565225466092204
25.000000000000533        0.47277627666131916
25.020000000000532        0.534215421091324
25.040000000000536        0.5896638919979489
25.060000000000528        0.6286859284830241
25.080000000000524        0.6503242354858845
25.10000000000053         0.6601227420302457
25.12000000000053         0.6628694263268556
25.140000000000533        0.660180014707919
25.16000000000053         0.650436551303968
25.18000000000053         0.6288482048127519
25.200000000000532        0.5898676977896876
25.220000000000528        0.5344494344650335
25.240000000000524        0.4730293821378936
25.26000000000053         0.41591753938781756
25.280000000000527        0.36735641338265407
25.300000000000527        0.32742959579201897
25.32000000000053         0.2948624335410167
25.34000000000053         0.2682496954762162
25.360000000000536        0.2463909968754984
25.380000000000546        0.22833232094647335
25.400000000000553        0.21333444640794713
25.42000000000054         0.20082015618738086
25.440000000000552        0.19034905045249323
25.460000000000562        0.18157702035678272
25.480000000000558        0.17423568383672414
25.500000000000554        0.1681149909251253
25.520000000000575        0.16305026166260986
25.540000000000564        0.15891253799065247
25.560000000000574        0.1556014420691942
25.58000000000058         0.1530398928749374
25.60000000000058         0.15117024292504178
25.62000000000058         0.14995148168337083
25.640000000000583        0.14935730558070723
25.660000000000583        0.14937491067531872
25.680000000000593        0.15000443425249568
25.70000000000059         0.1512588930012962
25.720000000000596        0.15316484653305384
25.7400000000006          0.15576357460701792
25.760000000000602        0.15911301741215092
25.7800000000006          0.1632905779192584
25.80000000000061         0.16839701338787574
25.82000000000062         0.1745617488512745
25.840000000000614        0.18195005922504887
25.860000000000618        0.1907727442461511
25.880000000000628        0.20129913293860152
25.900000000000624        0.21387453510356885
25.920000000000634        0.22894354603383757
25.940000000000627        0.24707741109133363
25.960000000000647        0.26902594684769626
25.980000000000636        0.29574402979046804
26.000000000000647        0.3284366010601661
26.02000000000064         0.36851450475739933
26.040000000000642        0.41725833113616556
26.060000000000645        0.4745876711115749
26.080000000000645        0.536252264452246
26.100000000000637        0.5919137745025126
26.120000000000648        0.631097260024962
26.14000000000064         0.6528321121906528
26.16000000000064         0.6626770365829466
26.180000000000636        0.6654381137178034
26.200000000000635        0.6627321237910342
26.220000000000635        0.6529521928743282
26.24000000000064         0.631271287328708
26.26000000000064         0.592132818658335
26.280000000000644        0.536503621686534
26.30000000000065         0.4748589273636345
26.320000000000647        0.417542065811597
26.34000000000065         0.3688081386183438
26.36000000000065         0.32874023786902407
26.38000000000065         0.29605892573722364
26.400000000000652        0.2693537685091758
26.42000000000066         0.24741991909732355
26.440000000000662        0.2292998261476201
26.460000000000665        0.2142495755978688
26.480000000000665        0.20169433751627958
26.50000000000067         0.19119035336954796
26.520000000000675        0.1823899880726632
26.540000000000674        0.17502525418271442
26.560000000000684        0.1688853122285795
26.58000000000068         0.1638048710821123
26.600000000000694        0.15965451988530865
26.62000000000069         0.15633353920075738
26.64000000000069         0.15376457632475227
26.660000000000696        0.15188976023582798
26.680000000000696        0.1506679129991577
26.70000000000071         0.15007262886641004
26.720000000000706        0.15009105802713288
26.740000000000723        0.15072332108457775
26.760000000000712        0.15198255092965843
26.780000000000715        0.15389534816310066
26.800000000000722        0.15650317245791945
26.82000000000072         0.1598641846987959
26.840000000000718        0.1640560826125071
26.86000000000073         0.169180013853497
26.880000000000745        0.17536590967062543
26.900000000000738        0.1827796912075173
26.920000000000737        0.19163297387252004
26.940000000000747        0.20219612057034192
26.960000000000747        0.21481576895851398
26.98000000000075         0.22993823418284384
27.00000000000075         0.24814027692977156
27.020000000000756        0.27016798090947625
27.040000000000767        0.2969800894287486
27.06000000000076         0.32979260768961316
27.080000000000762        0.37001856952268264
27.10000000000077         0.4189436111517919
27.12000000000077         0.4764879873993397
27.14000000000076         0.5383885326847726
27.160000000000757        0.5942723366533746
27.18000000000076         0.6336234672121962
27.20000000000076         0.655458138272575
27.220000000000766        0.6653508311545573
27.240000000000755        0.6681264399069676
27.26000000000076         0.6654087113371967
27.280000000000754        0.6555897656978343
27.300000000000768        0.6338933995830256
27.32000000000076         0.5944995926260059
27.340000000000753        0.5386496706316377
27.360000000000774        0.47677085578710393
27.380000000000773        0.4192406896362677
27.400000000000773        0.37032706979412766
27.42000000000077         0.330112493466151
27.440000000000772        0.297312553068835
27.460000000000786        0.27051143507236614
27.480000000000782        0.24849964226437124
27.50000000000078         0.23031590503549249
27.52000000000079         0.21521343894925238
27.5400000000008          0.20261522433521637
27.560000000000795        0.19207482317520988
27.580000000000794        0.1832461989561316
27.600000000000804        0.17585737714979283
27.6200000000008          0.1696976782210951
27.640000000000814        0.16460116645464934
27.660000000000824        0.16043792649894256
27.680000000000817        0.1571068576400829
27.700000000000816        0.15453033907112615
27.720000000000823        0.15265030631910373
27.740000000000823        0.1514254330470059
27.76000000000083         0.15082920024413596
27.780000000000832        0.1508486980949052
27.800000000000846        0.15148404650204203
27.820000000000846        0.15274839326297912
27.840000000000842        0.15466850243814728
27.86000000000084         0.15728607409151962
27.880000000000848        0.16065935154793856
27.90000000000085         0.1648664080665127
27.920000000000858        0.17000879704385996
27.94000000000086         0.17621697111883913
27.96000000000087         0.18365751784757267
27.98000000000087         0.19254290339445712
28.000000000000874        0.20314457838698521
28.02000000000088         0.2158105753956399
28.040000000000873        0.2309890044953514
28.06000000000088         0.24925894168589652
28.080000000000886        0.27136945530410106
28.1000000000009          0.2982837783937269
28.120000000000893        0.33121175803716274
28.140000000000896        0.37160074329818
28.160000000000892        0.4207140941714663
28.18000000000089         0.4784818878997115
28.200000000000884        0.5406287894353085
28.220000000000876        0.5967479843301595
28.240000000000865        0.6362805716521952
28.260000000000865        0.6582253059600561
28.28000000000086         0.6681711984438384
28.30000000000088         0.6709632431853475
28.320000000000867        0.668233132071208
28.340000000000867        0.6583654908720125
28.360000000000873        0.6365641991946704
28.380000000000873        0.5971638658050955
28.400000000000876        0.5409099011816914
28.42000000000088         0.4787850861908588
28.44000000000088         0.421031225121289
28.460000000000896        0.3719292082346182
28.480000000000892        0.3315608191036879
28.500000000000888        0.29863645274669237
28.52000000000089         0.27173468481960816
28.540000000000905        0.24964118303645644
28.560000000000905        0.23139077501804153
28.580000000000904        0.21623362268440605
28.60000000000092         0.2035903722114562
28.62000000000091         0.19301281037749743
28.640000000000914        0.1841528442038577
28.660000000000913        0.17673897373092906
28.680000000000923        0.17055902538968093
28.700000000000927        0.16544566588958964
28.720000000000933        0.16126891846259248
28.740000000000947        0.15792726950360092
28.76000000000094         0.15534278149325484
28.780000000000946        0.15345716621617164
28.80000000000095         0.1522289590733722
28.82000000000095         0.1516315614207176
28.84000000000095         0.1516520191635649
28.860000000000948        0.1522904416972231
28.880000000000965        0.1535600225101227
28.900000000000958        0.15548763468994023
28.92000000000096         0.15811505478291898
28.94000000000097         0.16150091746519013
28.960000000000974        0.16572376651975626
28.980000000000974        0.1708852431741517
29.00000000000097         0.17711649302227223
29.020000000000984        0.18458480411343658
29.04000000000099         0.19350353745489787
29.060000000000997        0.2041452885086326
29.080000000000993        0.2168595588725638
29.100000000000996        0.23209635027478287
29.120000000001           0.25043718113379015
29.14000000000101         0.27263427206662816
29.16000000000101         0.2996548927136145
29.180000000001016        0.33271392679272715
29.20000000000101         0.37323022843747927
29.220000000001008        0.4225759086870212
29.24000000000101         0.48057861690336523
29.260000000001003        0.5429842019485449
29.280000000000992        0.5993493990803441
29.30000000000099         0.6390702100278238
29.320000000000974        0.661128387206352
29.340000000000973        0.6711288367599095
29.360000000000987        0.673937448768416
29.380000000000987        0.671193953286798
29.400000000000986        0.6612749542788399
29.420000000000986        0.6393633999231002
29.440000000000985        0.5997772544981569
29.460000000000992        0.5432890088966689
29.480000000001006        0.4807884020892141
29.500000000001           0.42290862944493096
29.520000000001016        0.37360963926160684
29.540000000001008        0.33308049810332657
29.560000000001015        0.300026146851474
29.58000000000101         0.27301927982316154
29.600000000001017        0.2508405081506841
29.62000000000102         0.23252060289566437
29.640000000001027        0.21730652907723844
29.660000000001027        0.2046164382553633
29.680000000001037        0.1940002204866208
29.700000000001033        0.18510833993840956
29.720000000001036        0.17766818342655286
29.74000000000104         0.17146636881358554
29.760000000001043        0.16633560251117177
29.78000000000104         0.1621450542265713
29.80000000000105         0.15879244219745847
29.820000000001063        0.15619971987475406
29.84000000000107         0.15430835079387817
29.860000000001055        0.15307669366865817
29.880000000001058        0.15247804952533425
29.900000000001068        0.15249943623482173
29.920000000001068        0.15314098993440492
29.94000000000107         0.1544159680681539
29.960000000001077        0.15635134898176092
29.98000000000108         0.15898908168025916
30.000000000001087        0.16238805265789888
30.020000000001083        0.16662693218098154
30.040000000001093        0.1718084498395928
30.060000000001093        0.17806368143216902
30.080000000001096        0.18556086373173042
30.10000000000111         0.19451429607549572
30.120000000001106        0.20519777501662606
30.140000000001105        0.21796234437091208
30.160000000001105        0.23325999310313555
30.18000000000111         0.25167480722081226
30.20000000000111         0.2739623240280967
30.22000000000112         0.30109406498884433
30.24000000000112         0.33429022455628515
30.260000000001135        0.37497583221181097
30.280000000001124        0.42444696006851784
30.300000000001127        0.4826699271631174
30.320000000001123        0.5454547256640574
30.340000000001112        0.602076701800372
30.3600000000011          0.641992853623858
30.380000000001107        0.6641681750998659
30.400000000001103        0.674224677716195
30.4200000000011          0.6770498988378434
30.4400000000011          0.6742916239857382
30.460000000001116        0.6643177211881266
30.480000000001098        0.6422891346443353
30.5000000000011          0.6025071276528409
30.52000000000111         0.5457627393194894
30.54000000000112         0.4829937363123968
30.56000000000112         0.4247887437902491
30.58000000000113         0.37533264496554614
30.60000000000114         0.3346710624886808
30.620000000001127        0.3014815583737414
30.640000000001137        0.2743654181024188
30.66000000000114         0.25209800076838434
30.680000000001144        0.2337058677633875
30.700000000001143        0.21843268990467665
30.720000000001153        0.20569404075497988
30.740000000001157        0.1950377811506971
30.760000000001156        0.18611282957299008
30.78000000000116         0.1786453970913563
30.800000000001162        0.17242120894574903
30.820000000001162        0.1672722571488732
30.84000000000117         0.16306699124719407
30.860000000001165        0.15970313643813513
30.88000000000117         0.1571018524288828
30.90000000000119         0.15520449882107726
30.920000000001178        0.15396925235160291
30.94000000000118         0.15336929530991866
30.96000000000118         0.1533915865570825
30.98000000000119         0.15403627256729688
31.00000000000119         0.15531669181070867
31.02000000000119         0.15725996608986387
31.040000000001207        0.15990823833781198
31.060000000001196        0.16332064925915127
31.080000000001203        0.16757621349881557
31.100000000001202        0.1727778028009705
31.120000000001205        0.17905756888654528
31.140000000001212        0.18658494689191663
31.160000000001215        0.1955741361778768
31.18000000000121         0.2063006364841878
31.20000000000122         0.21911708403308616
31.22000000000122         0.2344775173692307
31.240000000001224        0.2529686668818955
31.26000000000123         0.2753494788892752
31.280000000001237        0.3025958315341129
31.30000000000123         0.33593333959055843
31.320000000001237        0.37679332601825294
31.340000000001236        0.4264777430995092
31.360000000001236        0.4849541166402335
31.380000000001225        0.5480291715414745
31.40000000000121         0.605081204655344
31.420000000001195        0.6450337418315558
31.440000000001202        0.6673355044717676
31.460000000001216        0.6774530277863566
31.48000000000121         0.6802966069040384
31.5000000000012          0.6775229530457544
31.5200000000012          0.6674909875799503
31.5400000000012          0.6453388446848526
31.560000000001192        0.6053512213532014
31.58000000000121         0.5483397545765101
31.60000000000121         0.48529212381398357
31.62000000000123         0.4268351793674494
31.640000000001216        0.3771671883131022
31.660000000001222        0.3363236411959567
31.68000000000123         0.3030033018407804
31.70000000000123         0.27577412212659336
31.72000000000123         0.2534150656514378
31.740000000001224        0.23494832552265582
31.760000000001224        0.21961415667060433
31.780000000001245        0.20682548164756778
31.800000000001244        0.1961280912886271
31.820000000001244        0.18716925805767126
31.84000000000125         0.17967391750743253
31.860000000001243        0.17342682908878423
31.88000000000124         0.16825926602588595
31.90000000000126         0.16403911314917524
31.920000000001245        0.1606635396912246
31.94000000000126         0.15805359166911437
31.960000000001273        0.15615026207800028
31.980000000001265        0.15491143855636516
32.000000000001265        0.15431025249802455
32.02000000000127         0.15433360520907366
32.04000000000127         0.15498164346624824
32.06000000000127         0.15626776494900327
32.08000000000129         0.15821922237991162
32.10000000000127         0.16087837056880316
32.12000000000128         0.16430464580972293
32.14000000000129         0.1685774384661177
32.16000000000129         0.1738000949003536
32.18000000000129         0.18010537728011525
32.200000000001296        0.18766283428296499
32.22000000000129         0.19668871879229044
32.24000000000129         0.20746074337141868
32.260000000001305        0.22033093503654175
32.280000000001316        0.23575645127892153
32.300000000001305        0.2543267789080614
32.320000000001315        0.2768044156679978
32.34000000000131         0.3041697735501878
32.360000000001314        0.3376541023969416
32.380000000001324        0.3786952803270409
32.40000000000131         0.4286013913879363
32.42000000000131         0.4873412971793436
32.440000000001305        0.5507082368249918
32.46000000000129         0.6080413758570131
32.48000000000127         0.6483022344926993
32.500000000001265        0.6706469294140284
32.52000000000127         0.6808289239335438
32.54000000000127         0.6836919203694484
32.56000000000127         0.680902078067759
32.58000000000127         0.6708089756895208
32.600000000001266        0.6485269446043832
32.620000000001276        0.608323825758068
32.64000000000129         0.5510335201266148
32.66000000000129         0.4876958095804842
32.68000000000129         0.42897697753008707
32.70000000000129         0.37908898408016534
32.7200000000013          0.3380660602633723
32.7400000000013          0.3046015319708941
32.760000000001305        0.27725802535769645
32.78000000000131         0.25480100089071045
32.80000000000131         0.2362573367155041
32.820000000001315        0.2208604112046879
32.84000000000131         0.2080203808036197
32.86000000000131         0.19728089336550433
32.880000000001324        0.1882875509094762
32.900000000001334        0.18076395928863537
32.92000000000133         0.17449381428910213
32.940000000001326        0.169307579700109
32.96000000000134         0.165072544999677
32.98000000000133         0.16168544296210066
33.00000000000134         0.15906697244526288
33.02000000000134         0.1571578148161096
33.04000000000135         0.15591577183499428
33.060000000001345        0.15531379751117633
33.08000000000135         0.1553387074179806
33.10000000000135         0.15599068050331585
33.120000000001355        0.15728318471368274
33.14000000000136         0.15924360811906257
33.160000000001354        0.16191451220598146
33.180000000001364        0.16535562752590885
33.20000000000137         0.1696467467792485
33.22000000000136         0.17489174350296968
33.240000000001366        0.18122404636495912
33.26000000000138         0.18881404296224724
33.28000000000137         0.19787905313456552
33.30000000000136         0.20869674627097684
33.32000000000139         0.2216231545890008
33.34000000000138         0.2371194484730152
33.36000000000139         0.255773459911222
33.380000000001395        0.2783534478343785
33.400000000001384        0.30584462378403504
33.420000000001394        0.339484219701484
33.44000000000139         0.3807170569349381
33.4600000000014          0.43085773553240514
33.48000000000139         0.4898765784151945
33.50000000000138         0.5535527395355463
33.52000000000137         0.6111842610201629
33.54000000000137         0.6516775124252074
33.56000000000135         0.6741706912073502
33.58000000000135         0.6844087343671975
33.600000000001344        0.6872984812927554
33.62000000000135         0.6844911721154612
33.64000000000135         0.6743325054048727
33.66000000000135         0.6519115913241093
33.68000000000135         0.611478995160364
33.70000000000136         0.5538931610214449
33.72000000000137         0.4902490596237907
33.74000000000137         0.4312541657950152
33.76000000000138         0.3811345936821528
33.78000000000138         0.33992313978087674
33.80000000000138         0.30630660495913226
33.8200000000014          0.27884064671689385
33.84000000000139         0.2562880933058552
33.860000000001406        0.23766362326015925
33.880000000001395        0.2221987837213961
33.9000000000014          0.20930560703325268
33.920000000001394        0.19852273958263247
33.9400000000014          0.18949402135702423
33.9600000000014          0.1819416866129323
33.98000000000141         0.17564834843581595
34.00000000000142         0.17044358794752693
34.02000000000141         0.16619399906042887
34.04000000000141         0.16279580441250857
34.06000000000142         0.1601693503936209
34.08000000000141         0.1582550708882285
34.10000000000142         0.15701058346918614
34.120000000001426        0.15640871402467885
34.14000000000143         0.15643625910745515
34.16000000000143         0.1570933697190203
34.18000000000143         0.1583936229326461
34.20000000000143         0.16036455725850127
34.22000000000144         0.16304896907240177
34.240000000001444        0.16650691356918754
34.26000000000144         0.1708186132086338
34.28000000000145         0.17608850061104195
34.30000000000145         0.18245072875632068
34.32000000000146         0.19007661483890165
34.34000000000147         0.19918466181978797
34.360000000001456        0.21005404162384636
34.380000000001466        0.2230427054773011
34.40000000000146         0.23861158560938348
34.42000000000146         0.25735982701333954
34.44000000000147         0.28005163793567717
34.460000000001486        0.30768016858890296
34.480000000001475        0.34148914989772816
34.50000000000147         0.3829309413653974
34.520000000001474        0.4333271992303096
34.54000000000147         0.49264992741852737
34.56000000000146         0.556663517960557
34.58000000000144         0.6146222695115388
34.60000000000142         0.6553723840420184
34.620000000001426        0.6780233933249954
34.64000000000142         0.6883380614875417
34.66000000000142         0.6912508952698037
34.680000000001435        0.6884301850884857
34.70000000000142         0.6781920863541352
34.72000000000143         0.6556168240090388
34.74000000000143         0.6149311277420337
34.76000000000144         0.5570224439584898
34.78000000000144         0.4930459450574953
34.800000000001454        0.4337526794948737
34.82000000000148         0.38338340177040187
34.84000000000146         0.3419691392318198
34.86000000000146         0.3081895668331073
34.880000000001466        0.28059273851365063
34.90000000000147         0.25793493353402497
34.920000000001465        0.23922557794697236
34.94000000000147         0.22369413535754037
34.9600000000015          0.21074482657045782
34.98000000000147         0.19991557030530555
35.00000000000148         0.1908505743184294
35.02000000000148         0.1832691379949995
35.04000000000148         0.17695271058401782
35.060000000001494        0.17172996563263968
35.08000000000148         0.16746677499119375
35.100000000001494        0.16405876671844916
35.1200000000015          0.16142583159217588
35.14000000000151         0.1595080982199975
35.160000000001496        0.15826300946241828
35.180000000001506        0.15766330144495158
35.200000000001495        0.1576957389565734
35.2200000000015          0.158360528179231
35.24000000000151         0.15967129202856065
35.260000000001504        0.16165582183376695
35.28000000000153         0.16435717338560832
35.30000000000151         0.1678357860910698
35.32000000000152         0.17217238923102623
35.340000000001524        0.17747207060700404
35.36000000000153         0.1838698213621885
35.38000000000153         0.19153802665550806
35.400000000001526        0.20069655208964562
35.42000000000153         0.21162631088689884
35.44000000000153         0.2246874848977553
35.46000000000154         0.2403438681045512
35.48000000000154         0.25919491624095764
35.50000000000154         0.28201636915622125
35.520000000001545        0.3098072743713049
35.54000000000155         0.3438122630225385
35.56000000000155         0.3854957240612499
35.58000000000155         0.4361874538159051
35.60000000000156         0.495861453354565
35.62000000000154         0.5602653264262648
35.64000000000152         0.618603282848779
35.66000000000152         0.659651930757296
35.68000000000151         0.6824868010685254
35.70000000000151         0.692890840140979
35.72000000000151         0.695830575243809
35.7400000000015          0.6929872332849348
35.760000000001504        0.6826572746890185
35.7800000000015          0.6598178432259897
35.8000000000015          0.6189318768303866
35.820000000001514        0.5606512867179544
35.840000000001524        0.4962931541958312
35.86000000000153         0.43665839323516376
35.88000000000154         0.38600428236825873
35.90000000000154         0.3443595968743922
35.92000000000153         0.3103956689290051
35.94000000000154         0.2826517083212821
35.96000000000155         0.2598763692395392
35.980000000001546        0.2410729578206071
36.00000000000155         0.225466165474595
36.02000000000155         0.21245652281286373
36.04000000000157         0.2015800922406898
36.060000000001565        0.1924758450359154
36.08000000000156         0.18486435953495894
36.10000000000157         0.17852473051186224
36.12000000000157         0.1732845839513835
36.14000000000157         0.1690089829504186
36.16000000000157         0.1655929359215179
36.18000000000158         0.16295585187989978
36.20000000000158         0.16103747501335405
36.22000000000158         0.15979497298973364
36.2400000000016          0.15920094262760662
36.26000000000159         0.15924213873127516
36.28000000000159         0.1599188571971038
36.30000000000159         0.1612449243702138
36.3200000000016          0.16324832808812204
36.340000000001595        0.16597240754051004
36.3600000000016          0.1694782400244024
36.38000000000162         0.17384712395757243
36.400000000001604        0.17918496345947316
36.42000000000161         0.18562779173752322
36.44000000000161         0.1933493197319547
36.460000000001614        0.2025710999701685
36.480000000001624        0.21357619689951443
36.50000000000162         0.22672754493449762
36.52000000000162         0.24249247250714756
36.54000000000162         0.26147498460168384
36.56000000000163         0.28445667121654267
36.580000000001625        0.3124433356177377
36.60000000000163         0.34670011228867775
36.620000000001625        0.38867247813894334
36.64000000000163         0.43972844782677734
36.66000000000163         0.49983545752512254
36.68000000000162         0.5647210537453782
36.7000000000016          0.6235288310337195
36.72000000000158         0.6649494306866672
36.74000000000158         0.6880143445876913
36.76000000000157         0.698530367827288
36.780000000001586        0.7015037519855047
36.800000000001575        0.6986319701157825
36.82000000000158         0.6881955631388597
36.84000000000158         0.6651325786182408
36.86000000000158         0.6237111271460234
36.880000000001594        0.5651454717966511
36.9000000000016          0.5003197205742264
36.92000000000162         0.44026817931279877
36.94000000000161         0.389267642759204
36.96000000000162         0.34734378264311905
36.98000000000162         0.3131575235441461
37.00000000000161         0.28523711570007015
37.020000000001616        0.26232178890094265
37.040000000001626        0.24340727573112328
37.06000000000165         0.22771233667006882
37.08000000000163         0.21463291822007033
37.100000000001636        0.20370154694889697
37.12000000000164         0.19455515317995767
37.14000000000163         0.18691057627370142
37.160000000001645        0.18054589579555197
37.18000000000165         0.17528817933210306
37.200000000001666        0.1710010107122674
37.22000000000164         0.1675786342053684
37.24000000000165         0.16493989034250098
37.26000000000165         0.16302411845519904
37.28000000000166         0.16178821113717604
37.30000000000167         0.16120458668690468
37.320000000001656        0.16125992994775026
37.340000000001666        0.16195460133068457
37.36000000000166         0.16330264403523517
37.38000000000167         0.1653323979444032
37.400000000001675        0.16808779379699598
37.420000000001686        0.1716304045644104
37.440000000001675        0.17604221259971128
37.460000000001685        0.18143053372136142
37.48000000000169         0.18793260887128344
37.500000000001684        0.1957238724988497
37.520000000001694        0.20502806806389373
37.54000000000169         0.2161310518943079
37.56000000000169         0.2293993283314406
37.5800000000017          0.24530480656350667
37.6000000000017          0.2644573827609047
37.6200000000017          0.28764621526805223
37.6400000000017          0.3158867455321244
37.66000000000172         0.3504560637064487
37.68000000000171         0.39284880957530155
37.70000000000171         0.44433942124428855
37.72000000000171         0.5050055951506878
37.74000000000169         0.5705147607959422
37.76000000000168         0.6299345818569609
37.780000000001664        0.671844152041468
37.80000000000166         0.6952134125974553
37.82000000000166         0.7058779094684096
37.84000000000166         0.7088959101860128
37.86000000000166         0.7059867043651127
37.880000000001644        0.6954103927634488
37.90000000000166         0.6720545627389909
37.92000000000167         0.630160487422525
37.940000000001675        0.5709947517188341
37.960000000001685        0.5056851656691405
37.98000000000169         0.4449853399839067
38.00000000000169         0.39354130958825767
38.02000000000171         0.35126143592390613
38.040000000001704        0.3167929554281729
38.06000000000169         0.28864979781734545
38.080000000001704        0.26555890492360595
38.10000000000171         0.24650615550015578
38.12000000000171         0.23070260100217685
38.140000000001706        0.217538203736378
38.16000000000174         0.20654086523223653
38.18000000000172         0.1973439317016287
38.20000000000173         0.18966147747631099
38.22000000000172         0.1832697566386928
38.24000000000173         0.17799340229373248
38.26000000000173         0.17369500848959948
38.28000000000173         0.1702681693806364
38.30000000000173         0.1676307597374556
38.320000000001734        0.16572159005186782
38.34000000000175         0.16449720965035583
38.36000000000173         0.16392986002445875
38.38000000000175         0.16400619568941768
38.40000000000175         0.16472668032046675
38.42000000000174         0.16610562494413927
38.440000000001746        0.16817182630932076
38.460000000001756        0.17096984183695887
38.48000000000177         0.17456209792522281
38.50000000000175         0.1790318973193517
38.52000000000176         0.18448734112685164
38.540000000001754        0.1910681670914327
38.560000000001764        0.19895190809282542
38.58000000000176         0.20836525301289546
38.600000000001764        0.21959781184273813
38.62000000000179         0.23302089157823241
38.64000000000178         0.24911256914041785
38.66000000000178         0.26849068100753415
38.68000000000178         0.29195459863521883
38.700000000001786        0.3205327908298332
38.72000000000179         0.35551855532632226
38.7400000000018          0.398425390251259
38.760000000001796        0.4506301954910364
38.780000000001785        0.5120743137812597
38.80000000000179         0.5783051608748758
38.82000000000176         0.6385428293564427
38.840000000001766        0.6811021396153325
38.86000000000174         0.7048720384289722
38.88000000000174         0.7157268785900058
38.900000000001725        0.7187979689749404
38.920000000001735        0.7158352989624922
38.94000000000173         0.7050700149994409
38.960000000001735        0.6813212478289233
38.98000000000173         0.6387967113820376
39.00000000000174         0.5788455706648838
39.020000000001765        0.5127423181644197
39.04000000000177         0.45142647512920125
39.06000000000178         0.3993565946050704
39.080000000001775        0.3565817087481326
39.10000000000179         0.32175253353441957
39.120000000001795        0.2933279347692138
39.1400000000018          0.27001837820066443
39.16000000000179         0.2507964944939618
39.180000000001804        0.23486295680114003
39.2000000000018          0.22159962177521064
39.220000000001804        0.21052814845410586
39.2400000000018          0.20127736745965832
39.2600000000018          0.1935563996909429
39.28000000000181         0.18713963788147106
39.30000000000182         0.18185005648909505
39.32000000000182         0.1775485373799026
39.34000000000182         0.17412666106167923
39.360000000001826        0.17150169127441037
39.38000000000182         0.16961158250767688
39.40000000000182         0.1684124435954521
39.420000000001835        0.16787630377009746
39.44000000000184         0.16798981830368492
39.46000000000183         0.16875365882537693
39.48000000000184         0.17018255412554303
39.50000000000183         0.1723059819643553
39.52000000000183         0.1751694728587099
39.54000000000185         0.17883670360102447
39.56000000000184         0.1833925564618553
39.58000000000186         0.1889474656237043
39.60000000000184         0.19564329077253684
39.62000000000186         0.20366043916806198
39.64000000000186         0.21323094222752886
39.66000000000185         0.22464930682242934
39.68000000000186         0.23829371810009972
39.70000000000188         0.2546510856940507
39.72000000000189         0.27435061976683783
39.740000000001864        0.29820632469322195
39.760000000001874        0.3272653322891525
39.78000000000187         0.3628441245418088
39.80000000000188         0.4064830512844025
39.820000000001876        0.45958438434241977
39.84000000000187         0.522097052077023
39.86000000000185         0.5895162474038645
39.88000000000183         0.6507580675680262
39.90000000000181         0.6944323043134739
39.92000000000181         0.7187902947386957
39.940000000001795        0.7299351137856444
39.9600000000018          0.7330944999033915
39.98000000000181         0.7300588763372488
40.00000000000181         0.7190219699097246
40.02000000000181         0.6947105470131036
40.04000000000181         0.651287900098507
40.06000000000183         0.5902261380804842
40.08000000000183         0.523011249278062
40.10000000000184         0.46072522434508717
40.12000000000186         0.4078686771698863
40.14000000000185         0.3644880652803909
40.16000000000186         0.3291780535305744
40.180000000001854        0.30039658173441586
40.20000000000186         0.27682053234628573
40.22000000000186         0.25740330947896056
40.24000000000187         0.24133069972708243
40.26000000000189         0.22797296489150726
40.28000000000188         0.21684220074650323
40.300000000001866        0.20755891896355932
40.320000000001876        0.19982831958197284
40.34000000000188         0.19342076894816815
40.360000000001875        0.1881589934047611
40.380000000001885        0.1839003827666111
40.40000000000192         0.180534000633305
40.42000000000189         0.17797540835014725
40.440000000001895        0.17616181281672177
40.460000000001905        0.17504902605480627
40.4800000000019          0.17460903940518674
40.5000000000019          0.17482890605525123
40.5200000000019          0.1757100247266277
40.5400000000019          0.17726810818766878
40.56000000000191         0.17953401241568828
40.58000000000191         0.18255511920280057
40.60000000000192         0.18639761040168862
40.620000000001916        0.1911495851703644
40.64000000000192         0.19692549742155047
40.66000000000191         0.2038722059096051
40.68000000000193         0.21217712697871216
40.700000000001936        0.22207919691606187
40.720000000001946        0.2338820848586262
40.740000000001935        0.24797937600237546
40.76000000000194         0.264873544929882
40.780000000001934        0.28521515092920013
40.80000000000194         0.3098456017465685
40.82000000000193         0.33984689751687364
40.84000000000194         0.3765787189977109
40.86000000000196         0.4216312520099404
40.88000000000195         0.4764534937393433
40.90000000000194         0.5410073699562834
40.92000000000193         0.6106988754949905
40.940000000001916        0.674170856195284
40.960000000001905        0.7195399657526668
40.98000000000189         0.7451166966962306
41.00000000000189         0.7568070766811533
41.020000000001886        0.7601324660861357
41.04000000000189         0.7569763067841483
41.060000000001885        0.7454755809256159
41.080000000001895        0.7202008116908918
41.1000000000019          0.6752581575980814
41.120000000001895        0.6123710662327239
41.14000000000192         0.5434272041963878
41.16000000000192         0.47976109995641236
41.18000000000193         0.4259309009461777
41.200000000001936        0.38194455703742775
41.22000000000195         0.34633356240478663
41.24000000000194         0.31749656963106426
41.26000000000194         0.2940717355602696
41.280000000001955        0.27497033636481255
41.30000000000195         0.25935595185419685
41.32000000000194         0.24658162068993375
41.34000000000195         0.23614795362448274
41.360000000001946        0.2276684966636542
41.38000000000195         0.22084665272312987
41.40000000000196         0.21545161922096373
41.42000000000196         0.21130069701852808
41.440000000001966        0.208247725172078
41.46000000000199         0.20619697693369768
41.48000000000196         0.20507315536872006
41.50000000000197         0.20483443502551357
41.52000000000198         0.2054428736856361
41.54000000000199         0.20688152998929515
41.550000000000004        0.2079126702298712
