% Model:              Untitled.mph
% Version:            COMSOL 5.6.0.280
% Date:               Sep 14 2021, 17:14
% Dimension:          1
% Nodes:              1062
% Expressions:        1
% Description:        线图
% cln2x                   Height
20.350000000000005        0.15144735332905038
20.36000000000004         0.15142931172708424
20.38000000000005         0.15185671758844338
20.40000000000005         0.15291250805931106
20.42000000000005         0.15462119055608314
20.440000000000047        0.15702211992635484
20.460000000000047        0.16017139647677384
20.480000000000054        0.16414442715901695
20.500000000000057        0.16904047207517733
20.52000000000006         0.1749869166037487
20.540000000000056        0.18214695550643595
20.56000000000006         0.19072902411105827
20.58000000000006         0.20099968179565111
20.60000000000006         0.21330093253652682
20.620000000000065        0.22807338847712616
20.64000000000007         0.24588678534173816
20.66000000000007         0.2674786914105742
20.680000000000074        0.2937988195330777
20.70000000000008         0.3260426855264228
20.720000000000077        0.3656108650700916
20.740000000000084        0.41377611763570227
20.76000000000008         0.47035743984583406
20.78000000000008         0.5314700297754756
20.800000000000075        0.5866822810409105
20.82000000000008         0.6253361157788754
20.840000000000078        0.6467237266958943
20.860000000000092        0.6564279440041636
20.880000000000084        0.6591532125199102
20.900000000000087        0.6564793909542481
20.920000000000094        0.6468055606312929
20.940000000000094        0.6253715031670869
20.960000000000097        0.58665777589601
20.9800000000001          0.5316047892058827
21.000000000000096        0.4705913158891363
21.020000000000113        0.41379353425094156
21.040000000000106        0.36563647620474415
21.06000000000011         0.3260510544646288
21.08000000000011         0.2937720047929888
21.100000000000115        0.2674079534791598
21.120000000000115        0.24576771851785803
21.140000000000118        0.22790298003028803
21.16000000000012         0.2130762656191808
21.180000000000124        0.2007174282105993
21.200000000000124        0.19038520303878081
21.220000000000127        0.18173678588469902
21.24000000000013         0.1745047377760639
21.26000000000013         0.1684796887883459
21.280000000000125        0.16349746333363352
21.30000000000014         0.15942934367590578
21.32000000000014         0.15617557591829498
21.340000000000142        0.15365908346482543
21.36000000000014         0.15182236252444592
21.380000000000145        0.15062449676887013
21.400000000000144        0.15003922576529663
21.42000000000015         0.15005373537280292
21.440000000000143        0.15066808520213576
21.460000000000154        0.1518952381859803
21.480000000000157        0.1537616530111696
21.500000000000156        0.15630848318110485
21.520000000000156        0.15959349283204483
21.540000000000163        0.16369383996133294
21.560000000000162        0.16870994851322738
21.580000000000165        0.1747703403239369
21.60000000000017         0.18204035483701098
21.62000000000016         0.1907296011215645
21.640000000000178        0.20110621108953625
21.660000000000178        0.21351391322211075
21.680000000000174        0.22839526962847417
21.70000000000017         0.24632228380130142
21.720000000000184        0.2680352021714228
21.74000000000018         0.2944869086364101
21.760000000000186        0.3268766051580039
21.78000000000019         0.36660886684233374
21.80000000000019         0.41495971879595983
21.82000000000019         0.47185262688925267
21.840000000000185        0.5330749072618679
21.860000000000184        0.5884831594015487
21.880000000000184        0.6272811799486524
21.900000000000187        0.6487533433822567
21.920000000000186        0.6584976560413127
21.940000000000186        0.661235142517268
21.960000000000196        0.658552314232297
21.980000000000192        0.648843364910295
22.000000000000195        0.6273336809417565
22.020000000000195        0.5884915139539242
22.040000000000205        0.5332673684232029
22.06000000000021         0.4720719250319292
22.080000000000208        0.41518875288217444
22.100000000000225        0.36684573105417234
22.12000000000022         0.3271128289588782
22.140000000000217        0.29474205950925314
22.160000000000217        0.2683039265592631
22.180000000000224        0.2466036482418021
22.200000000000227        0.22869002781793038
22.220000000000226        0.2138233504931362
22.24000000000023         0.20143173604100212
22.26000000000024         0.19107258697858812
22.280000000000236        0.18240207226889696
22.30000000000024         0.1751519511363676
22.320000000000235        0.16911222096811493
22.34000000000024         0.16411821224384893
22.36000000000024         0.16004097052397942
22.380000000000244        0.15678011205433368
22.400000000000244        0.15425847696407066
22.420000000000254        0.15241854246175654
22.440000000000254        0.15121917559129375
22.460000000000253        0.150634060472214
22.48000000000026         0.15065037790595648
22.500000000000256        0.15126822328318262
22.520000000000262        0.15250061348924054
22.540000000000262        0.15437409795412504
22.560000000000276        0.15692997308387902
22.58000000000027         0.1602262033908092
22.600000000000264        0.16434021311675337
22.620000000000275        0.1693727712465578
22.64000000000027         0.17545328926944426
22.66000000000027         0.18274632599956578
22.680000000000273        0.1914635549251235
22.70000000000028         0.20187357864771666
22.720000000000287        0.21432130537673705
22.740000000000283        0.2292508153230436
22.760000000000286        0.247236064786978
22.78000000000029         0.26901982022972865
22.80000000000029         0.2955582136281346
22.820000000000288        0.32805454493418595
22.8400000000003          0.3679181877120072
22.860000000000298        0.4164296148499009
22.880000000000308        0.47351273516847037
22.900000000000297        0.534931910161978
22.9200000000003          0.5903767421741768
22.940000000000293        0.6294887165795002
22.960000000000292        0.6510459160100265
22.98000000000029         0.6608306415961485
23.00000000000029         0.6635802650369327
23.020000000000298        0.6608871586573526
23.04000000000031         0.6511390961590056
23.060000000000308        0.6295447308107439
23.08000000000031         0.5905581627938521
23.10000000000032         0.5351411107524975
23.120000000000317        0.4737401221344537
23.140000000000327        0.4166692773004255
23.16000000000033         0.3681679883886258
23.180000000000337        0.3283145521807974
23.200000000000337        0.29582955042901765
23.220000000000333        0.2693072133944085
23.24000000000034         0.24753790278960355
23.260000000000343        0.22956787628502454
23.28000000000034         0.2146548972026275
23.30000000000035         0.20222512985168298
23.320000000000345        0.19183447074441193
23.34000000000036         0.18313794459427596
23.36000000000035         0.1758664161245153
23.380000000000358        0.16980917596814124
23.40000000000036         0.16480097777078884
23.420000000000364        0.16071241900521735
23.44000000000036         0.15744277505535345
23.460000000000367        0.1549146922534761
23.480000000000366        0.15307025840442245
23.500000000000377        0.15186839292790666
23.52000000000037         0.15128261862698253
23.54000000000038         0.1513000873536668
23.560000000000375        0.1519209334824367
23.580000000000382        0.15315825922788556
23.60000000000038         0.1550387231648382
23.62000000000039         0.15760375807009655
23.64000000000039         0.160911525997685
23.660000000000387        0.16503972498725783
23.68000000000039         0.1700894854069716
23.700000000000394        0.17619068547896016
23.720000000000393        0.1835091367620011
23.740000000000396        0.19225626352103015
23.7600000000004          0.20270075245425337
23.780000000000403        0.21519097259387357
23.800000000000413        0.23017166060932057
23.82000000000041         0.24821883590309063
23.84000000000041         0.27007794634318166
23.860000000000408        0.2967085719910086
23.880000000000415        0.32931836755529886
23.90000000000041         0.36932178287398204
23.920000000000414        0.41800399697441554
23.94000000000042         0.47528951235788125
23.96000000000042         0.5369306018353758
23.980000000000413        0.5925845295419475
24.00000000000041         0.631766399586255
24.020000000000408        0.6534993806072205
24.04000000000041         0.663335366680727
24.060000000000414        0.6660989077482588
24.08000000000042         0.6633951805968282
24.100000000000417        0.6536051819320047
24.12000000000043         0.6319196639244147
24.140000000000423        0.5927777876836513
24.16000000000043         0.5371536501347376
24.180000000000437        0.47553227609624404
24.20000000000044         0.41826029051054414
24.220000000000447        0.3695893872697785
24.240000000000446        0.32959735692113484
24.260000000000463        0.2970000819031063
24.28000000000046         0.2703835418465233
24.300000000000466        0.24854344522212593
24.32000000000046         0.2305129421384534
24.34000000000047         0.215550325141545
24.360000000000465        0.20307966153968726
24.380000000000468        0.19265522173341235
24.40000000000047         0.183930774481273
24.420000000000485        0.1766362319093965
24.44000000000047         0.17056014787517051
24.46000000000048         0.16553668882369052
24.48000000000048         0.16143596914938227
24.500000000000487        0.15815688428523425
24.520000000000486        0.15562179785360192
24.540000000000482        0.1537726327357707
24.5600000000005          0.15256806293889968
24.580000000000492        0.15198157257128206
24.600000000000495        0.15200029256557435
24.6200000000005          0.15262433010468324
24.640000000000498        0.15386684975206918
24.660000000000498        0.1557546410432002
24.6800000000005          0.15832932836252428
24.700000000000504        0.16164930864628282
24.720000000000518        0.16579256948456825
24.740000000000506        0.17086061754413345
24.760000000000517        0.1769838235773315
24.78000000000051         0.18432863470358185
24.80000000000052         0.19310729011989766
24.82000000000052         0.20359089365340666
24.84000000000053         0.21612696945328996
24.86000000000052         0.23116026152100574
24.880000000000532        0.24927344611125632
24.900000000000524        0.27121289397045867
24.920000000000528        0.2979418898061743
24.940000000000534        0.3306727324324845
24.960000000000537        0.37082527675923715
24.980000000000537        0.4196897166385211
25.00000000000054         0.47719122434146427
25.020000000000536        0.539069328124551
25.040000000000543        0.5949470249015641
25.06000000000053         0.6342983203623468
25.080000000000535        0.6561325506464328
25.10000000000053         0.6660230639151379
25.120000000000534        0.6687955782220669
25.140000000000533        0.6660802041828758
25.16000000000054         0.6562446189481579
25.180000000000536        0.6344604060890019
25.200000000000543        0.5951512784776033
25.22000000000055         0.5393053852560802
25.240000000000556        0.47744883644190134
25.260000000000563        0.4199624931069202
25.28000000000056         0.3711108633384168
25.300000000000573        0.33097115752776624
25.320000000000576        0.29825427223524303
25.34000000000058         0.271540787344108
25.360000000000582        0.2496185340667081
25.380000000000578        0.23152419773948643
25.400000000000585        0.2165113170956906
25.42000000000058         0.20399706694174508
25.44000000000059         0.1935366363305371
25.460000000000587        0.18478244576108996
25.480000000000604        0.1774633583672426
25.5000000000006          0.1713671257161448
25.520000000000596        0.16632730960848308
25.54000000000059         0.16221354812413222
25.560000000000606        0.15892434887162857
25.580000000000606        0.1563817591804684
25.600000000000605        0.15452747087824298
25.620000000000616        0.15332000093471515
25.640000000000622        0.15273274523637112
25.660000000000608        0.15275276125595644
25.680000000000618        0.15338020483469464
25.70000000000062         0.15462826966861565
25.72000000000062         0.1565238552734623
25.740000000000624        0.15910875533987243
25.76000000000062         0.16244161493837458
25.780000000000623        0.166600759392384
25.800000000000637        0.17168812328332764
25.820000000000636        0.1778346113204913
25.840000000000625        0.18520734230281696
25.860000000000632        0.19401941399933062
25.880000000000635        0.20454302961892443
25.900000000000635        0.21712711759221823
25.920000000000645        0.23222086328035027
25.940000000000655        0.25040137878628355
25.960000000000647        0.2724260084514294
25.98000000000065         0.2992593083025989
26.000000000000654        0.33211845413737495
26.020000000000657        0.37242897041697004
26.04000000000066         0.42148631253489893
26.060000000000652        0.4792164689557167
26.080000000000645        0.5413461021585954
26.100000000000648        0.5974629626296593
26.120000000000648        0.6369973888400101
26.140000000000647        0.6589421309377641
26.16000000000064         0.668885927287571
26.18000000000064         0.6716747522623844
26.200000000000635        0.66894065677185
26.220000000000645        0.6590614321565208
26.24000000000065         0.6371701206046558
26.26000000000066         0.5976808228834665
26.28000000000067         0.54159792713484
26.300000000000672        0.47949127762732624
26.320000000000686        0.4217773894290998
26.34000000000069         0.3727339484346655
26.360000000000692        0.3324374713266652
26.380000000000692        0.29959360435963184
26.400000000000695        0.2727772228582054
26.4200000000007          0.2507712442346714
26.440000000000698        0.2326084525907071
26.4600000000007          0.21753741031357274
26.480000000000697        0.2049774351559376
26.500000000000707        0.19448018091974076
26.520000000000714        0.18569442027841693
26.540000000000706        0.17834929354023227
26.560000000000716        0.17223167747646703
26.580000000000716        0.1671744549473892
26.60000000000072         0.16304675775890903
26.620000000000722        0.15974671346648944
26.640000000000725        0.15719607044787262
26.660000000000732        0.15533627802945546
26.680000000000728        0.15412567064135252
26.700000000000728        0.15353753288601216
26.72000000000074         0.1535588737466847
26.74000000000074         0.15418983603956385
26.760000000000737        0.1554437381582352
26.78000000000074         0.1573475371544558
26.800000000000736        0.1599432294038825
26.820000000000746        0.16328971245939353
26.84000000000075         0.16746564703576527
26.860000000000763        0.17257340720489028
26.880000000000756        0.1787444651227427
26.900000000000755        0.18614666703386973
26.92000000000076         0.19499403228604797
26.940000000000754        0.20555993512998538
26.96000000000076         0.21819480684087783
26.98000000000076         0.2333497753845523
27.000000000000764        0.251607750105636
27.020000000000774        0.27372270817396316
27.04000000000077         0.3006635004601704
27.06000000000077         0.33365894534700485
27.080000000000773        0.3741373770065962
27.100000000000776        0.423399875734902
27.120000000000775        0.4813732751600838
27.14000000000077         0.5437703664798715
27.160000000000768        0.600141068121121
27.180000000000774        0.6398692667637159
27.200000000000767        0.661930569825619
27.22000000000077         0.6719303163904281
27.24000000000076         0.6747359459732731
27.260000000000762        0.6719875984168366
27.28000000000076         0.6620609012838715
27.30000000000078         0.6401372346150326
27.320000000000775        0.6003652736430318
27.3400000000008          0.5440301548415997
27.360000000000795        0.4816585415567
27.380000000000805        0.42370400538839437
27.40000000000081         0.3744577463607662
27.420000000000815        0.333995455601326
27.440000000000815        0.30101724850259637
27.46000000000082         0.2740920166797308
27.480000000000828        0.251997491948431
27.50000000000083         0.23376229260090495
27.520000000000827        0.21863175877455826
27.540000000000827        0.20602274058760497
27.560000000000834        0.19548400840312832
27.58000000000084         0.1866657437734955
27.60000000000084         0.17929299140569327
27.620000000000836        0.1731526777353259
27.640000000000857        0.1680769604793668
27.660000000000842        0.16393440336895773
27.68000000000085         0.16062270123600383
27.70000000000085         0.1580632956022404
27.72000000000085         0.1561974160902279
27.740000000000848        0.1549832322662665
27.76000000000086         0.15439390577762688
27.780000000000868        0.154416379174019
27.800000000000864        0.1550507946088044
27.820000000000864        0.1563104929789336
27.84000000000087         0.15822260817332484
27.860000000000866        0.1608293977055505
27.880000000000873        0.1641898740050016
27.900000000000876        0.1683831130285394
27.92000000000088         0.1735119475780397
27.940000000000886        0.1797084396148871
27.960000000000885        0.18714118959280418
27.98000000000089         0.19602518016933165
28.000000000000888        0.2066350180212022
28.02000000000089         0.21932271617275192
28.04000000000089         0.23454143958043838
28.060000000000898        0.2528767271941563
28.080000000000904        0.2750859489877386
28.100000000000904        0.30214298557257885
28.120000000000907        0.33527111552091415
28.140000000000903        0.37593382399694614
28.1600000000009          0.4254106076377837
28.18000000000089         0.4836381814227615
28.20000000000089         0.5463151646371895
28.220000000000887        0.6029524335291162
28.24000000000088         0.6428851906231425
28.260000000000872        0.6650701206246327
28.28000000000087         0.6751294138761703
28.300000000000885        0.6779531651931353
28.320000000000874        0.6751903364509451
28.34000000000088         0.665207953086636
28.360000000000884        0.6431648502416016
28.380000000000887        0.6033627620650682
28.4000000000009          0.5465920735766496
28.420000000000925        0.4839417864774177
28.44000000000092         0.42573389393854544
28.46000000000093         0.37627426571600264
28.48000000000094         0.33563777241451465
28.500000000000934        0.30251863925303474
28.52000000000094         0.2754794032512374
28.540000000000944        0.25329232511623767
28.56000000000095         0.2349816134115976
28.580000000000943        0.21978915130818416
28.600000000000946        0.20712914715304895
28.620000000000953        0.1965483561464433
28.640000000000956        0.18769473097128267
28.660000000000956        0.1802936380793665
28.680000000000963        0.17413040426398985
28.70000000000097         0.16903571285960797
28.720000000000965        0.16487799511006526
28.74000000000097         0.16155448207133188
28.76000000000096         0.15898625903159416
28.78000000000097         0.15711429983978736
28.800000000000974        0.1558966147491074
28.820000000000977        0.1553062761126905
28.840000000000977        0.15533018103204965
28.860000000000987        0.15596846595800257
28.880000000000983        0.1572345254114819
28.900000000000986        0.1591556177120092
28.920000000000986        0.16177410219386693
28.940000000000992        0.1651494139892095
28.960000000000996        0.1693611421713727
28.980000000000995        0.17451226845826864
29.000000000000995        0.18073561889673123
29.020000000001005        0.18820058698570766
29.040000000001005        0.19712316751892348
29.060000000001004        0.20777926076363373
29.080000000001007        0.22052253754986428
29.10000000000101         0.2358082941035211
29.120000000001014        0.25422481531767666
29.140000000001017        0.2765330050919492
29.16000000000103         0.30371125208174876
29.180000000001026        0.33698843027404884
29.200000000001022        0.37780003181509647
29.220000000001022        0.4275351982108179
29.240000000001018        0.48602824805995953
29.260000000001018        0.5489989951604393
29.280000000000996        0.6059199011631483
29.300000000000995        0.6460748954592689
29.32000000000098         0.6683964593216429
29.340000000000988        0.6785221057638887
29.360000000000998        0.6813661366927012
29.380000000000997        0.6785873946883206
29.40000000000099         0.6685437139951105
29.420000000001007        0.6463699965961486
29.44000000000101         0.6063507157404282
29.460000000001013        0.5493080612863603
29.480000000001024        0.48624551799020327
29.500000000001044        0.42788013811069947
29.52000000000105         0.37819609921528946
29.540000000001058        0.33737611083578106
29.56000000000106         0.30410828702679993
29.58000000000106         0.2769485681033443
29.60000000000106         0.25466352364908107
29.620000000001074        0.23627278681061636
29.640000000001073        0.22101463392301632
29.660000000001073        0.2083004486601756
29.68000000000108         0.19767483246882453
29.700000000001076        0.18878409328422813
29.72000000000108         0.18135233467050058
29.740000000001082        0.17516356184036025
29.76000000000109         0.170048396338621
29.780000000001095        0.1658743458452178
29.800000000001088        0.1625378215136877
29.820000000001084        0.15995975387341343
29.840000000001094        0.15808083666693698
29.860000000001094        0.1568588797495351
29.880000000001104        0.1562668362545683
29.900000000001103        0.15629156609887662
29.920000000001096        0.1569332343340826
29.940000000001113        0.15820531015348743
29.960000000001113        0.16013517445397102
29.98000000000112         0.16276538019267633
30.00000000000112         0.16615564478383144
30.02000000000112         0.17038572827148377
30.040000000001122        0.1755597491392294
30.060000000001125        0.18181054247015332
30.080000000001135        0.18930854019185214
30.10000000000113         0.19827079326939664
30.12000000000113         0.2089745540100764
30.14000000000113         0.22177522907260994
30.160000000001133        0.2371303506798922
30.180000000001137        0.255631091090709
30.20000000000114         0.27804208016442805
30.220000000001146        0.30534647489631467
30.24000000000115         0.3387790910814021
30.260000000001146        0.37978231558864484
30.280000000001145        0.4296695221881764
30.30000000000115         0.4884142934494684
30.320000000001134        0.551800910985204
30.34000000000113         0.6090146443122619
30.360000000001108        0.6493950978371462
30.380000000001115        0.6718533018812001
30.400000000001103        0.6820446284297697
30.420000000001107        0.684908034858103
30.44000000000112         0.6821117735578468
30.46000000000112         0.6720035939371376
30.48000000000112         0.6496933768681948
30.500000000001137        0.6094480816689315
30.52000000000115         0.5521133622201376
30.540000000001175        0.48874698558560364
30.560000000001185        0.4300244996335296
30.580000000001185        0.3801570204738508
30.6000000000012          0.33918275545945153
30.6200000000012          0.3057618272323713
30.640000000001194        0.2784781629694252
30.660000000001205        0.2560924453006498
30.680000000001208        0.23761957942008663
30.70000000000121         0.22229413904882475
30.7200000000012          0.2095246144198911
30.740000000001203        0.19885332738484557
30.76000000000121         0.18992483779160493
30.780000000001213        0.18246191683993226
30.800000000001212        0.17624756155357418
30.82000000000122         0.17111159210648458
30.84000000000123         0.16692072857620718
30.86000000000122         0.16357132855939527
30.880000000001225        0.16098349357558445
30.900000000001228        0.1590977811444339
30.920000000001227        0.1578717984826918
30.94000000000123         0.1572783678153889
30.96000000000123         0.1573042843001358
30.980000000001233        0.15794972105725485
31.00000000000124         0.15922823536860709
31.020000000001232        0.16116737026422695
31.04000000000124         0.16380990227615233
31.06000000000124         0.16721584235139259
31.080000000001245        0.17146534138303696
31.10000000000124         0.17666272351925627
31.120000000001244        0.1829419729431751
31.140000000001248        0.19047481860919807
31.160000000001258        0.19947834865449024
31.180000000001254        0.2102316798954857
31.20000000000125         0.22309202312808793
31.220000000001253        0.23851923236921338
31.240000000001256        0.25710747418018903
31.260000000001252        0.2796252356558373
31.28000000000126         0.30706059733530755
31.30000000000125         0.34065449139218157
31.32000000000125         0.38185639687625017
31.340000000001236        0.43198630516675535
31.36000000000123         0.4910192421104362
31.38000000000122         0.554734198351381
31.400000000001207        0.612418112896638
31.420000000001195        0.6528667086375104
31.440000000001202        0.6754719294299727
31.46000000000121         0.6857343805632675
31.48000000000121         0.6886190504006788
31.500000000001222        0.685804562556799
31.520000000001215        0.6756283082417675
31.54000000000122         0.6531741046858345
31.560000000001224        0.6126911835798533
31.58000000000123         0.5550506524857646
31.600000000001245        0.4913670302651149
31.62000000000125         0.43235814578226534
31.64000000000125         0.38224970906103606
31.660000000001258        0.3410695345358287
31.680000000001243        0.30749822574986496
31.700000000001246        0.28008555009223707
31.72000000000124         0.2575951052079888
31.740000000001253        0.23903685811468692
31.760000000001266        0.22364151733688434
31.78000000000126         0.21081457302116646
31.800000000001265        0.2000960095541317
31.820000000001258        0.19112853507027125
31.84000000000127         0.1836334724214646
31.86000000000126         0.17739271828563144
31.880000000001253        0.17223526919025242
31.900000000001267        0.1680272095685261
31.92000000000128         0.1646642868128638
31.940000000001266        0.1620664412869051
31.960000000001287        0.16017383221425271
31.980000000001272        0.158943756257901
32.00000000000127         0.15834896963063236
32.020000000001275        0.15837620414383136
32.040000000001285        0.15902563550658713
32.060000000001274        0.16031088934654814
32.08000000000129         0.16225965288378294
32.10000000000129         0.16491493791694983
32.12000000000128         0.16833708710020615
32.14000000000129         0.17260667904765864
32.16000000000129         0.17782857880146966
32.180000000001286        0.18413746075688647
32.20000000000129         0.19170527314711364
32.22000000000129         0.20075127899378778
32.240000000001295        0.21155697256408926
32.2600000000013          0.22447917575305185
32.2800000000013          0.23998112573434138
32.3000000000013          0.2586600870043155
32.3200000000013          0.2812885286335237
32.340000000001304        0.3088595971568376
32.3600000000013          0.34262049583326737
32.3800000000013          0.3840279555297761
32.40000000000131         0.43440874679638364
32.420000000001295        0.49373962165914853
32.440000000001284        0.5577859460383291
32.46000000000128         0.6157934684941336
32.48000000000127         0.6565897178419239
32.500000000001265        0.6792631437665353
32.52000000000127         0.6896033281053042
32.54000000000127         0.6925114841392711
32.56000000000127         0.6896776704908578
32.5800000000013          0.6794284722083918
32.60000000000129         0.6568204613799691
32.6200000000013          0.6160857507470723
32.64000000000131         0.5581245441027116
32.66000000000133         0.4941106014040246
32.68000000000132         0.43480438039497443
32.70000000000133         0.38444599967039506
32.72000000000134         0.3430616808384978
32.74000000000134         0.3093258706542222
32.76000000000133         0.2817821956689687
32.78000000000133         0.25918006073023525
32.80000000000133         0.2405335717003632
32.82000000000133         0.22506608974712589
32.84000000000133         0.2121799800454346
32.86000000000134         0.20141280447236562
32.88000000000133         0.19240538564815818
32.900000000001334        0.1848775542589565
32.92000000000134         0.17861000685518882
32.94000000000134         0.17343081700412566
32.96000000000134         0.16920538448705727
32.98000000000134         0.16582895942177234
33.00000000000134         0.16322109357685938
33.020000000001346        0.16132160276567392
33.04000000000136         0.16008767250218459
33.06000000000135         0.15949186752899194
33.080000000001355        0.15952082807373433
33.10000000000135         0.16017476342348091
33.120000000001355        0.16146737975206576
33.14000000000136         0.16342651902223745
33.16000000000136         0.16609542845057426
33.18000000000136         0.1695347815735554
33.20000000000137         0.1738256083554987
33.22000000000138         0.1790733670596944
33.240000000001366        0.18541348951067144
33.26000000000137         0.19301887962565545
33.28000000000137         0.2021100134172088
33.300000000001376        0.2129685317793634
33.32000000000137         0.22595549131800988
33.34000000000138         0.24153845853581143
33.36000000000139         0.26031344608851614
33.380000000001374        0.28305920094849013
33.40000000000138         0.3107743314583031
33.42000000000138         0.34471285240614075
33.44000000000138         0.38633939620301594
33.46000000000138         0.4369881408092023
33.48000000000137         0.4966375068799519
33.500000000001364        0.5610369236869116
33.52000000000135         0.6193855373635188
33.54000000000135         0.6604480655436255
33.56000000000135         0.6832911863238811
33.58000000000135         0.6936971456884995
33.60000000000135         0.6966343310746865
33.620000000001355        0.6937784761101297
33.640000000001365        0.6834500309859598
33.660000000001375        0.6606763793509101
33.68000000000138         0.6196726931441905
33.70000000000139         0.5613722406611631
33.72000000000139         0.4970112333847485
33.7400000000014          0.43739355892893345
33.7600000000014          0.3867736786764894
33.78000000000141         0.34517596353356683
33.800000000001404        0.31126764751868913
33.82000000000141         0.2835846383611525
33.84000000000141         0.2608730425241914
33.86000000000141         0.24213418643033882
33.88000000000141         0.2265891700486161
33.90000000000141         0.21364187399031345
33.920000000001416        0.20282457834715054
33.94000000000141         0.19377612514962245
33.96000000000142         0.18621480367465332
33.98000000000142         0.17992009985050214
34.000000000001435        0.1747191095573409
34.020000000001424        0.17047644969757753
34.04000000000143         0.16708678370916302
34.06000000000143         0.16446925426593234
34.08000000000143         0.1625634001001226
34.10000000000143         0.16132620334122308
34.12000000000143         0.1607300872897766
34.14000000000146         0.1607616661290657
34.16000000000143         0.1614211229424487
34.180000000001435        0.16272228196928384
34.20000000000144         0.1646931531606861
34.220000000001434        0.16737724559699446
34.24000000000144         0.1708355953823683
34.26000000000144         0.1751497130745686
34.28000000000145         0.1804256808168924
34.30000000000144         0.1867997365528361
34.32000000000146         0.19444581871868222
34.340000000001446        0.20358572557494037
34.36000000000145         0.21450278028495345
34.38000000000145         0.22756019003631184
34.400000000001455        0.24322557519278304
34.420000000001465        0.26210664925287336
34.440000000001454        0.28497858456745595
34.46000000000146         0.31284855480949053
34.48000000000145         0.34697783745876143
34.500000000001464        0.3888394767075356
34.52000000000146         0.43977552311673374
34.54000000000145         0.49976639119181826
34.56000000000144         0.5645455955797809
34.58000000000143         0.6232643739572529
34.600000000001415        0.6646197678842165
34.620000000001426        0.6876440145865214
34.64000000000142         0.6981382781012936
34.660000000001425        0.7011023461868735
34.68000000000144         0.6982309651665258
34.70000000000143         0.6878137922695975
34.72000000000144         0.6648662141878687
34.74000000000145         0.6235770864536979
34.76000000000146         0.5649117457325605
34.780000000001465        0.5001743629350693
34.800000000001475        0.44021852366297176
34.820000000001485        0.38931548892323975
34.84000000000148         0.34748766301597545
34.86000000000149         0.3133942017612193
34.88000000000148         0.28556239880988993
34.90000000000149         0.2627309396832677
34.92000000000149         0.24389521022519697
34.94000000000149         0.22827368943156828
34.96000000000151         0.21526204488044973
34.98000000000149         0.2043915202408827
35.000000000001485        0.1953010737018927
35.020000000001495        0.18770587679665116
35.04000000000149         0.18138410769327856
35.0600000000015          0.17616184552782146
35.08000000000149         0.17190290800141034
35.100000000001494        0.1685013064681781
35.12000000000149         0.16587567226835476
35.14000000000151         0.16396518567469692
35.1600000000015          0.16272661851605152
35.180000000001506        0.16213229540975033
35.20000000000151         0.16216879776382276
35.220000000001505        0.16283636674741375
35.24000000000151         0.16414888255826213
35.26000000000152         0.16613462489342146
35.28000000000153         0.16883738880751045
35.30000000000152         0.17231863132913058
35.32000000000152         0.1766604187850898
35.34000000000152         0.18196955233174547
35.36000000000153         0.18838319048248284
35.38000000000152         0.19607644509426642
35.40000000000153         0.2052726100222832
35.420000000001515        0.2162569201960462
35.440000000001525        0.22939503067592662
35.46000000000153         0.2451577047454959
35.48000000000152         0.2641533159579145
35.50000000000153         0.2871690403297416
35.520000000001524        0.3152185407913913
35.54000000000153         0.3495646320495905
35.56000000000153         0.3916931638322071
35.58000000000153         0.44295503839053524
35.600000000001515        0.5033331219110845
35.620000000001525        0.5685440037051899
35.64000000000152         0.6276866018009701
35.66000000000151         0.6693809248030184
35.68000000000152         0.6926164167352048
35.70000000000151         0.7032139769892952
35.72000000000151         0.706209325497379
35.740000000001515        0.7033122236535332
35.76000000000152         0.6927909169887169
35.780000000001536        0.6695538906936414
35.80000000000154         0.6280280807621053
35.820000000001535        0.5689472338188709
35.84000000000155         0.5037860366766459
35.86000000000156         0.4434516088311421
35.88000000000156         0.39223260238735125
35.900000000001555        0.3501487841233071
35.92000000000158         0.3158501404225291
35.940000000001554        0.2878542500282537
35.960000000001564        0.26489141051996573
35.98000000000157         0.24595025708914714
36.00000000000156         0.23024400251788052
36.020000000001566        0.21716423884991976
36.04000000000157         0.20624005769997747
36.06000000000157         0.19710496717091172
36.08000000000157         0.1894752281287322
36.10000000000158         0.18312653039011606
36.120000000001575        0.17788379870645868
36.14000000000158         0.17360996084221267
36.16000000000158         0.17019834855609764
36.18000000000158         0.1675670756866264
36.20000000000159         0.16565491413614122
36.220000000001576        0.16441833554834367
36.2400000000016          0.16382949053124754
36.26000000000159         0.1638749336441782
36.28000000000158         0.16455500196887013
36.300000000001596        0.1658837978177557
36.32000000000159         0.16788982112240453
36.340000000001595        0.1706171814579836
36.3600000000016          0.17412801292438074
36.3800000000016          0.1785050050714772
36.4000000000016          0.18385584483680148
36.4200000000016          0.19031882246747722
36.440000000001604        0.19807049104269195
36.46000000000161         0.20733597999434436
36.4800000000016          0.21840286724688365
36.50000000000161         0.23163980870699594
36.52000000000161         0.24752142463736715
36.54000000000162         0.26666105739426127
36.56000000000162         0.28985227788023515
36.58000000000161         0.318116188779301
36.600000000001614        0.35273706166079466
36.62000000000161         0.39518271810346267
36.640000000001606        0.44684335626713845
36.660000000001595        0.5076955574195263
36.68000000000159         0.5734340949444435
36.70000000000159         0.6330917720638907
36.720000000001576        0.6751944944034812
36.74000000000157         0.6986829475718048
36.76000000000157         0.7094036330564416
36.78000000000159         0.7124356166383845
36.80000000000158         0.7095062778723915
36.820000000001585        0.6988660137521795
36.84000000000159         0.6753803747545937
36.8600000000016          0.6332807009104138
36.88000000000164         0.5738699605666014
36.900000000001626        0.5081975293179699
36.92000000000163         0.4474080863169389
36.94000000000163         0.3958107837565595
36.960000000001635        0.35342184658768205
36.98000000000163         0.318879934811805
37.000000000001634        0.2906907147209275
37.020000000001644        0.26757423588557616
37.04000000000164         0.2485108978093611
37.06000000000165         0.23270745697477563
37.080000000001654        0.21955051180316296
37.10000000000163         0.20856530623366967
37.12000000000165         0.19938307019489188
37.14000000000164         0.19171615830670385
37.160000000001645        0.18533910618055938
37.180000000001655        0.18007616382259498
37.20000000000167         0.175788681307539
37.220000000001654        0.172369141118854
37.24000000000166         0.16973506206465447
37.26000000000166         0.16782482371503488
37.280000000001664        0.1665946329936699
37.30000000000166         0.16601644488410827
37.32000000000167         0.16607672586777902
37.340000000001666        0.16677585785247748
37.36000000000166         0.1681281629213779
37.38000000000167         0.17016252276690338
37.40000000000167         0.17292368036551395
37.420000000001664        0.17647431665033564
37.44000000000167         0.1808978686143029
37.46000000000166         0.18630351172513207
37.48000000000168         0.19283084700980369
37.50000000000168         0.20065828179123502
37.52000000000169         0.21001330482164998
37.540000000001676        0.2211865035851217
37.56000000000167         0.2345503862822948
37.58000000000168         0.2505845215479265
37.60000000000168         0.2699086227666273
37.62000000000168         0.2933244544705129
37.640000000001685        0.32186356475405564
37.66000000000168         0.3568231958139545
37.680000000001684        0.3997217173052653
37.700000000001694        0.4518562729255863
37.720000000001676        0.5133147197892279
37.740000000001665        0.5797294966718415
37.76000000000167         0.640051122460783
37.780000000001664        0.6826846023842151
37.800000000001674        0.7065037039820428
37.82000000000166         0.7173856719835117
37.840000000001666        0.7204656922174827
37.86000000000167         0.7174945055117873
37.88000000000169         0.706699825680014
37.900000000001675        0.6828923660690601
37.920000000001686        0.6402761665488906
37.94000000000169         0.580215785303715
37.96000000000171         0.5140102798776416
37.980000000001716        0.4525286901355656
38.00000000000171         0.40045275727404933
38.020000000001716        0.35767946455650385
38.04000000000172         0.32283269155130034
38.060000000001715        0.2944026745932195
38.080000000001725        0.27109621444425114
38.10000000000172         0.2518830410995463
38.120000000001724        0.23596151222425676
38.14000000000173         0.22271186198421977
38.16000000000174         0.21165443953018134
38.18000000000173         0.20241668081095443
38.20000000000172         0.19470794025412774
38.220000000001725        0.18830070440771365
38.240000000001736        0.1830166369431616
38.26000000000172         0.17871600756969955
38.28000000000173         0.17529065548453165
38.30000000000173         0.17265709926774322
38.320000000001734        0.17075313038275136
38.34000000000175         0.16953453194943321
38.36000000000174         0.16897307822890303
38.380000000001736        0.16905524179862658
38.40000000000174         0.16978153942770186
38.42000000000174         0.17116657083257822
38.44000000000174         0.1732396439524073
38.460000000001735        0.17604615587499728
38.48000000000176         0.17964970363484292
38.500000000001755        0.18413514201342696
38.52000000000175         0.18961251097239407
38.54000000000175         0.19622399819088512
38.56000000000175         0.20415023934383164
38.58000000000175         0.21362183764086579
38.60000000000176         0.22493335349194285
38.62000000000176         0.23846238129447794
38.64000000000176         0.25469502386202325
38.660000000001766        0.2742594073413972
38.68000000000176         0.29796811414854935
38.70000000000176         0.32686647916102307
38.72000000000177         0.36226885716735696
38.740000000001764        0.4057134270738129
38.76000000000176         0.4586013346578369
38.780000000001756        0.5208843528583857
38.800000000001745        0.5880732169864412
38.82000000000174         0.6492729623117596
38.840000000001744        0.692613392618418
38.86000000000174         0.7168749323827748
38.88000000000174         0.7279730190075265
38.90000000000175         0.7311175036852987
38.92000000000174         0.7280910316814889
38.940000000001746        0.7170921516934283
38.96000000000175         0.6928600411209397
38.98000000000178         0.6495638974553294
39.00000000000177         0.5886584948680674
39.02000000000178         0.5216003742251576
39.04000000000179         0.45945165673948196
39.06000000000179         0.40670682108038986
39.08000000000179         0.36340413160064655
39.10000000000179         0.3281694445430763
39.120000000001816        0.29943615849892874
39.1400000000018          0.2758933246157145
39.1600000000018          0.2564965261503821
39.180000000001804        0.24043314661001572
39.20000000000181         0.22707478495056238
39.22000000000182         0.21593507927994585
39.24000000000182         0.20663628528395528
39.26000000000182         0.19888382645895994
39.28000000000181         0.19244719907953572
39.30000000000183         0.18714574908826798
39.32000000000181         0.18283809217374516
39.34000000000181         0.17941417295649204
39.36000000000182         0.1767898989863189
39.38000000000182         0.1749021650458585
39.40000000000181         0.1737063239234509
39.42000000000182         0.17317393335912754
39.44000000000184         0.17329144393397777
39.46000000000183         0.1740595777742867
39.480000000001816        0.1754933508550838
39.50000000000184         0.1776227434180876
39.52000000000183         0.18049408062538813
39.54000000000183         0.18417220990679928
39.560000000001835        0.18874362682947493
39.58000000000185         0.19432080543929853
39.60000000000184         0.20104811859302005
39.62000000000184         0.20910914646807763
39.64000000000185         0.21873993775364822
39.660000000001844        0.23024010577769494
39.68000000000185         0.24399433563079231
39.70000000000185         0.2604978511782259
39.72000000000185         0.28039053972777755
39.74000000000186         0.30450013537321946
39.76000000000187         0.33389132804964833
39.780000000001856        0.36990256900347745
39.80000000000186         0.4141000403871261
39.820000000001855        0.4679114758877199
39.84000000000184         0.531296742337942
39.86000000000183         0.5997141769207784
39.88000000000181         0.6619537425912173
39.900000000001796        0.7064382191751934
39.9200000000018          0.7313044671879222
39.9400000000018          0.7426966082051081
39.960000000001806        0.7459271214726848
39.980000000001816        0.7428221329594379
40.00000000000182         0.7315400396844832
40.02000000000182         0.7067226733513222
40.04000000000185         0.6624947746046288
40.06000000000185         0.6004401243986894
40.080000000001874        0.5322336148980866
40.10000000000186         0.46908318825112055
40.120000000001866        0.41552584687248145
40.140000000001876        0.3715964757146607
40.16000000000187         0.3358636041777436
40.180000000001876        0.3067587748138748
40.200000000001886        0.28293660136654475
40.220000000001875        0.263332716838035
40.24000000000188         0.24711901550818283
40.26000000000189         0.23365516287314142
40.280000000001884        0.2224456313365552
40.30000000000188         0.2131056324149272
40.32000000000188         0.20533514876652897
40.34000000000188         0.19889947529280141
40.36000000000188         0.1936147224524687
40.3800000000019          0.18933705183182173
40.40000000000191         0.18595468055886846
40.420000000001885        0.18338196351018704
40.44000000000189         0.1815550158925558
40.46000000000189         0.18042877468397184
40.48000000000189         0.1799745673388456
40.50000000000189         0.18017902306435166
40.52000000000189         0.18104340437843797
40.540000000001896        0.18258359181473047
40.5600000000019          0.18483087432607417
40.5800000000019          0.18783332068662995
40.600000000001906        0.19165795802299068
40.6200000000019          0.19639404264047094
40.640000000001905        0.20215762203127266
40.66000000000191         0.20909763058850153
40.68000000000191         0.21740411841548954
40.70000000000191         0.2273193719575506
40.720000000001924        0.23915134210518868
40.74000000000191         0.2532990700703285
40.760000000001924        0.27027207644898227
40.78000000000192         0.2907300118435369
40.800000000001916        0.3155260503488804
40.82000000000192         0.3457573503399793
40.840000000001915        0.3828027290485685
40.860000000001904        0.42827519516843465
40.880000000001914        0.4836468636731059
40.90000000000192         0.5488914147131915
40.9200000000019          0.6193872605039268
40.9400000000019          0.6836741593158976
40.96000000000189         0.7297105097806529
40.98000000000189         0.7557111483123168
41.0000000000019          0.7676093243409091
41.0200000000019          0.7709943991852465
41.0400000000019          0.7677733785893116
41.06000000000191         0.756048708581959
41.08000000000191         0.7303160069589308
41.10000000000192         0.6846456171043224
41.12000000000193         0.6208536744099229
41.14000000000193         0.5509855230028368
41.16000000000193         0.486482935048992
41.18000000000195         0.4319382040944464
41.20000000000195         0.38735277193719875
41.22000000000195         0.3512381529848757
41.24000000000195         0.3219720043276225
41.260000000001945        0.29817443341796585
41.28000000000195         0.27873939805035264
41.30000000000196         0.2628187892185312
41.320000000001954        0.24975561928851625
41.34000000000195         0.239042960248324
41.36000000000197         0.230288765410686
41.38000000000196         0.22318909939865098
41.40000000000195         0.21750798498883253
41.420000000001956        0.21306252726551422
41.44000000000196         0.2097118511510775
41.460000000001955        0.2073489793085875
41.48000000000197         0.20589485502451607
41.50000000000197         0.20529401461207786
41.520000000001964        0.2055115538259344
41.54000000000198         0.20653117306038135
41.550000000000004        0.2073414919572576
